,ICU0,ICU1,ICU2,ICU3,ICU4,ICU5,ICU6,ICU7,ICU8,ICU9,ICU10,ICU11,ICU12,ICU13,ICU14,ICU15,ICU16,ICU17,ICU18,ICU19,ICU20,ICU21,ICU22,ICU23,ICU24,ICU25,ICU26,ICU27,ICU28,ICU29,ICU30,ICU31,ICU32,ICU33,ICU34,ICU35,ICU36,ICU37,ICU38,ICU39,ICU40,ICU41,ICU42,ICU43,ICU44,ICU45,ICU46,ICU47,ICU48,ICU49,ICU50,ICU51,ICU52,ICU53,ICU54,ICU55,ICU56,ICU57,ICU58,ICU59,ICU60,ICU61,ICU62,ICU63,ICU64,ICU65,ICU66,ICU67,ICU68,ICU69,ICU70,ICU71,ICU72,ICU73,ICU74,ICU75,ICU76,ICU77,ICU78,ICU79,ICU80,ICU81,ICU82,ICU83,ICU84,ICU85,ICU86,ICU87,ICU88,ICU89,ICU90,ICU91,ICU92,ICU93,ICU94,ICU95
0,0,0,0,0,0,0,0,0,0,0,0,0,0,0,0,0,0,0,0,0,0,0,0,0,0,0,0,0,0,0,0,0,0,0,0,0,0,0,0,0,0,0,0,0,0,0,0,0,0,0,0,0,0,0,0,0,0,0,0,0,0,0,0,0,0,0,0,0,0,0,0,0,0,0,0,0,0,0,0,0,0,0,0,0,0,0,0,0,0,0,0,0,0,0,0,0
1,0,0,0,0,0,0,0,0,0,0,0,0,0,0,0,0,0,0,0,0,0,0,0,0,0,0,0,0,0,0,0,0,0,0,0,0,0,0,0,0,0,0,0,0,0,0,0,0,0,0,0,0,0,0,0,0,0,0,0,0,0,0,0,0,0,0,0,0,0,0,0,0,0,0,0,0,0,0,0,0,0,0,0,0,0,0,0,0,0,0,0,0,0,0,0,0
2,0,0,0,0,0,0,0,0,0,0,0,0,0,0,0,0,0,0,0,0,0,0,0,0,0,0,0,0,0,0,0,0,0,0,0,0,0,0,0,0,0,0,0,0,0,0,0,0,0,0,0,0,0,0,0,0,0,0,0,0,0,0,0,0,0,0,0,0,0,0,0,0,0,0,0,0,0,0,0,0,0,0,0,0,0,0,0,0,0,0,0,0,0,0,0,0
3,0,0,0,0,0,0,0,0,0,0,0,0,0,0,0,0,0,0,0,0,0,0,0,0,0,0,0,0,0,0,0,0,0,0,0,0,0,0,0,0,0,0,0,0,0,0,0,0,0,0,0,0,0,0,0,0,0,0,0,0,0,0,0,0,0,0,0,0,0,0,0,0,0,0,0,0,0,0,0,0,0,0,0,0,0,0,0,0,0,0,0,0,0,0,0,0
4,0,0,0,0,0,0,0,0,0,0,0,0,0,0,0,0,0,0,0,0,0,0,0,0,0,0,0,0,0,0,0,0,0,0,0,0,0,0,0,0,0,0,0,0,0,0,0,0,0,0,0,0,0,0,0,0,0,0,0,0,0,0,0,0,0,0,0,0,0,0,0,0,0,0,0,0,0,0,0,0,0,0,0,0,0,0,0,0,0,0,0,0,0,0,0,0
5,0,0,0,0,0,0,0,0,0,0,0,0,0,0,0,0,0,0,0,0,0,0,0,0,0,0,0,0,0,0,0,0,0,0,0,0,0,0,0,0,0,0,0,0,0,0,0,0,0,0,0,0,0,0,0,0,0,0,0,0,0,0,0,0,0,0,0,0,0,0,0,0,0,0,0,0,0,0,0,0,0,0,0,0,0,0,0,0,0,0,0,0,0,0,0,0
6,0,0,0,0,0,0,0,0,0,0,0,0,0,0,0,0,0,0,0,0,0,0,0,0,0,0,0,0,0,0,0,0,0,0,0,0,0,0,0,0,0,0,0,0,0,0,0,0,0,0,0,0,0,0,0,0,0,0,0,0,0,0,0,0,0,0,0,0,0,0,0,0,0,0,0,0,0,0,0,0,0,0,0,0,0,0,0,0,0,0,0,0,0,0,0,0
7,0,0,0,0,0,0,0,0,0,0,0,0,0,0,0,0,0,0,0,0,0,0,0,0,0,0,0,0,0,0,0,0,0,0,0,0,0,0,0,0,0,0,0,0,0,0,0,0,0,0,0,0,0,0,0,0,0,0,0,0,0,0,0,0,0,0,0,0,0,0,0,0,0,0,0,0,0,0,0,0,0,0,0,0,0,0,0,0,0,0,0,0,0,0,0,0
8,0,0,0,0,0,0,0,0,0,0,0,0,0,0,0,0,0,0,0,0,0,0,0,0,0,0,0,0,0,0,0,0,0,0,0,0,0,0,0,0,0,0,0,0,0,0,0,0,0,0,0,0,0,0,0,0,0,0,0,0,0,0,0,0,0,0,0,0,0,0,0,0,0,0,0,0,0,0,0,0,0,0,0,0,0,0,0,0,0,0,0,0,0,0,0,0
9,0,0,0,0,0,0,0,0,0,0,0,0,0,0,0,0,0,0,0,0,0,0,0,0,0,0,0,0,0,0,0,0,0,0,0,0,0,0,0,0,0,0,0,0,0,0,0,0,0,0,0,0,0,0,0,0,0,0,0,0,0,0,0,0,0,0,0,0,0,0,0,0,0,0,0,0,0,0,0,0,0,0,0,0,0,0,0,0,0,0,0,0,0,0,0,0
10,0,0,0,0,0,0,0,0,0,0,0,0,0,0,0,0,0,0,0,0,0,0,0,0,0,0,0,0,0,0,0,0,0,0,0,0,0,0,0,0,0,0,0,0,0,0,0,0,0,0,0,0,0,0,0,0,0,0,0,0,0,0,0,0,0,0,0,0,0,0,0,0,0,0,0,0,0,0,0,0,0,0,0,0,0,0,0,0,0,0,0,0,0,0,0,0
11,0,0,0,0,0,0,0,0,0,0,0,0,0,0,0,0,0,0,0,0,0,0,0,0,0,0,0,0,0,0,0,0,0,0,0,0,0,0,0,0,0,0,0,0,0,0,0,0,0,0,0,0,0,0,0,0,0,0,0,0,0,0,0,0,0,0,0,0,0,0,0,0,0,0,0,0,0,0,0,0,0,0,0,0,0,0,0,0,0,0,0,0,0,0,0,0
12,0,0,0,0,0,0,0,0,0,0,0,0,0,0,0,0,0,0,0,0,0,0,0,0,0,0,0,0,0,0,0,0,0,0,0,0,0,0,0,0,0,0,0,0,0,0,0,0,0,0,0,0,0,0,0,0,0,0,0,0,0,0,0,0,0,0,0,0,0,0,0,0,0,0,0,0,0,0,0,0,0,0,0,0,0,0,0,0,0,0,0,0,0,0,0,0
13,0,0,0,0,0,0,0,0,0,0,0,0,0,0,0,0,0,0,0,0,0,0,0,0,0,0,0,0,0,0,0,0,0,0,0,0,0,0,0,0,0,0,0,0,0,0,0,0,0,0,0,0,0,0,0,0,0,0,0,0,0,0,0,0,0,0,0,0,0,0,0,0,0,0,0,0,0,0,0,0,0,0,0,0,0,0,0,0,0,0,0,0,0,0,0,0
14,0,0,0,0,0,0,0,0,0,0,0,0,0,0,0,0,0,0,0,0,0,0,0,0,0,0,0,0,0,0,0,0,0,0,0,0,0,0,0,0,0,0,0,0,0,0,0,0,0,0,0,0,0,0,0,0,0,0,0,0,0,0,0,0,0,0,0,0,0,0,0,0,0,0,0,0,0,0,0,0,0,0,0,0,0,0,0,0,0,0,0,0,0,0,0,0
15,0,0,0,0,0,0,0,0,0,0,0,0,0,0,0,0,0,0,0,0,0,0,0,0,0,0,0,0,0,0,0,0,0,0,0,0,0,0,0,0,0,0,0,0,0,0,0,0,0,0,0,0,0,0,0,0,0,0,0,0,0,0,0,0,0,0,0,0,0,0,0,0,0,0,0,0,0,0,0,0,0,0,0,0,0,0,0,0,0,0,0,0,0,0,0,0
16,0,0,0,0,0,0,0,0,0,0,0,0,0,0,0,0,0,0,0,0,0,0,0,0,0,0,0,0,0,0,0,0,0,0,0,0,0,0,0,0,0,0,0,0,0,0,0,0,0,0,0,0,0,0,0,0,0,0,0,0,0,0,0,0,0,0,0,0,0,0,0,0,0,0,0,0,0,0,0,0,0,0,0,0,0,0,0,0,0,0,0,0,0,0,0,0
17,0,0,0,0,0,0,0,0,0,0,0,0,0,0,0,0,0,0,0,0,0,0,0,0,0,0,0,0,0,0,0,0,0,0,0,0,0,0,0,0,0,0,0,0,0,0,0,0,0,0,0,0,0,0,0,0,0,0,0,0,0,0,0,0,0,0,0,0,0,0,0,0,0,0,0,0,0,0,0,0,0,0,0,0,0,0,0,0,0,0,0,0,0,0,0,0
18,0,0,0,0,0,0,0,0,0,0,0,0,0,0,0,0,0,0,0,0,0,0,0,0,0,0,0,0,0,0,0,0,0,0,0,0,0,0,0,0,0,0,0,0,0,0,0,0,0,0,0,0,0,0,0,0,0,0,0,0,0,0,0,0,0,0,0,0,0,0,0,0,0,0,0,0,0,0,0,0,0,0,0,0,0,0,0,0,0,0,0,0,0,0,0,0
19,0,0,0,0,0,0,0,0,0,0,0,0,0,0,0,0,0,0,0,0,0,0,0,0,0,0,0,0,0,0,0,0,0,0,0,0,0,0,0,0,0,0,0,0,0,0,0,0,0,0,0,0,0,0,0,0,0,0,0,0,0,0,0,0,0,0,0,0,0,0,0,0,0,0,0,0,0,0,0,0,0,0,0,0,0,0,0,0,0,0,0,0,0,0,0,0
20,0,0,0,0,0,0,0,0,0,0,0,0,0,0,0,0,0,0,0,0,0,0,0,0,0,0,0,0,0,0,0,0,0,0,0,0,0,0,0,0,0,0,0,0,0,0,0,0,0,0,0,0,0,0,0,0,0,0,0,0,0,0,0,0,0,0,0,0,0,0,0,0,0,0,0,0,0,0,0,0,0,0,0,0,0,0,0,0,0,0,0,0,0,0,0,0
21,0,0,0,0,0,0,0,0,0,0,0,0,0,0,0,0,0,0,0,0,0,0,0,0,0,0,0,0,0,0,0,0,0,0,0,0,0,0,0,0,0,0,0,0,0,0,0,0,0,0,0,0,0,0,0,0,0,0,0,0,0,0,0,0,0,0,0,0,0,0,0,0,0,0,0,0,0,0,0,0,0,0,0,0,0,0,0,0,0,0,0,0,0,0,0,0
22,0,0,0,0,0,0,0,0,0,0,0,0,0,0,0,0,0,0,0,0,0,0,0,0,0,0,0,0,0,0,0,0,0,0,0,0,0,0,0,0,0,0,0,0,0,0,0,0,0,0,0,0,0,0,0,0,0,0,0,0,0,0,0,0,0,0,0,0,0,0,0,0,0,0,0,0,0,0,0,0,0,0,0,0,0,0,0,0,0,0,0,0,0,0,0,0
23,0,0,0,0,0,0,0,0,0,0,0,0,0,0,0,0,0,0,0,0,0,0,0,0,0,0,0,0,0,0,0,0,0,0,0,0,0,0,0,0,0,0,0,0,0,0,0,0,0,0,0,0,0,0,0,0,0,0,0,0,0,0,0,0,0,0,0,0,0,0,0,0,0,0,0,0,0,0,0,0,0,0,0,0,0,0,0,0,0,0,0,0,0,0,0,0
24,0,0,0,0,0,0,0,0,0,0,0,0,0,0,0,0,0,0,0,0,0,0,0,0,0,0,0,0,0,0,0,0,0,0,0,0,0,0,0,0,0,0,0,0,0,0,0,0,0,0,0,0,0,0,0,0,0,0,0,0,0,0,0,0,0,0,0,0,0,0,0,0,0,0,0,0,0,0,0,0,0,0,0,0,0,0,0,0,0,0,0,0,0,0,0,0
25,0,0,0,0,0,0,0,0,0,0,0,0,0,0,0,0,0,0,0,0,0,0,0,0,0,0,0,0,0,0,0,0,0,0,0,0,0,0,0,0,0,0,0,0,0,0,0,0,0,0,0,0,0,0,0,0,0,0,0,0,0,0,0,0,0,0,0,0,0,0,0,0,0,0,0,0,0,0,0,0,0,0,0,0,0,0,0,0,0,0,0,0,0,0,0,0
26,0,0,0,0,0,0,0,0,0,0,0,0,0,0,0,0,0,0,0,0,0,0,0,0,0,0,0,0,0,0,0,0,0,0,0,0,0,0,0,0,0,0,0,0,0,0,0,0,0,0,0,0,0,0,0,0,0,0,0,0,0,0,0,0,0,0,0,0,0,0,0,0,0,0,0,0,0,0,0,0,0,0,0,0,0,0,0,0,0,0,0,0,0,0,0,0
27,0,0,0,0,0,0,0,0,0,0,0,0,0,0,0,0,0,0,0,0,0,0,0,0,0,0,0,0,0,0,0,0,0,0,0,0,0,0,0,0,0,0,0,0,0,0,0,0,0,0,0,0,0,0,0,0,0,0,0,0,0,0,0,0,0,0,0,0,0,0,0,0,0,0,0,0,0,0,0,0,0,0,0,0,0,0,0,0,0,0,0,0,0,0,0,0
28,0,0,0,0,0,0,0,0,0,0,0,0,0,0,0,0,0,0,0,0,0,0,0,0,0,0,0,0,0,0,0,0,0,0,0,0,0,0,0,0,0,0,0,0,0,0,0,0,0,0,0,0,0,0,0,0,0,0,0,0,0,0,0,0,0,0,0,0,0,0,0,0,0,0,0,0,0,0,0,0,0,0,0,0,0,0,0,0,0,0,0,0,0,0,0,0
29,0,0,0,0,0,0,0,0,0,0,0,0,0,0,0,0,0,0,0,0,0,0,0,0,0,0,0,0,0,0,0,0,0,0,0,0,0,0,0,0,0,0,0,0,0,0,0,0,0,0,0,0,0,0,0,0,0,0,0,0,0,0,0,0,0,0,0,0,0,0,0,0,0,0,0,0,0,0,0,0,0,0,0,0,0,0,0,0,0,0,0,0,0,0,0,0
30,0,0,0,0,0,0,0,0,0,0,0,0,0,0,0,0,0,0,0,0,0,0,0,0,0,0,0,0,0,0,0,0,0,0,0,0,0,0,0,0,0,0,0,0,0,0,0,0,0,0,0,0,0,0,0,0,0,0,0,0,0,0,0,0,0,0,0,0,0,0,0,0,0,0,0,0,0,0,0,0,0,0,0,0,0,0,0,0,0,0,0,0,0,0,0,0
31,0,0,0,0,0,0,0,0,0,0,0,0,0,0,0,0,0,0,0,0,0,0,0,0,0,0,0,0,0,0,0,0,0,0,0,0,0,0,0,0,0,0,0,0,0,0,0,0,0,0,0,0,0,0,0,0,0,0,0,0,0,0,0,0,0,0,0,0,0,0,0,0,0,0,0,0,0,0,0,0,0,0,0,0,0,0,0,0,0,0,0,0,0,0,0,0
32,0,0,0,0,0,0,0,0,0,0,0,0,0,0,0,0,0,0,0,0,0,0,0,0,0,0,0,0,0,0,0,0,0,0,0,0,0,0,0,0,0,0,0,0,0,0,0,0,0,0,0,0,0,0,0,0,0,0,0,0,0,0,0,0,0,0,0,0,0,0,0,0,0,0,0,0,0,0,0,0,0,0,0,0,0,0,0,0,0,0,0,0,0,0,0,0
33,0,0,0,0,0,0,0,0,0,0,0,0,0,0,0,0,0,0,0,0,0,0,0,0,0,0,0,0,0,0,0,0,0,0,0,0,0,0,0,0,0,0,0,0,0,0,0,0,0,0,0,0,0,0,0,0,0,0,0,0,0,0,0,0,0,0,0,0,0,0,0,0,0,0,0,0,0,0,0,0,0,0,0,0,0,0,0,0,0,0,0,0,0,0,0,0
34,0,0,0,0,0,0,0,0,0,0,0,0,0,0,0,0,0,0,0,0,0,0,0,0,0,0,0,0,0,0,0,0,0,0,0,0,0,0,0,0,0,0,0,0,0,0,0,0,0,0,0,0,0,0,0,0,0,0,0,0,0,0,0,0,0,0,0,0,0,0,0,0,0,0,0,0,0,0,0,0,0,0,0,0,0,0,0,0,0,0,0,0,0,0,0,0
35,0,0,0,0,0,0,0,0,0,0,0,0,0,0,0,0,0,0,0,0,0,0,0,0,0,0,0,0,0,0,0,0,0,0,0,0,0,0,0,0,0,0,0,0,0,0,0,0,0,0,0,0,0,0,0,0,0,0,0,0,0,0,0,0,0,0,0,0,0,0,0,0,0,0,0,0,0,0,0,0,0,0,0,0,0,0,0,0,0,0,0,0,0,0,0,0
36,0,0,0,0,0,0,0,0,0,0,0,0,0,0,0,0,0,0,0,0,0,0,0,0,0,0,0,0,0,0,0,0,0,0,0,0,0,0,0,0,0,0,0,0,0,0,0,0,0,0,0,0,0,0,0,0,0,0,0,0,0,0,0,0,0,0,0,0,0,0,0,0,0,0,0,0,0,0,0,0,0,0,0,0,0,0,0,0,0,0,0,0,0,0,0,0
37,0,0,0,0,0,0,0,0,0,0,0,0,0,0,0,0,0,0,0,0,0,0,0,0,0,0,0,0,0,0,0,0,0,0,0,0,0,0,0,0,0,0,0,0,0,0,0,0,0,0,0,0,0,0,0,0,0,0,0,0,0,0,0,0,0,0,0,0,0,0,0,0,0,0,0,0,0,0,0,0,0,0,0,0,0,0,0,0,0,0,0,0,0,0,0,0
38,0,0,0,0,0,0,0,0,0,0,0,0,0,0,0,0,0,0,0,0,0,0,0,0,0,0,0,0,0,0,0,0,0,0,0,0,0,0,0,0,0,0,0,0,0,0,0,0,0,0,0,0,0,0,0,0,0,0,0,0,0,0,0,0,0,0,0,0,0,0,0,0,0,0,0,0,0,0,0,0,0,0,0,0,0,0,0,0,0,0,0,0,0,0,0,0
39,0,0,0,0,0,0,0,0,0,0,0,0,0,0,0,0,0,0,0,0,0,0,0,0,0,0,0,0,0,0,0,0,0,0,0,0,0,0,0,0,0,0,0,0,0,0,0,0,0,0,0,0,0,0,0,0,0,0,0,0,0,0,0,0,0,0,0,0,0,0,0,0,0,0,0,0,0,0,0,0,0,0,0,0,0,0,0,0,0,0,0,0,0,0,0,0
40,0,0,0,0,0,0,0,0,0,0,0,0,0,0,0,0,0,0,0,0,0,0,0,0,0,0,0,0,0,0,0,0,0,0,0,0,0,0,0,0,0,0,0,0,0,0,0,0,0,0,0,0,0,0,0,0,0,0,0,0,0,0,0,0,0,0,0,0,0,0,0,0,0,0,0,0,0,0,0,0,0,0,0,0,0,0,0,0,0,0,0,0,0,0,0,0
41,0,0,0,0,0,0,0,0,0,0,0,0,0,0,0,0,0,0,0,0,0,0,0,0,0,0,0,0,0,0,0,0,0,0,0,0,0,0,0,0,0,0,0,0,0,0,0,0,0,0,0,0,0,0,0,0,0,0,0,0,0,0,0,0,0,0,0,0,0,0,0,0,0,0,0,0,0,0,0,0,0,0,0,0,0,0,0,0,0,0,0,0,0,0,0,0
42,0,0,0,0,0,0,0,0,0,0,0,0,0,0,0,0,0,0,0,0,0,0,0,0,0,0,0,0,0,0,0,0,0,0,0,0,0,0,0,0,0,0,0,0,0,0,0,0,0,0,0,0,0,0,0,0,0,0,0,0,0,0,0,0,0,0,0,0,0,0,0,0,0,0,0,0,0,0,0,0,0,0,0,0,0,0,0,0,0,0,0,0,0,0,0,0
43,0,0,0,0,0,0,0,0,0,0,0,0,0,0,0,0,0,0,0,0,0,0,0,0,0,0,0,0,0,0,0,0,0,0,0,0,0,0,0,0,0,0,0,0,0,0,0,0,0,0,0,0,0,0,0,0,0,0,0,0,0,0,0,0,0,0,0,0,0,0,0,0,0,0,0,0,0,0,0,0,0,0,0,0,0,0,0,0,0,0,0,0,0,0,0,0
44,0,0,0,0,0,0,0,0,0,0,0,0,0,0,0,0,0,0,0,0,0,0,0,0,0,0,0,0,0,0,0,0,0,0,0,0,0,0,0,0,0,0,0,0,0,0,0,0,0,0,0,0,0,0,0,0,0,0,0,0,0,0,0,0,0,0,0,0,0,0,0,0,0,0,0,0,0,0,0,0,0,0,0,0,0,0,0,0,0,0,0,0,0,0,0,0
45,0,0,0,0,0,0,0,0,0,0,0,0,0,0,0,0,0,0,0,0,0,0,0,0,0,0,0,0,0,0,0,0,0,0,0,0,0,0,0,0,0,0,0,0,0,0,0,0,0,0,0,0,0,0,0,0,0,0,0,0,0,0,0,0,0,0,0,0,0,0,0,0,0,0,0,0,0,0,0,0,0,0,0,0,0,0,0,0,0,0,0,0,0,0,0,0
46,0,0,0,0,0,0,0,0,0,0,0,0,0,0,0,0,0,0,0,0,0,0,0,0,0,0,0,0,0,0,0,0,0,0,0,0,0,0,0,0,0,0,0,0,0,0,0,0,0,0,0,0,0,0,0,0,0,0,0,0,0,0,0,0,0,0,0,0,0,0,0,0,0,0,0,0,0,0,0,0,0,0,0,0,0,0,0,0,0,0,0,0,0,0,0,0
47,0,0,0,0,0,0,0,0,0,0,0,0,0,0,0,0,0,0,0,0,0,0,0,0,0,0,0,0,0,0,0,0,0,0,0,0,0,0,0,0,0,0,0,0,0,0,0,0,0,0,0,0,0,0,0,0,0,0,0,0,0,0,0,0,0,0,0,0,0,0,0,0,0,0,0,0,0,0,0,0,0,0,0,0,0,0,0,0,0,0,0,0,0,0,0,0
48,0,0,0,0,0,0,0,0,0,0,0,0,0,0,0,0,0,0,0,0,0,0,0,0,0,0,0,0,0,0,0,0,0,0,0,0,0,0,0,0,0,0,0,0,0,0,0,0,0,0,0,0,0,0,0,0,0,0,0,0,0,0,0,0,0,0,0,0,0,0,0,0,0,0,0,0,0,0,0,0,0,0,0,0,0,0,0,0,0,0,0,0,0,0,0,0
49,0,0,0,0,0,0,0,0,0,0,0,0,0,0,0,0,0,0,0,0,0,0,0,0,0,0,0,0,0,0,0,0,0,0,0,0,0,0,0,0,0,0,0,0,0,0,0,0,0,0,0,0,0,0,0,0,0,0,0,0,0,0,0,0,0,0,0,0,0,0,0,0,0,0,0,0,0,0,0,0,0,0,0,0,0,0,0,0,0,0,0,0,0,0,0,0
50,0,0,0,0,0,0,0,0,0,0,0,0,0,0,0,0,0,0,0,0,0,0,0,0,0,0,0,0,0,0,0,0,0,0,0,0,0,0,0,0,0,0,0,0,0,0,0,0,0,0,0,0,0,0,0,0,0,0,0,0,0,0,0,0,0,0,0,0,0,0,0,0,0,0,0,0,0,0,0,0,0,0,0,0,0,0,0,0,0,0,0,0,0,0,0,0
51,0,0,0,0,0,0,0,0,0,0,0,0,0,0,0,0,0,0,0,0,0,0,0,0,0,0,0,0,0,0,0,0,0,0,0,0,0,0,0,0,0,0,0,0,0,0,0,0,0,0,0,0,0,0,0,0,0,0,0,0,0,0,0,0,0,0,0,0,0,0,0,0,0,0,0,0,0,0,0,0,0,0,0,0,0,0,0,0,0,0,0,0,0,0,0,0
52,0,0,0,0,0,0,0,0,0,0,0,0,0,0,0,0,0,0,0,0,0,0,0,0,0,0,0,0,0,0,0,0,0,0,0,0,0,0,0,0,0,0,0,0,0,0,0,0,0,0,0,0,0,0,0,0,0,0,0,0,0,0,0,0,0,0,0,0,0,0,0,0,0,0,0,0,0,0,0,0,0,0,0,0,0,0,0,0,0,0,0,0,0,0,0,0
53,0,0,0,0,0,0,0,0,0,0,0,0,0,0,0,0,0,0,0,0,0,0,0,0,0,0,0,0,0,0,0,0,0,0,0,0,0,0,0,0,0,0,0,0,0,0,0,0,0,0,0,0,0,0,0,0,0,0,0,0,0,0,0,0,0,0,0,0,0,0,0,0,0,0,0,0,0,0,0,0,0,0,0,0,0,0,0,0,0,0,0,0,0,0,0,0
54,0,0,0,0,0,0,0,0,0,0,0,0,0,0,0,0,0,0,0,0,0,0,0,0,0,0,0,0,0,0,0,0,0,0,0,0,0,0,0,0,0,0,0,0,0,0,0,0,0,0,0,0,0,0,0,0,0,0,0,0,0,0,0,0,0,0,0,0,0,0,0,0,0,0,0,0,0,0,0,0,0,0,0,0,0,0,0,0,0,0,0,0,0,0,0,0
55,0,0,0,0,0,0,0,0,0,0,0,0,0,0,0,0,0,0,0,0,0,0,0,0,0,0,0,0,0,0,0,0,0,0,0,0,0,0,0,0,0,0,0,0,0,0,0,0,0,0,0,0,0,0,0,0,0,0,0,0,0,0,0,0,0,0,0,0,0,0,0,0,0,0,0,0,0,0,0,0,0,0,0,0,0,0,0,0,0,0,0,0,0,0,0,0
56,0,0,0,0,0,0,0,0,0,0,0,0,0,0,0,0,0,0,0,0,0,0,0,0,0,0,0,0,0,0,0,0,0,0,0,0,0,0,0,0,0,0,0,0,0,0,0,0,0,0,0,0,0,0,0,0,0,0,0,0,0,0,0,0,0,0,0,0,0,0,0,0,0,0,0,0,0,0,0,0,0,0,0,0,0,0,0,0,0,0,0,0,0,0,0,0
57,0,0,0,0,0,0,0,0,0,0,0,0,0,0,0,0,0,0,0,0,0,0,0,0,0,0,0,0,0,0,0,0,0,0,0,0,0,0,0,0,0,0,0,0,0,0,0,0,0,0,0,0,0,0,0,0,0,0,0,0,0,0,0,0,0,0,0,0,0,0,0,0,0,0,0,0,0,0,0,0,0,0,0,0,0,0,0,0,0,0,0,0,0,0,0,0
58,0,0,0,0,0,0,0,0,0,0,0,0,0,0,0,0,0,0,0,0,0,0,0,0,0,0,0,0,0,0,0,0,0,0,0,0,0,0,0,0,0,0,0,0,0,0,0,0,0,0,0,0,0,0,0,0,0,0,0,0,0,0,0,0,0,0,0,0,0,0,0,0,0,0,0,0,0,0,0,0,0,0,0,0,0,0,0,0,0,0,0,0,0,0,0,0
59,0,0,0,0,0,0,0,0,0,0,0,0,0,0,0,0,0,0,0,0,0,0,0,0,0,0,0,0,0,0,0,0,0,0,0,0,0,0,0,0,0,0,0,0,0,0,0,0,0,0,0,0,0,0,0,0,0,0,0,0,0,0,0,0,0,0,0,0,0,0,0,0,0,0,0,0,0,0,0,0,0,0,0,0,0,0,0,0,0,0,0,0,0,0,0,0
60,0,0,0,0,0,0,0,0,0,0,0,0,0,0,0,0,0,0,0,0,0,0,0,0,0,0,0,0,0,0,0,0,0,0,0,0,0,0,0,0,0,0,0,0,0,0,0,0,0,0,0,0,0,0,0,0,0,0,0,0,0,0,0,0,0,0,0,0,0,0,0,0,0,0,0,0,0,0,0,0,0,0,0,0,0,0,0,0,0,0,0,0,0,0,0,0
61,0,0,0,0,0,0,0,0,0,0,0,0,0,0,0,0,0,0,0,0,0,0,0,0,0,0,0,0,0,0,0,0,0,0,0,0,0,0,0,0,0,0,0,0,0,0,0,0,0,0,0,0,0,0,0,0,0,0,0,0,0,0,0,0,0,0,0,0,0,0,0,0,0,0,0,0,0,0,0,0,0,0,0,0,0,0,0,0,0,0,0,0,0,0,0,0
62,0,0,0,0,0,0,0,0,0,0,0,0,0,0,0,0,0,0,0,0,0,0,0,0,0,0,0,0,0,0,0,0,0,0,0,0,0,0,0,0,0,0,0,0,0,0,0,0,0,0,0,0,0,0,0,0,0,0,0,0,0,0,0,0,0,0,0,0,0,0,0,0,0,0,0,0,0,0,0,0,0,0,0,0,0,0,0,0,0,0,0,0,0,0,0,0
63,0,0,0,0,0,0,0,0,0,0,0,0,0,0,0,0,0,0,0,0,0,0,0,0,0,0,0,0,0,0,0,0,0,0,0,0,0,0,0,0,0,0,0,0,0,0,0,0,0,0,0,0,0,0,0,0,0,0,0,0,0,0,0,0,0,0,0,0,0,0,0,0,0,0,0,0,0,0,0,0,0,0,0,0,0,0,0,0,0,0,0,0,0,0,0,0
64,0,0,0,0,0,0,0,0,0,0,0,0,0,0,0,0,0,0,0,0,0,0,0,0,0,0,0,0,0,0,0,0,0,0,0,0,0,0,0,0,0,0,0,0,0,0,0,0,0,0,0,0,0,0,0,0,0,0,0,0,0,0,0,0,0,0,0,0,0,0,0,0,0,0,0,0,0,0,0,0,0,0,0,0,0,0,0,0,0,0,0,0,0,0,0,0
65,0,0,0,0,0,0,0,0,0,0,0,0,0,0,0,0,0,0,0,0,0,0,0,0,0,0,0,0,0,0,0,0,0,0,0,0,0,0,0,0,0,0,0,0,0,0,0,0,0,0,0,0,0,0,0,0,0,0,0,0,0,0,0,0,0,0,0,0,0,0,0,0,0,0,0,0,0,0,0,0,0,0,0,0,0,0,0,0,0,0,0,0,0,0,0,0
66,0,0,0,0,0,0,0,0,0,0,0,0,0,0,0,0,0,0,0,0,0,0,0,0,0,0,0,0,0,0,0,0,0,0,0,0,0,0,0,0,0,0,0,0,0,0,0,0,0,0,0,0,0,0,0,0,0,0,0,0,0,0,0,0,0,0,0,0,0,0,0,0,0,0,0,0,0,0,0,0,0,0,0,0,0,0,0,0,0,0,0,0,0,0,0,0
67,0,0,0,0,0,0,0,0,0,0,0,0,0,0,0,0,0,0,0,0,0,0,0,0,0,0,0,0,0,0,0,0,0,0,0,0,0,0,0,0,0,0,0,0,0,0,0,0,0,0,0,0,0,0,0,0,0,0,0,0,0,0,0,0,0,0,0,0,0,0,0,0,0,0,0,0,0,0,0,0,0,0,0,0,0,0,0,0,0,0,0,0,0,0,0,0
68,0,0,0,0,0,0,0,0,0,0,0,0,0,0,0,0,0,0,0,0,0,0,0,0,0,0,0,0,0,0,0,0,0,0,0,0,0,0,0,0,0,0,0,0,0,0,0,0,0,0,0,0,0,0,0,0,0,0,0,0,0,0,0,0,0,0,0,0,0,0,0,0,0,0,0,0,0,0,0,0,0,0,0,0,0,0,0,0,0,0,0,0,0,0,0,0
69,0,0,0,0,0,0,0,0,0,0,0,0,0,0,0,0,0,0,0,0,0,0,0,0,0,0,0,0,0,0,0,0,0,0,0,0,0,0,0,0,0,0,0,0,0,0,0,0,0,0,0,0,0,0,0,0,0,0,0,0,0,0,0,0,0,0,0,0,0,0,0,0,0,0,0,0,0,0,0,0,0,0,0,0,0,0,0,0,0,0,0,0,0,0,0,0
70,0,0,0,0,0,0,0,0,0,0,0,0,0,0,0,0,0,0,0,0,0,0,0,0,0,0,0,0,0,0,0,0,0,0,0,0,0,0,0,0,0,0,0,0,0,0,0,0,0,0,0,0,0,0,0,0,0,0,0,0,0,0,0,0,0,0,0,0,0,0,0,0,0,0,0,0,0,0,0,0,0,0,0,0,0,0,0,0,0,0,0,0,0,0,0,0
71,0,0,0,0,0,0,0,0,0,0,0,0,0,0,0,0,0,0,0,0,0,0,0,0,0,0,0,0,0,0,0,0,0,0,0,0,0,0,0,0,0,0,0,0,0,0,0,0,0,0,0,0,0,0,0,0,0,0,0,0,0,0,0,0,0,0,0,0,0,0,0,0,0,0,0,0,0,0,0,0,0,0,0,0,0,0,0,0,0,0,0,0,0,0,0,0
72,0,0,0,0,0,0,0,0,0,0,0,0,0,0,0,0,0,0,0,0,0,0,0,0,0,0,0,0,0,0,0,0,0,0,0,0,0,0,0,0,0,0,0,0,0,0,0,0,0,0,0,0,0,0,0,0,0,0,0,0,0,0,0,0,0,0,0,0,0,0,0,0,0,0,0,0,0,0,0,0,0,0,0,0,0,0,0,0,0,0,0,0,0,0,0,0
73,0,0,0,0,0,0,0,0,0,0,0,0,0,0,0,0,0,0,0,0,0,0,0,0,0,0,0,0,0,0,0,0,0,0,0,0,0,0,0,0,0,0,0,0,0,0,0,0,0,0,0,0,0,0,0,0,0,0,0,0,0,0,0,0,0,0,0,0,0,0,0,0,0,0,0,0,0,0,0,0,0,0,0,0,0,0,0,0,0,0,0,0,0,0,0,0
74,0,0,0,0,0,0,0,0,0,0,0,0,0,0,0,0,0,0,0,0,0,0,0,0,0,0,0,0,0,0,0,0,0,0,0,0,0,0,0,0,0,0,0,0,0,0,0,0,0,0,0,0,0,0,0,0,0,0,0,0,0,0,0,0,0,0,0,0,0,0,0,0,0,0,0,0,0,0,0,0,0,0,0,0,0,0,0,0,0,0,0,0,0,0,0,0
75,0,0,0,0,0,0,0,0,0,0,0,0,0,0,0,0,0,0,0,0,0,0,0,0,0,0,0,0,0,0,0,0,0,0,0,0,0,0,0,0,0,0,0,0,0,0,0,0,0,0,0,0,0,0,0,0,0,0,0,0,0,0,0,0,0,0,0,0,0,0,0,0,0,0,0,0,0,0,0,0,0,0,0,0,0,0,0,0,0,0,0,0,0,0,0,0
76,0,0,0,0,0,0,0,0,0,0,0,0,0,0,0,0,0,0,0,0,0,0,0,0,0,0,0,0,0,0,0,0,0,0,0,0,0,0,0,0,0,0,0,0,0,0,0,0,0,0,0,0,0,0,0,0,0,0,0,0,0,0,0,0,0,0,0,0,0,0,0,0,0,0,0,0,0,0,0,0,0,0,0,0,0,0,0,0,0,0,0,0,0,0,0,0
77,0,0,0,0,0,0,0,0,0,0,0,0,0,0,0,0,0,0,0,0,0,0,0,0,0,0,0,0,0,0,0,0,0,0,0,0,0,0,0,0,0,0,0,0,0,0,0,0,0,0,0,0,0,0,0,0,0,0,0,0,0,0,0,0,0,0,0,0,0,0,0,0,0,0,0,0,0,0,0,0,0,0,0,0,0,0,0,0,0,0,0,0,0,0,0,0
78,0,0,0,0,0,0,0,0,0,0,0,0,0,0,0,0,0,0,0,0,0,0,0,0,0,0,0,0,0,0,0,0,0,0,0,0,0,0,0,0,0,0,0,0,0,0,0,0,0,0,0,0,0,0,0,0,0,0,0,0,0,0,0,0,0,0,0,0,0,0,0,0,0,0,0,0,0,0,0,0,0,0,0,0,0,0,0,0,0,0,0,0,0,0,0,0
79,0,0,0,0,0,0,0,0,0,0,0,0,0,0,0,0,0,0,0,0,0,0,0,0,0,0,0,0,0,0,0,0,0,0,0,0,0,0,0,0,0,0,0,0,0,0,0,0,0,0,0,0,0,0,0,0,0,0,0,0,0,0,0,0,0,0,0,0,0,0,0,0,0,0,0,0,0,0,0,0,0,0,0,0,0,0,0,0,0,0,0,0,0,0,0,0
80,0,0,0,0,0,0,0,0,0,0,0,0,0,0,0,0,0,0,0,0,0,0,0,0,0,0,0,0,0,0,0,0,0,0,0,0,0,0,0,0,0,0,0,0,0,0,0,0,0,0,0,0,0,0,0,0,0,0,0,0,0,0,0,0,0,0,0,0,0,0,0,0,0,0,0,0,0,0,0,0,0,0,0,0,0,0,0,0,0,0,0,0,0,0,0,0
81,0,0,0,0,0,0,0,0,0,0,0,0,0,0,0,0,0,0,0,0,0,0,0,0,0,0,0,0,0,0,0,0,0,0,0,0,0,0,0,0,0,0,0,0,0,0,0,0,0,0,0,0,0,0,0,0,0,0,0,0,0,0,0,0,0,0,0,0,0,0,0,0,0,0,0,0,0,0,0,0,0,0,0,0,0,0,0,0,0,0,0,0,0,0,0,0
82,0,0,0,0,0,0,0,0,0,0,0,0,0,0,0,0,0,0,0,0,0,0,0,0,0,0,0,0,0,0,0,0,0,0,0,0,0,0,0,0,0,0,0,0,0,0,0,0,0,0,0,0,0,0,0,0,0,0,0,0,0,0,0,0,0,0,0,0,0,0,0,0,0,0,0,0,0,0,0,0,0,0,0,0,0,0,0,0,0,0,0,0,0,0,0,0
83,0,0,0,0,0,0,0,0,0,0,0,0,0,0,0,0,0,0,0,0,0,0,0,0,0,0,0,0,0,0,0,0,0,0,0,0,0,0,0,0,0,0,0,0,0,0,0,0,0,0,0,0,0,0,0,0,0,0,0,0,0,0,0,0,0,0,0,0,0,0,0,0,0,0,0,0,0,0,0,0,0,0,0,0,0,0,0,0,0,0,0,0,0,0,0,0
84,0,0,0,0,0,0,0,0,0,0,0,0,0,0,0,0,0,0,0,0,0,0,0,0,0,0,0,0,0,0,0,0,0,0,0,0,0,0,0,0,0,0,0,0,0,0,0,0,0,0,0,0,0,0,0,0,0,0,0,0,0,0,0,0,0,0,0,0,0,0,0,0,0,0,0,0,0,0,0,0,0,0,0,0,0,0,0,0,0,0,0,0,0,0,0,0
85,0,0,0,0,0,0,0,0,0,0,0,0,0,0,0,0,0,0,0,0,0,0,0,0,0,0,0,0,0,0,0,0,0,0,0,0,0,0,0,0,0,0,0,0,0,0,0,0,0,0,0,0,0,0,0,0,0,0,0,0,0,0,0,0,0,0,0,0,0,0,0,0,0,0,0,0,0,0,0,0,0,0,0,0,0,0,0,0,0,0,0,0,0,0,0,0
86,0,0,0,0,0,0,0,0,0,0,0,0,0,0,0,0,0,0,0,0,0,0,0,0,0,0,0,0,0,0,0,0,0,0,0,0,0,0,0,0,0,0,0,0,0,0,0,0,0,0,0,0,0,0,0,0,0,0,0,0,0,0,0,0,0,0,0,0,0,0,0,0,0,0,0,0,0,0,0,0,0,0,0,0,0,0,0,0,0,0,0,0,0,0,0,0
87,0,0,0,0,0,0,0,0,0,0,0,0,0,0,0,0,0,0,0,0,0,0,0,0,0,0,0,0,0,0,0,0,0,0,0,0,0,0,0,0,0,0,0,0,0,0,0,0,0,0,0,0,0,0,0,0,0,0,0,0,0,0,0,0,0,0,0,0,0,0,0,0,0,0,0,0,0,0,0,0,0,0,0,0,0,0,0,0,0,0,0,0,0,0,0,0
88,0,0,0,0,0,0,0,0,0,0,0,0,0,0,0,0,0,0,0,0,0,0,0,0,0,0,0,0,0,0,0,0,0,0,0,0,0,0,0,0,0,0,0,0,0,0,0,0,0,0,0,0,0,0,0,0,0,0,0,0,0,0,0,0,0,0,0,0,0,0,0,0,0,0,0,0,0,0,0,0,0,0,0,0,0,0,0,0,0,0,0,0,0,0,0,0
89,0,0,0,0,0,0,0,0,0,0,0,0,0,0,0,0,0,0,0,0,0,0,0,0,0,0,0,0,0,0,0,0,0,0,0,0,0,0,0,0,0,0,0,0,0,0,0,0,0,0,0,0,0,0,0,0,0,0,0,0,0,0,0,0,0,0,0,0,0,0,0,0,0,0,0,0,0,0,0,0,0,0,0,0,0,0,0,0,0,0,0,0,0,0,0,0
90,0,0,0,0,0,0,0,0,0,0,0,0,0,0,0,0,0,0,0,0,0,0,0,0,0,0,0,0,0,0,0,0,0,0,0,0,0,0,0,0,0,0,0,0,0,0,0,0,0,0,0,0,0,0,0,0,0,0,0,0,0,0,0,0,0,0,0,0,0,0,0,0,0,0,0,0,0,0,0,0,0,0,0,0,0,0,0,0,0,0,0,0,0,0,0,0
91,0,0,0,0,0,0,0,0,0,0,0,0,0,0,0,0,0,0,0,0,0,0,0,0,0,0,0,0,0,0,0,0,0,0,0,0,0,0,0,0,0,0,0,0,0,0,0,0,0,0,0,0,0,0,0,0,0,0,0,0,0,0,0,0,0,0,0,0,0,0,0,0,0,0,0,0,0,0,0,0,0,0,0,0,0,0,0,0,0,0,0,0,0,0,0,0
92,0,0,0,0,0,0,0,0,0,0,0,0,0,0,0,0,0,0,0,0,0,0,0,0,0,0,0,0,0,0,0,0,0,0,0,0,0,0,0,0,0,0,0,0,0,0,0,0,0,0,0,0,0,0,0,0,0,0,0,0,0,0,0,0,0,0,0,0,0,0,0,0,0,0,0,0,0,0,0,0,0,0,0,0,0,0,0,0,0,0,0,0,0,0,0,0
93,0,0,0,0,0,0,0,0,0,0,0,0,0,0,0,0,0,0,0,0,0,0,0,0,0,0,0,0,0,0,0,0,0,0,0,0,0,0,0,0,0,0,0,0,0,0,0,0,0,0,0,0,0,0,0,0,0,0,0,0,0,0,0,0,0,0,0,0,0,0,0,0,0,0,0,0,0,0,0,0,0,0,0,0,0,0,0,0,0,0,0,0,0,0,0,0
94,0,0,0,0,0,0,0,0,0,0,0,0,0,0,0,0,0,0,0,0,0,0,0,0,0,0,0,0,0,0,0,0,0,0,0,0,0,0,0,0,0,0,0,0,0,0,0,0,0,0,0,0,0,0,0,0,0,0,0,0,0,0,0,0,0,0,0,0,0,0,0,0,0,0,0,0,0,0,0,0,0,0,0,0,0,0,0,0,0,0,0,0,0,0,0,0
95,0,0,0,0,0,0,0,0,0,0,0,0,0,0,0,0,0,0,0,0,0,0,0,0,0,0,0,0,0,0,0,0,0,0,0,0,0,0,0,0,0,0,0,0,0,0,0,0,0,0,0,0,0,0,0,0,0,0,0,0,0,0,0,0,0,0,0,0,0,0,0,0,0,0,0,0,0,0,0,0,0,0,0,0,0,0,0,0,0,0,0,0,0,0,0,0
96,0,0,0,0,0,0,0,0,0,0,0,0,0,0,0,0,0,0,0,0,0,0,0,0,0,0,0,0,0,0,0,0,0,0,0,0,0,0,0,0,0,0,0,0,0,0,0,0,0,0,0,0,0,0,0,0,0,0,0,0,0,0,0,0,0,0,0,0,0,0,0,0,0,0,0,0,0,0,0,0,0,0,0,0,0,0,0,0,0,0,0,0,0,0,0,0
97,0,0,0,0,0,0,0,0,0,0,0,0,0,0,0,0,0,0,0,0,0,0,0,0,0,0,0,0,0,0,0,0,0,0,0,0,0,0,0,0,0,0,0,0,0,0,0,0,0,0,0,0,0,0,0,0,0,0,0,0,0,0,0,0,0,0,0,0,0,0,0,0,0,0,0,0,0,0,0,0,0,0,0,0,0,0,0,0,0,0,0,0,0,0,0,0
98,0,0,0,0,0,0,0,0,0,0,0,0,0,0,0,0,0,0,0,0,0,0,0,0,0,0,0,0,0,0,0,0,0,0,0,0,0,0,0,0,0,0,0,0,0,0,0,0,0,0,0,0,0,0,0,0,0,0,0,0,0,0,0,0,0,0,0,0,0,0,0,0,0,0,0,0,0,0,0,0,0,0,0,0,0,0,0,0,0,0,0,0,0,0,0,0
99,0,0,0,0,0,0,0,0,0,0,0,0,0,0,0,0,0,0,0,0,0,0,0,0,0,0,0,0,0,0,0,0,0,0,0,0,0,0,0,0,0,0,0,0,0,0,0,0,0,0,0,0,0,0,0,0,0,0,0,0,0,0,0,0,0,0,0,0,0,0,0,0,0,0,0,0,0,0,0,0,0,0,0,0,0,0,0,0,0,0,0,0,0,0,0,0
100,0,0,0,0,0,0,0,0,0,0,0,0,0,0,0,0,0,0,0,0,0,0,0,0,0,0,0,0,0,0,0,0,0,0,0,0,0,0,0,0,0,0,0,0,0,0,0,0,0,0,0,0,0,0,0,0,0,0,0,0,0,0,0,0,0,0,0,0,0,0,0,0,0,0,0,0,0,0,0,0,0,0,0,0,0,0,0,0,0,0,0,0,0,0,0,0
101,0,0,0,0,0,0,0,0,0,0,0,0,0,0,0,0,0,0,0,0,0,0,0,0,0,0,0,0,0,0,0,0,0,0,0,0,0,0,0,0,0,0,0,0,0,0,0,0,0,0,0,0,0,0,0,0,0,0,0,0,0,0,0,0,0,0,0,0,0,0,0,0,0,0,0,0,0,0,0,0,0,0,0,0,0,0,0,0,0,0,0,0,0,0,0,0
102,0,0,0,0,0,0,0,0,0,0,0,0,0,0,0,0,0,0,0,0,0,0,0,0,0,0,0,0,0,0,0,0,0,0,0,0,0,0,0,0,0,0,0,0,0,0,0,0,0,0,0,0,0,0,0,0,0,0,0,0,0,0,0,0,0,0,0,0,0,0,0,0,0,0,0,0,0,0,0,0,0,0,0,0,0,0,0,0,0,0,0,0,0,0,0,0
103,0,0,0,0,0,0,0,0,0,0,0,0,0,0,0,0,0,0,0,0,0,0,0,0,0,0,0,0,0,0,0,0,0,0,0,0,0,0,0,0,0,0,0,0,0,0,0,0,0,0,0,0,0,0,0,0,0,0,0,0,0,0,0,0,0,0,0,0,0,0,0,0,0,0,0,0,0,0,0,0,0,0,0,0,0,0,0,0,0,0,0,0,0,0,0,0
104,0,0,0,0,0,0,0,0,0,0,0,0,0,0,0,0,0,0,0,0,0,0,0,0,0,0,0,0,0,0,0,0,0,0,0,0,0,0,0,0,0,0,0,0,0,0,0,0,0,0,0,0,0,0,0,0,0,0,0,0,0,0,0,0,0,0,0,0,0,0,0,0,0,0,0,0,0,0,0,0,0,0,0,0,0,0,0,0,0,0,0,0,0,0,0,0
105,0,0,0,0,0,0,0,0,0,0,0,0,0,0,0,0,0,0,0,0,0,0,0,0,0,0,0,0,0,0,0,0,0,0,0,0,0,0,0,0,0,0,0,0,0,0,0,0,0,0,0,0,0,0,0,0,0,0,0,0,0,0,0,0,0,0,0,0,0,0,0,0,0,0,0,0,0,0,0,0,0,0,0,0,0,0,0,0,0,0,0,0,0,0,0,0
106,0,0,0,0,0,0,0,0,0,0,0,0,0,0,0,0,0,0,0,0,0,0,0,0,0,0,0,0,0,0,0,0,0,0,0,0,0,0,0,0,0,0,0,0,0,0,0,0,0,0,0,0,0,0,0,0,0,0,0,0,0,0,0,0,0,0,0,0,0,0,0,0,0,0,0,0,0,0,0,0,0,0,0,0,0,0,0,0,0,0,0,0,0,0,0,0
107,0,0,0,0,0,0,0,0,0,0,0,0,0,0,0,0,0,0,0,0,0,0,0,0,0,0,0,0,0,0,0,0,0,0,0,0,0,0,0,0,0,0,0,0,0,0,0,0,0,0,0,0,0,0,0,0,0,0,0,0,0,0,0,0,0,0,0,0,0,0,0,0,0,0,0,0,0,0,0,0,0,0,0,0,0,0,0,0,0,0,0,0,0,0,0,0
108,0,0,0,0,0,0,0,0,0,0,0,0,0,0,0,0,0,0,0,0,0,0,0,0,0,0,0,0,0,0,0,0,0,0,0,0,0,0,0,0,0,0,0,0,0,0,0,0,0,0,0,0,0,0,0,0,0,0,0,0,0,0,0,0,0,0,0,0,0,0,0,0,0,0,0,0,0,0,0,0,0,0,0,0,0,0,0,0,0,0,0,0,0,0,0,0
109,0,0,0,0,0,0,0,0,0,0,0,0,0,0,0,0,0,0,0,0,0,0,0,0,0,0,0,0,0,0,0,0,0,0,0,0,0,0,0,0,0,0,0,0,0,0,0,0,0,0,0,0,0,0,0,0,0,0,0,0,0,0,0,0,0,0,0,0,0,0,0,0,0,0,0,0,0,0,0,0,0,0,0,0,0,0,0,0,0,0,0,0,0,0,0,0
110,0,0,0,0,0,0,0,0,0,0,0,0,0,0,0,0,0,0,0,0,0,0,0,0,0,0,0,0,0,0,0,0,0,0,0,0,0,0,0,0,0,0,0,0,0,0,0,0,0,0,0,0,0,0,0,0,0,0,0,0,0,0,0,0,0,0,0,0,0,0,0,0,0,0,0,0,0,0,0,0,0,0,0,0,0,0,0,0,0,0,0,0,0,0,0,0
111,0,0,0,0,0,0,0,0,0,0,0,0,0,0,0,0,0,0,0,0,0,0,0,0,0,0,0,0,0,0,0,0,0,0,0,0,0,0,0,0,0,0,0,0,0,0,0,0,0,0,0,0,0,0,0,0,0,0,0,0,0,0,0,0,0,0,0,0,0,0,0,0,0,0,0,0,0,0,0,0,0,0,0,0,0,0,0,0,0,0,0,0,0,0,0,0
112,0,0,0,0,0,0,0,0,0,0,0,0,0,0,0,0,0,0,0,0,0,0,0,0,0,0,0,0,0,0,0,0,0,0,0,0,0,0,0,0,0,0,0,0,0,0,0,0,0,0,0,0,0,0,0,0,0,0,0,0,0,0,0,0,0,0,0,0,0,0,0,0,0,0,0,0,0,0,0,0,0,0,0,0,0,0,0,0,0,0,0,0,0,0,0,0
113,0,0,0,0,0,0,0,0,0,0,0,0,0,0,0,0,0,0,0,0,0,0,0,0,0,0,0,0,0,0,0,0,0,0,0,0,0,0,0,0,0,0,0,0,0,0,0,0,0,0,0,0,0,0,0,0,0,0,0,0,0,0,0,0,0,0,0,0,0,0,0,0,0,0,0,0,0,0,0,0,0,0,0,0,0,0,0,0,0,0,0,0,0,0,0,0
114,0,0,0,0,0,0,0,0,0,0,0,0,0,0,0,0,0,0,0,0,0,0,0,0,0,0,0,0,0,0,0,0,0,0,0,0,0,0,0,0,0,0,0,0,0,0,0,0,0,0,0,0,0,0,0,0,0,0,0,0,0,0,0,0,0,0,0,0,0,0,0,0,0,0,0,0,0,0,0,0,0,0,0,0,0,0,0,0,0,0,0,0,0,0,0,0
115,0,0,0,0,0,0,0,0,0,0,0,0,0,0,0,0,0,0,0,0,0,0,0,0,0,0,0,0,0,0,0,0,0,0,0,0,0,0,0,0,0,0,0,0,0,0,0,0,0,0,0,0,0,0,0,0,0,0,0,0,0,0,0,0,0,0,0,0,0,0,0,0,0,0,0,0,0,0,0,0,0,0,0,0,0,0,0,0,0,0,0,0,0,0,0,0
116,0,0,0,0,0,0,0,0,0,0,0,0,0,0,0,0,0,0,0,0,0,0,0,0,0,0,0,0,0,0,0,0,0,0,0,0,0,0,0,0,0,0,0,0,0,0,0,0,0,0,0,0,0,0,0,0,0,0,0,0,0,0,0,0,0,0,0,0,0,0,0,0,0,0,0,0,0,0,0,0,0,0,0,0,0,0,0,0,0,0,0,0,0,0,0,0
117,0,0,0,0,0,0,0,0,0,0,0,0,0,0,0,0,0,0,0,0,0,0,0,0,0,0,0,0,0,0,0,0,0,0,0,0,0,0,0,0,0,0,0,0,0,0,0,0,0,0,0,0,0,0,0,0,0,0,0,0,0,0,0,0,0,0,0,0,0,0,0,0,0,0,0,0,0,0,0,0,0,0,0,0,0,0,0,0,0,0,0,0,0,0,0,0
118,0,0,0,0,0,0,0,0,0,0,0,0,0,0,0,0,0,0,0,0,0,0,0,0,0,0,0,0,0,0,0,0,0,0,0,0,0,0,0,0,0,0,0,0,0,0,0,0,0,0,0,0,0,0,0,0,0,0,0,0,0,0,0,0,0,0,0,0,0,0,0,0,0,0,0,0,0,0,0,0,0,0,0,0,0,0,0,0,0,0,0,0,0,0,0,0
119,0,0,0,0,0,0,0,0,0,0,0,0,0,0,0,0,0,0,0,0,0,0,0,0,0,0,0,0,0,0,0,0,0,0,0,0,0,0,0,0,0,0,0,0,0,0,0,0,0,0,0,0,0,0,0,0,0,0,0,0,0,0,0,0,0,0,0,0,0,0,0,0,0,0,0,0,0,0,0,0,0,0,0,0,0,0,0,0,0,0,0,0,0,0,0,0
120,0,0,0,0,0,0,0,0,0,0,0,0,0,0,0,0,0,0,0,0,0,0,0,0,0,0,0,0,0,0,0,0,0,0,0,0,0,0,0,0,0,0,0,0,0,0,0,0,0,0,0,0,0,0,0,0,0,0,0,0,0,0,0,0,0,0,0,0,0,0,0,0,0,0,0,0,0,0,0,0,0,0,0,0,0,0,0,0,0,0,0,0,0,0,0,0
121,0,0,0,0,0,0,0,0,0,0,0,0,0,0,0,0,0,0,0,0,0,0,0,0,0,0,0,0,0,0,0,0,0,0,0,0,0,0,0,0,0,0,0,0,0,0,0,0,0,0,0,0,0,0,0,0,0,0,0,0,0,0,0,0,0,0,0,0,0,0,0,0,0,0,0,0,0,0,0,0,0,0,0,0,0,0,0,0,0,0,0,0,0,0,0,0
122,0,0,0,0,0,0,0,0,0,0,0,0,0,0,0,0,0,0,0,0,0,0,0,0,0,0,0,0,0,0,0,0,0,0,0,0,0,0,0,0,0,0,0,0,0,0,0,0,0,0,0,0,0,0,0,0,0,0,0,0,0,0,0,0,0,0,0,0,0,0,0,0,0,0,0,0,0,0,0,0,0,0,0,0,0,0,0,0,0,0,0,0,0,0,0,0
123,0,0,0,0,0,0,0,0,0,0,0,0,0,0,0,0,0,0,0,0,0,0,0,0,0,0,0,0,0,0,0,0,0,0,0,0,0,0,0,0,0,0,0,0,0,0,0,0,0,0,0,0,0,0,0,0,0,0,0,0,0,0,0,0,0,0,0,0,0,0,0,0,0,0,0,0,0,0,0,0,0,0,0,0,0,0,0,0,0,0,0,0,0,0,0,0
124,0,0,0,0,0,0,0,0,0,0,0,0,0,0,0,0,0,0,0,0,0,0,0,0,0,0,0,0,0,0,0,0,0,0,0,0,0,0,0,0,0,0,0,0,0,0,0,0,0,0,0,0,0,0,0,0,0,0,0,0,0,0,0,0,0,0,0,0,0,0,0,0,0,0,0,0,0,0,0,0,0,0,0,0,0,0,0,0,0,0,0,0,0,0,0,0
125,0,0,0,0,0,0,0,0,0,0,0,0,0,0,0,0,0,0,0,0,0,0,0,0,0,0,0,0,0,0,0,0,0,0,0,0,0,0,0,0,0,0,0,0,0,0,0,0,0,0,0,0,0,0,0,0,0,0,0,0,0,0,0,0,0,0,0,0,0,0,0,0,0,0,0,0,0,0,0,0,0,0,0,0,0,0,0,0,0,0,0,0,0,0,0,0
126,0,0,0,0,0,0,0,0,0,0,0,0,0,0,0,0,0,0,0,0,0,0,0,0,0,0,0,0,0,0,0,0,0,0,0,0,0,0,0,0,0,0,0,0,0,0,0,0,0,0,0,0,0,0,0,0,0,0,0,0,0,0,0,0,0,0,0,0,0,0,0,0,0,0,0,0,0,0,0,0,0,0,0,0,0,0,0,0,0,0,0,0,0,0,0,0
127,0,0,0,0,0,0,0,0,0,0,0,0,0,0,0,0,0,0,0,0,0,0,0,0,0,0,0,0,0,0,0,0,0,0,0,0,0,0,0,0,0,0,0,0,0,0,0,0,0,0,0,0,0,0,0,0,0,0,0,0,0,0,0,0,0,0,0,0,0,0,0,0,0,0,0,0,0,0,0,0,0,0,0,0,0,0,0,0,0,0,0,0,0,0,0,0
128,0,0,0,0,0,0,0,0,0,0,0,0,0,0,0,0,0,0,0,0,0,0,0,0,0,0,0,0,0,0,0,0,0,0,0,0,0,0,0,0,0,0,0,0,0,0,0,0,0,0,0,0,0,0,0,0,0,0,0,0,0,0,0,0,0,0,0,0,0,0,0,0,0,0,0,0,0,0,0,0,0,0,0,0,0,0,0,0,0,0,0,0,0,0,0,0
129,0,0,0,0,0,0,0,0,0,0,0,0,0,0,0,0,0,0,0,0,0,0,0,0,0,0,0,0,0,0,0,0,0,0,0,0,0,0,0,0,0,0,0,0,0,0,0,0,0,0,0,0,0,0,0,0,0,0,0,0,0,0,0,0,0,0,0,0,0,0,0,0,0,0,0,0,0,0,0,0,0,0,0,0,0,0,0,0,0,0,0,0,0,0,0,0
130,0,0,0,0,0,0,0,0,0,0,0,0,0,0,0,0,0,0,0,0,0,0,0,0,0,0,0,0,0,0,0,0,0,0,0,0,0,0,0,0,0,0,0,0,0,0,0,0,0,0,0,0,0,0,0,0,0,0,0,0,0,0,0,0,0,0,0,0,0,0,0,0,0,0,0,0,0,0,0,0,0,0,0,0,0,0,0,0,0,0,0,0,0,0,0,0
131,0,0,0,0,0,0,0,0,0,0,0,0,0,0,0,0,0,0,0,0,0,0,0,0,0,0,0,0,0,0,0,0,0,0,0,0,0,0,0,0,0,0,0,0,0,0,0,0,0,0,0,0,0,0,0,0,0,0,0,0,0,0,0,0,0,0,0,0,0,0,0,0,0,0,0,0,0,0,0,0,0,0,0,0,0,0,0,0,0,0,0,0,0,0,0,0
132,0,0,0,0,0,0,0,0,0,0,0,0,0,0,0,0,0,0,0,0,0,0,0,0,0,0,0,0,0,0,0,0,0,0,0,0,0,0,0,0,0,0,0,0,0,0,0,0,0,0,0,0,0,0,0,0,0,0,0,0,0,0,0,0,0,0,0,0,0,0,0,0,0,0,0,0,0,0,0,0,0,0,0,0,0,0,0,0,0,0,0,0,0,0,0,0
133,0,0,0,0,0,0,0,0,0,0,0,0,0,0,0,0,0,0,0,0,0,0,0,0,0,0,0,0,0,0,0,0,0,0,0,0,0,0,0,0,0,0,0,0,0,0,0,0,0,0,0,0,0,0,0,0,0,0,0,0,0,0,0,0,0,0,0,0,0,0,0,0,0,0,0,0,0,0,0,0,0,0,0,0,0,0,0,0,0,0,0,0,0,0,0,0
134,0,0,0,0,0,0,0,0,0,0,0,0,0,0,0,0,0,0,0,0,0,0,0,0,0,0,0,0,0,0,0,0,0,0,0,0,0,0,0,0,0,0,0,0,0,0,0,0,0,0,0,0,0,0,0,0,0,0,0,0,0,0,0,0,0,0,0,0,0,0,0,0,0,0,0,0,0,0,0,0,0,0,0,0,0,0,0,0,0,0,0,0,0,0,0,0
135,0,0,0,0,0,0,0,0,0,0,0,0,0,0,0,0,0,0,0,0,0,0,0,0,0,0,0,0,0,0,0,0,0,0,0,0,0,0,0,0,0,0,0,0,0,0,0,0,0,0,0,0,0,0,0,0,0,0,0,0,0,0,0,0,0,0,0,0,0,0,0,0,0,0,0,0,0,0,0,0,0,0,0,0,0,0,0,0,0,0,0,0,0,0,0,0
136,0,0,0,0,0,0,0,0,0,0,0,0,0,0,0,0,0,0,0,0,0,0,0,0,0,0,0,0,0,0,0,0,0,0,0,0,0,0,0,0,0,0,0,0,0,0,0,0,0,0,0,0,0,0,0,0,0,0,0,0,0,0,0,0,0,0,0,0,0,0,0,0,0,0,0,0,0,0,0,0,0,0,0,0,0,0,0,0,0,0,0,0,0,0,0,0
137,0,0,0,0,0,0,0,0,0,0,0,0,0,0,0,0,0,0,0,0,0,0,0,0,0,0,0,0,0,0,0,0,0,0,0,0,0,0,0,0,0,0,0,0,0,0,0,0,0,0,0,0,0,0,0,0,0,0,0,0,0,0,0,0,0,0,0,0,0,0,0,0,0,0,0,0,0,0,0,0,0,0,0,0,0,0,0,0,0,0,0,0,0,0,0,0
138,0,0,0,0,0,0,0,0,0,0,0,0,0,0,0,0,0,0,0,0,0,0,0,0,0,0,0,0,0,0,0,0,0,0,0,0,0,0,0,0,0,0,0,0,0,0,0,0,0,0,0,0,0,0,0,0,0,0,0,0,0,0,0,0,0,0,0,0,0,0,0,0,0,0,0,0,0,0,0,0,0,0,0,0,0,0,0,0,0,0,0,0,0,0,0,0
139,0,0,0,0,0,0,0,0,0,0,0,0,0,0,0,0,0,0,0,0,0,0,0,0,0,0,0,0,0,0,0,0,0,0,0,0,0,0,0,0,0,0,0,0,0,0,0,0,0,0,0,0,0,0,0,0,0,0,0,0,0,0,0,0,0,0,0,0,0,0,0,0,0,0,0,0,0,0,0,0,0,0,0,0,0,0,0,0,0,0,0,0,0,0,0,0
140,0,0,0,0,0,0,0,0,0,0,0,0,0,0,0,0,0,0,0,0,0,0,0,0,0,0,0,0,0,0,0,0,0,0,0,0,0,0,0,0,0,0,0,0,0,0,0,0,0,0,0,0,0,0,0,0,0,0,0,0,0,0,0,0,0,0,0,0,0,0,0,0,0,0,0,0,0,0,0,0,0,0,0,0,0,0,0,0,0,0,0,0,0,0,0,0
141,0,0,0,0,0,0,0,0,0,0,0,0,0,0,0,0,0,0,0,0,0,0,0,0,0,0,0,0,0,0,0,0,0,0,0,0,0,0,0,0,0,0,0,0,0,0,0,0,0,0,0,0,0,0,0,0,0,0,0,0,0,0,0,0,0,0,0,0,0,0,0,0,0,0,0,0,0,0,0,0,0,0,0,0,0,0,0,0,0,0,0,0,0,0,0,0
142,0,0,0,0,0,0,0,0,0,0,0,0,0,0,0,0,0,0,0,0,0,0,0,0,0,0,0,0,0,0,0,0,0,0,0,0,0,0,0,0,0,0,0,0,0,0,0,0,0,0,0,0,0,0,0,0,0,0,0,0,0,0,0,0,0,0,0,0,0,0,0,0,0,0,0,0,0,0,0,0,0,0,0,0,0,0,0,0,0,0,0,0,0,0,0,0
143,0,0,0,0,0,0,0,0,0,0,0,0,0,0,0,0,0,0,0,0,0,0,0,0,0,0,0,0,0,0,0,0,0,0,0,0,0,0,0,0,0,0,0,0,0,0,0,0,0,0,0,0,0,0,0,0,0,0,0,0,0,0,0,0,0,0,0,0,0,0,0,0,0,0,0,0,0,0,0,0,0,0,0,0,0,0,0,0,0,0,0,0,0,0,0,0
144,0,0,0,0,0,0,0,0,0,0,0,0,0,0,0,0,0,0,0,0,0,0,0,0,0,0,0,0,0,0,0,0,0,0,0,0,0,0,0,0,0,0,0,0,0,0,0,0,0,0,0,0,0,0,0,0,0,0,0,0,0,0,0,0,0,0,0,0,0,0,0,0,0,0,0,0,0,0,0,0,0,0,0,0,0,0,0,0,0,0,0,0,0,0,0,0
145,0,0,0,0,0,0,0,0,0,0,0,0,0,0,0,0,0,0,0,0,0,0,0,0,0,0,0,0,0,0,0,0,0,0,0,0,0,0,0,0,0,0,0,0,0,0,0,0,0,0,0,0,0,0,0,0,0,0,0,0,0,0,0,0,0,0,0,0,0,0,0,0,0,0,0,0,0,0,0,0,0,0,0,0,0,0,0,0,0,0,0,0,0,0,0,0
146,0,0,0,0,0,0,0,0,0,0,0,0,0,0,0,0,0,0,0,0,0,0,0,0,0,0,0,0,0,0,0,0,0,0,0,0,0,0,0,0,0,0,0,0,0,0,0,0,0,0,0,0,0,0,0,0,0,0,0,0,0,0,0,0,0,0,0,0,0,0,0,0,0,0,0,0,0,0,0,0,0,0,0,0,0,0,0,0,0,0,0,0,0,0,0,0
147,0,0,0,0,0,0,0,0,0,0,0,0,0,0,0,0,0,0,0,0,0,0,0,0,0,0,0,0,0,0,0,0,0,0,0,0,0,0,0,0,0,0,0,0,0,0,0,0,0,0,0,0,0,0,0,0,0,0,0,0,0,0,0,0,0,0,0,0,0,0,0,0,0,0,0,0,0,0,0,0,0,0,0,0,0,0,0,0,0,0,0,0,0,0,0,0
148,0,0,0,0,0,0,0,0,0,0,0,0,0,0,0,0,0,0,0,0,0,0,0,0,0,0,0,0,0,0,0,0,0,0,0,0,0,0,0,0,0,0,0,0,0,0,0,0,0,0,0,0,0,0,0,0,0,0,0,0,0,0,0,0,0,0,0,0,0,0,0,0,0,0,0,0,0,0,0,0,0,0,0,0,0,0,0,0,0,0,0,0,0,0,0,0
149,0,0,0,0,0,0,0,0,0,0,0,0,0,0,0,0,0,0,0,0,0,0,0,0,0,0,0,0,0,0,0,0,0,0,0,0,0,0,0,0,0,0,0,0,0,0,0,0,0,0,0,0,0,0,0,0,0,0,0,0,0,0,0,0,0,0,0,0,0,0,0,0,0,0,0,0,0,0,0,0,0,0,0,0,0,0,0,0,0,0,0,0,0,0,0,0
150,0,0,0,0,0,0,0,0,0,0,0,0,0,0,0,0,0,0,0,0,0,0,0,0,0,0,0,0,0,0,0,0,0,0,0,0,0,0,0,0,0,0,0,0,0,0,0,0,0,0,0,0,0,0,0,0,0,0,0,0,0,0,0,0,0,0,0,0,0,0,0,0,0,0,0,0,0,0,0,0,0,0,0,0,0,0,0,0,0,0,0,0,0,0,0,0
151,0,0,0,0,0,0,0,0,0,0,0,0,0,0,0,0,0,0,0,0,0,0,0,0,0,0,0,0,0,0,0,0,0,0,0,0,0,0,0,0,0,0,0,0,0,0,0,0,0,0,0,0,0,0,0,0,0,0,0,0,0,0,0,0,0,0,0,0,0,0,0,0,0,0,0,0,0,0,0,0,0,0,0,0,0,0,0,0,0,0,0,0,0,0,0,0
152,0,0,0,0,0,0,0,0,0,0,0,0,0,0,0,0,0,0,0,0,0,0,0,0,0,0,0,0,0,0,0,0,0,0,0,0,0,0,0,0,0,0,0,0,0,0,0,0,0,0,0,0,0,0,0,0,0,0,0,0,0,0,0,0,0,0,0,0,0,0,0,0,0,0,0,0,0,0,0,0,0,0,0,0,0,0,0,0,0,0,0,0,0,0,0,0
153,0,0,0,0,0,0,0,0,0,0,0,0,0,0,0,0,0,0,0,0,0,0,0,0,0,0,0,0,0,0,0,0,0,0,0,0,0,0,0,0,0,0,0,0,0,0,0,0,0,0,0,0,0,0,0,0,0,0,0,0,0,0,0,0,0,0,0,0,0,0,0,0,0,0,0,0,0,0,0,0,0,0,0,0,0,0,0,0,0,0,0,0,0,0,0,0
154,0,0,0,0,0,0,0,0,0,0,0,0,0,0,0,0,0,0,0,0,0,0,0,0,0,0,0,0,0,0,0,0,0,0,0,0,0,0,0,0,0,0,0,0,0,0,0,0,0,0,0,0,0,0,0,0,0,0,0,0,0,0,0,0,0,0,0,0,0,0,0,0,0,0,0,0,0,0,0,0,0,0,0,0,0,0,0,0,0,0,0,0,0,0,0,0
155,0,0,0,0,0,0,0,0,0,0,0,0,0,0,0,0,0,0,0,0,0,0,0,0,0,0,0,0,0,0,0,0,0,0,0,0,0,0,0,0,0,0,0,0,0,0,0,0,0,0,0,0,0,0,0,0,0,0,0,0,0,0,0,0,0,0,0,0,0,0,0,0,0,0,0,0,0,0,0,0,0,0,0,0,0,0,0,0,0,0,0,0,0,0,0,0
156,0,0,0,0,0,0,0,0,0,0,0,0,0,0,0,0,0,0,0,0,0,0,0,0,0,0,0,0,0,0,0,0,0,0,0,0,0,0,0,0,0,0,0,0,0,0,0,0,0,0,0,0,0,0,0,0,0,0,0,0,0,0,0,0,0,0,0,0,0,0,0,0,0,0,0,0,0,0,0,0,0,0,0,0,0,0,0,0,0,0,0,0,0,0,0,0
157,0,0,0,0,0,0,0,0,0,0,0,0,0,0,0,0,0,0,0,0,0,0,0,0,0,0,0,0,0,0,0,0,0,0,0,0,0,0,0,0,0,0,0,0,0,0,0,0,0,0,0,0,0,0,0,0,0,0,0,0,0,0,0,0,0,0,0,0,0,0,0,0,0,0,0,0,0,0,0,0,0,0,0,0,0,0,0,0,0,0,0,0,0,0,0,0
158,0,0,0,0,0,0,0,0,0,0,0,0,0,0,0,0,0,0,0,0,0,0,0,0,0,0,0,0,0,0,0,0,0,0,0,0,0,0,0,0,0,0,0,0,0,0,0,0,0,0,0,0,0,0,0,0,0,0,0,0,0,0,0,0,0,0,0,0,0,0,0,0,0,0,0,0,0,0,0,0,0,0,0,0,0,0,0,0,0,0,0,0,0,0,0,0
159,0,0,0,0,0,0,0,0,0,0,0,0,0,0,0,0,0,0,0,0,0,0,0,0,0,0,0,0,0,0,0,0,0,0,0,0,0,0,0,0,0,0,0,0,0,0,0,0,0,0,0,0,0,0,0,0,0,0,0,0,0,0,0,0,0,0,0,0,0,0,0,0,0,0,0,0,0,0,0,0,0,0,0,0,0,0,0,0,0,0,0,0,0,0,0,0
160,0,0,0,0,0,0,0,0,0,0,0,0,0,0,0,0,0,0,0,0,0,0,0,0,0,0,0,0,0,0,0,0,0,0,0,0,0,0,0,0,0,0,0,0,0,0,0,0,0,0,0,0,0,0,0,0,0,0,0,0,0,0,0,0,0,0,0,0,0,0,0,0,0,0,0,0,0,0,0,0,0,0,0,0,0,0,0,0,0,0,0,0,0,0,0,0
161,0,0,0,0,0,0,0,0,0,0,0,0,0,0,0,0,0,0,0,0,0,0,0,0,0,0,0,0,0,0,0,0,0,0,0,0,0,0,0,0,0,0,0,0,0,0,0,0,0,0,0,0,0,0,0,0,0,0,0,0,0,0,0,0,0,0,0,0,0,0,0,0,0,0,0,0,0,0,0,0,0,0,0,0,0,0,0,0,0,0,0,0,0,0,0,0
162,0,0,0,0,0,0,0,0,0,0,0,0,0,0,0,0,0,0,0,0,0,0,0,0,0,0,0,0,0,0,0,0,0,0,0,0,0,0,0,0,0,0,0,0,0,0,0,0,0,0,0,0,0,0,0,0,0,0,0,0,0,0,0,0,0,0,0,0,0,0,0,0,0,0,0,0,0,0,0,0,0,0,0,0,0,0,0,0,0,0,0,0,0,0,0,0
163,0,0,0,0,0,0,0,0,0,0,0,0,0,0,0,0,0,0,0,0,0,0,0,0,0,0,0,0,0,0,0,0,0,0,0,0,0,0,0,0,0,0,0,0,0,0,0,0,0,0,0,0,0,0,0,0,0,0,0,0,0,0,0,0,0,0,0,0,0,0,0,0,0,0,0,0,0,0,0,0,0,0,0,0,0,0,0,0,0,0,0,0,0,0,0,0
164,0,0,0,0,0,0,0,0,0,0,0,0,0,0,0,0,0,0,0,0,0,0,0,0,0,0,0,0,0,0,0,0,0,0,0,0,0,0,0,0,0,0,0,0,0,0,0,0,0,0,0,0,0,0,0,0,0,0,0,0,0,0,0,0,0,0,0,0,0,0,0,0,0,0,0,0,0,0,0,0,0,0,0,0,0,0,0,0,0,0,0,0,0,0,0,0
165,0,0,0,0,0,0,0,0,0,0,0,0,0,0,0,0,0,0,0,0,0,0,0,0,0,0,0,0,0,0,0,0,0,0,0,0,0,0,0,0,0,0,0,0,0,0,0,0,0,0,0,0,0,0,0,0,0,0,0,0,0,0,0,0,0,0,0,0,0,0,0,0,0,0,0,0,0,0,0,0,0,0,0,0,0,0,0,0,0,0,0,0,0,0,0,0
166,0,0,0,0,0,0,0,0,0,0,0,0,0,0,0,0,0,0,0,0,0,0,0,0,0,0,0,0,0,0,0,0,0,0,0,0,0,0,0,0,0,0,0,0,0,0,0,0,0,0,0,0,0,0,0,0,0,0,0,0,0,0,0,0,0,0,0,0,0,0,0,0,0,0,0,0,0,0,0,0,0,0,0,0,0,0,0,0,0,0,0,0,0,0,0,0
167,0,0,0,0,0,0,0,0,0,0,0,0,0,0,0,0,0,0,0,0,0,0,0,0,0,0,0,0,0,0,0,0,0,0,0,0,0,0,0,0,0,0,0,0,0,0,0,0,0,0,0,0,0,0,0,0,0,0,0,0,0,0,0,0,0,0,0,0,0,0,0,0,0,0,0,0,0,0,0,0,0,0,0,0,0,0,0,0,0,0,0,0,0,0,0,0
168,0,0,0,0,0,0,0,0,0,0,0,0,0,0,0,0,0,0,0,0,0,0,0,0,0,0,0,0,0,0,0,0,0,0,0,0,0,0,0,0,0,0,0,0,0,0,0,0,0,0,0,0,0,0,0,0,0,0,0,0,0,0,0,0,0,0,0,0,0,0,0,0,0,0,0,0,0,0,0,0,0,0,0,0,0,0,0,0,0,0,0,0,0,0,0,0
169,0,0,0,0,0,0,0,0,0,0,0,0,0,0,0,0,0,0,0,0,0,0,0,0,0,0,0,0,0,0,0,0,0,0,0,0,0,0,0,0,0,0,0,0,0,0,0,0,0,0,0,0,0,0,0,0,0,0,0,0,0,0,0,0,0,0,0,0,0,0,0,0,0,0,0,0,0,0,0,0,0,0,0,0,0,0,0,0,0,0,0,0,0,0,0,0
170,0,0,0,0,0,0,0,0,0,0,0,0,0,0,0,0,0,0,0,0,0,0,0,0,0,0,0,0,0,0,0,0,0,0,0,0,0,0,0,0,0,0,0,0,0,0,0,0,0,0,0,0,0,0,0,0,0,0,0,0,0,0,0,0,0,0,0,0,0,0,0,0,0,0,0,0,0,0,0,0,0,0,0,0,0,0,0,0,0,0,0,0,0,0,0,0
171,0,0,0,0,0,0,0,0,0,0,0,0,0,0,0,0,0,0,0,0,0,0,0,0,0,0,0,0,0,0,0,0,0,0,0,0,0,0,0,0,0,0,0,0,0,0,0,0,0,0,0,0,0,0,0,0,0,0,0,0,0,0,0,0,0,0,0,0,0,0,0,0,0,0,0,0,0,0,0,0,0,0,0,0,0,0,0,0,0,0,0,0,0,0,0,0
172,0,0,0,0,0,0,0,0,0,0,0,0,0,0,0,0,0,0,0,0,0,0,0,0,0,0,0,0,0,0,0,0,0,0,0,0,0,0,0,0,0,0,0,0,0,0,0,0,0,0,0,0,0,0,0,0,0,0,0,0,0,0,0,0,0,0,0,0,0,0,0,0,0,0,0,0,0,0,0,0,0,0,0,0,0,0,0,0,0,0,0,0,0,0,0,0
173,0,0,0,0,0,0,0,0,0,0,0,0,0,0,0,0,0,0,0,0,0,0,0,0,0,0,0,0,0,0,0,0,0,0,0,0,0,0,0,0,0,0,0,0,0,0,0,0,0,0,0,0,0,0,0,0,0,0,0,0,0,0,0,0,0,0,0,0,0,0,0,0,0,0,0,0,0,0,0,0,0,0,0,0,0,0,0,0,0,0,0,0,0,0,0,0
174,0,0,0,0,0,0,0,0,0,0,0,0,0,0,0,0,0,0,0,0,0,0,0,0,0,0,0,0,0,0,0,0,0,0,0,0,0,0,0,0,0,0,0,0,0,0,0,0,0,0,0,0,0,0,0,0,0,0,0,0,0,0,0,0,0,0,0,0,0,0,0,0,0,0,0,0,0,0,0,0,0,0,0,0,0,0,0,0,0,0,0,0,0,0,0,0
175,0,0,0,0,0,0,0,0,0,0,0,0,0,0,0,0,0,0,0,0,0,0,0,0,0,0,0,0,0,0,0,0,0,0,0,0,0,0,0,0,0,0,0,0,0,0,0,0,0,0,0,0,0,0,0,0,0,0,0,0,0,0,0,0,0,0,0,0,0,0,0,0,0,0,0,0,0,0,0,0,0,0,0,0,0,0,0,0,0,0,0,0,0,0,0,0
176,0,0,0,0,0,0,0,0,0,0,0,0,0,0,0,0,0,0,0,0,0,0,0,0,0,0,0,0,0,0,0,0,0,0,0,0,0,0,0,0,0,0,0,0,0,0,0,0,0,0,0,0,0,0,0,0,0,0,0,0,0,0,0,0,0,0,0,0,0,0,0,0,0,0,0,0,0,0,0,0,0,0,0,0,0,0,0,0,0,0,0,0,0,0,0,0
177,0,0,0,0,0,0,0,0,0,0,0,0,0,0,0,0,0,0,0,0,0,0,0,0,0,0,0,0,0,0,0,0,0,0,0,0,0,0,0,0,0,0,0,0,0,0,0,0,0,0,0,0,0,0,0,0,0,0,0,0,0,0,0,0,0,0,0,0,0,0,0,0,0,0,0,0,0,0,0,0,0,0,0,0,0,0,0,0,0,0,0,0,0,0,0,0
178,0,0,0,0,0,0,0,0,0,0,0,0,0,0,0,0,0,0,0,0,0,0,0,0,0,0,0,0,0,0,0,0,0,0,0,0,0,0,0,0,0,0,0,0,0,0,0,0,0,0,0,0,0,0,0,0,0,0,0,0,0,0,0,0,0,0,0,0,0,0,0,0,0,0,0,0,0,0,0,0,0,0,0,0,0,0,0,0,0,0,0,0,0,0,0,0
179,0,0,0,0,0,0,0,0,0,0,0,0,0,0,0,0,0,0,0,0,0,0,0,0,0,0,0,0,0,0,0,0,0,0,0,0,0,0,0,0,0,0,0,0,0,0,0,0,0,0,0,0,0,0,0,0,0,0,0,0,0,0,0,0,0,0,0,0,0,0,0,0,0,0,0,0,0,0,0,0,0,0,0,0,0,0,0,0,0,0,0,0,0,0,0,0
180,0,0,0,0,0,0,0,0,0,0,0,0,0,0,0,0,0,0,0,0,0,0,0,0,0,0,0,0,0,0,0,0,0,0,0,0,0,0,0,0,0,0,0,0,0,0,0,0,0,0,0,0,0,0,0,0,0,0,0,0,0,0,0,0,0,0,0,0,0,0,0,0,0,0,0,0,0,0,0,0,0,0,0,0,0,0,0,0,0,0,0,0,0,0,0,0
181,0,0,0,0,0,0,0,0,0,0,0,0,0,0,0,0,0,0,0,0,0,0,0,0,0,0,0,0,0,0,0,0,0,0,0,0,0,0,0,0,0,0,0,0,0,0,0,0,0,0,0,0,0,0,0,0,0,0,0,0,0,0,0,0,0,0,0,0,0,0,0,0,0,0,0,0,0,0,0,0,0,0,0,0,0,0,0,0,0,0,0,0,0,0,0,0
182,0,0,0,0,0,0,0,0,0,0,0,0,0,0,0,0,0,0,0,0,0,0,0,0,0,0,0,0,0,0,0,0,0,0,0,0,0,0,0,0,0,0,0,0,0,0,0,0,0,0,0,0,0,0,0,0,0,0,0,0,0,0,0,0,0,0,0,0,0,0,0,0,0,0,0,0,0,0,0,0,0,0,0,0,0,0,0,0,0,0,0,0,0,0,0,0
183,0,0,0,0,0,0,0,0,0,0,0,0,0,0,0,0,0,0,0,0,0,0,0,0,0,0,0,0,0,0,0,0,0,0,0,0,0,0,0,0,0,0,0,0,0,0,0,0,0,0,0,0,0,0,0,0,0,0,0,0,0,0,0,0,0,0,0,0,0,0,0,0,0,0,0,0,0,0,0,0,0,0,0,0,0,0,0,0,0,0,0,0,0,0,0,0
184,0,0,0,0,0,0,0,0,0,0,0,0,0,0,0,0,0,0,0,0,0,0,0,0,0,0,0,0,0,0,0,0,0,0,0,0,0,0,0,0,0,0,0,0,0,0,0,0,0,0,0,0,0,0,0,0,0,0,0,0,0,0,0,0,0,0,0,0,0,0,0,0,0,0,0,0,0,0,0,0,0,0,0,0,0,0,0,0,0,0,0,0,0,0,0,0
185,0,0,0,0,0,0,0,0,0,0,0,0,0,0,0,0,0,0,0,0,0,0,0,0,0,0,0,0,0,0,0,0,0,0,0,0,0,0,0,0,0,0,0,0,0,0,0,0,0,0,0,0,0,0,0,0,0,0,0,0,0,0,0,0,0,0,0,0,0,0,0,0,0,0,0,0,0,0,0,0,0,0,0,0,0,0,0,0,0,0,0,0,0,0,0,0
186,0,0,0,0,0,0,0,0,0,0,0,0,0,0,0,0,0,0,0,0,0,0,0,0,0,0,0,0,0,0,0,0,0,0,0,0,0,0,0,0,0,0,0,0,0,0,0,0,0,0,0,0,0,0,0,0,0,0,0,0,0,0,0,0,0,0,0,0,0,0,0,0,0,0,0,0,0,0,0,0,0,0,0,0,0,0,0,0,0,0,0,0,0,0,0,0
187,0,0,0,0,0,0,0,0,0,0,0,0,0,0,0,0,0,0,0,0,0,0,0,0,0,0,0,0,0,0,0,0,0,0,0,0,0,0,0,0,0,0,0,0,0,0,0,0,0,0,0,0,0,0,0,0,0,0,0,0,0,0,0,0,0,0,0,0,0,0,0,0,0,0,0,0,0,0,0,0,0,0,0,0,0,0,0,0,0,0,0,0,0,0,0,0
188,0,0,0,0,0,0,0,0,0,0,0,0,0,0,0,0,0,0,0,0,0,0,0,0,0,0,0,0,0,0,0,0,0,0,0,0,0,0,0,0,0,0,0,0,0,0,0,0,0,0,0,0,0,0,0,0,0,0,0,0,0,0,0,0,0,0,0,0,0,0,0,0,0,0,0,0,0,0,0,0,0,0,0,0,0,0,0,0,0,0,0,0,0,0,0,0
189,0,0,0,0,0,0,0,0,0,0,0,0,0,0,0,0,0,0,0,0,0,0,0,0,0,0,0,0,0,0,0,0,0,0,0,0,0,0,0,0,0,0,0,0,0,0,0,0,0,0,0,0,0,0,0,0,0,0,0,0,0,0,0,0,0,0,0,0,0,0,0,0,0,0,0,0,0,0,0,0,0,0,0,0,0,0,0,0,0,0,0,0,0,0,0,0
190,0,0,0,0,0,0,0,0,0,0,0,0,0,0,0,0,0,0,0,0,0,0,0,0,0,0,0,0,0,0,0,0,0,0,0,0,0,0,0,0,0,0,0,0,0,0,0,0,0,0,0,0,0,0,0,0,0,0,0,0,0,0,0,0,0,0,0,0,0,0,0,0,0,0,0,0,0,0,0,0,0,0,0,0,0,0,0,0,0,0,0,0,0,0,0,0
191,0,0,0,0,0,0,0,0,0,0,0,0,0,0,0,0,0,0,0,0,0,0,0,0,0,0,0,0,0,0,0,0,0,0,0,0,0,0,0,0,0,0,0,0,0,0,0,0,0,0,0,0,0,0,0,0,0,0,0,0,0,0,0,0,0,0,0,0,0,0,0,0,0,0,0,0,0,0,0,0,0,0,0,0,0,0,0,0,0,0,0,0,0,0,0,0
192,0,0,0,0,0,0,0,0,0,0,0,0,0,0,0,0,0,0,0,0,0,0,0,0,0,0,0,0,0,0,0,0,0,0,0,0,0,0,0,0,0,0,0,0,0,0,0,0,0,0,0,0,0,0,0,0,0,0,0,0,0,0,0,0,0,0,0,0,0,0,0,0,0,0,0,0,0,0,0,0,0,0,0,0,0,0,0,0,0,0,0,0,0,0,0,0
193,0,0,0,0,0,0,0,0,0,0,0,0,0,0,0,0,0,0,0,0,0,0,0,0,0,0,0,0,0,0,0,0,0,0,0,0,0,0,0,0,0,0,0,0,0,0,0,0,0,0,0,0,0,0,0,0,0,0,0,0,0,0,0,0,0,0,0,0,0,0,0,0,0,0,0,0,0,0,0,0,0,0,0,0,0,0,0,0,0,0,0,0,0,0,0,0
194,0,0,0,0,0,0,0,0,0,0,0,0,0,0,0,0,0,0,0,0,0,0,0,0,0,0,0,0,0,0,0,0,0,0,0,0,0,0,0,0,0,0,0,0,0,0,0,0,0,0,0,0,0,0,0,0,0,0,0,0,0,0,0,0,0,0,0,0,0,0,0,0,0,0,0,0,0,0,0,0,0,0,0,0,0,0,0,0,0,0,0,0,0,0,0,0
195,0,0,0,0,0,0,0,0,0,0,0,0,0,0,0,0,0,0,0,0,0,0,0,0,0,0,0,0,0,0,0,0,0,0,0,0,0,0,0,0,0,0,0,0,0,0,0,0,0,0,0,0,0,0,0,0,0,0,0,0,0,0,0,0,0,0,0,0,0,0,0,0,0,0,0,0,0,0,0,0,0,0,0,0,0,0,0,0,0,0,0,0,0,0,0,0
196,0,0,0,0,0,0,0,0,0,0,0,0,0,0,0,0,0,0,0,0,0,0,0,0,0,0,0,0,0,0,0,0,0,0,0,0,0,0,0,0,0,0,0,0,0,0,0,0,0,0,0,0,0,0,0,0,0,0,0,0,0,0,0,0,0,0,0,0,0,0,0,0,0,0,0,0,0,0,0,0,0,0,0,0,0,0,0,0,0,0,0,0,0,0,0,0
197,0,0,0,0,0,0,0,0,0,0,0,0,0,0,0,0,0,0,0,0,0,0,0,0,0,0,0,0,0,0,0,0,0,0,0,0,0,0,0,0,0,0,0,0,0,0,0,0,0,0,0,0,0,0,0,0,0,0,0,0,0,0,0,0,0,0,0,0,0,0,0,0,0,0,0,0,0,0,0,0,0,0,0,0,0,0,0,0,0,0,0,0,0,0,0,0
198,0,0,0,0,0,0,0,0,0,0,0,0,0,0,0,0,0,0,0,0,0,0,0,0,0,0,0,0,0,0,0,0,0,0,0,0,0,0,0,0,0,0,0,0,0,0,0,0,0,0,0,0,0,0,0,0,0,0,0,0,0,0,0,0,0,0,0,0,0,0,0,0,0,0,0,0,0,0,0,0,0,0,0,0,0,0,0,0,0,0,0,0,0,0,0,0
199,0,0,0,0,0,0,0,0,0,0,0,0,0,0,0,0,0,0,0,0,0,0,0,0,0,0,0,0,0,0,0,0,0,0,0,0,0,0,0,0,0,0,0,0,0,0,0,0,0,0,0,0,0,0,0,0,0,0,0,0,0,0,0,0,0,0,0,0,0,0,0,0,0,0,0,0,0,0,0,0,0,0,0,0,0,0,0,0,0,0,0,0,0,0,0,0
200,0,0,0,0,0,0,0,0,0,0,0,0,0,0,0,0,0,0,0,0,0,0,0,0,0,0,0,0,0,0,0,0,0,0,0,0,0,0,0,0,0,0,0,0,0,0,0,0,0,0,0,0,0,0,0,0,0,0,0,0,0,0,0,0,0,0,0,0,0,0,0,0,0,0,0,0,0,0,0,0,0,0,0,0,0,0,0,0,0,0,0,0,0,0,0,0
201,0,0,0,0,0,0,0,0,0,0,0,0,0,0,0,0,0,0,0,0,0,0,0,0,0,0,0,0,0,0,0,0,0,0,0,0,0,0,0,0,0,0,0,0,0,0,0,0,0,0,0,0,0,0,0,0,0,0,0,0,0,0,0,0,0,0,0,0,0,0,0,0,0,0,0,0,0,0,0,0,0,0,0,0,0,0,0,0,0,0,0,0,0,0,0,0
202,0,0,0,0,0,0,0,0,0,0,0,0,0,0,0,0,0,0,0,0,0,0,0,0,0,0,0,0,0,0,0,0,0,0,0,0,0,0,0,0,0,0,0,0,0,0,0,0,0,0,0,0,0,0,0,0,0,0,0,0,0,0,0,0,0,0,0,0,0,0,0,0,0,0,0,0,0,0,0,0,0,0,0,0,0,0,0,0,0,0,0,0,0,0,0,0
203,0,0,0,0,0,0,0,0,0,0,0,0,0,0,0,0,0,0,0,0,0,0,0,0,0,0,0,0,0,0,0,0,0,0,0,0,0,0,0,0,0,0,0,0,0,0,0,0,0,0,0,0,0,0,0,0,0,0,0,0,0,0,0,0,0,0,0,0,0,0,0,0,0,0,0,0,0,0,0,0,0,0,0,0,0,0,0,0,0,0,0,0,0,0,0,0
204,0,0,0,0,0,0,0,0,0,0,0,0,0,0,0,0,0,0,0,0,0,0,0,0,0,0,0,0,0,0,0,0,0,0,0,0,0,0,0,0,0,0,0,0,0,0,0,0,0,0,0,0,0,0,0,0,0,0,0,0,0,0,0,0,0,0,0,0,0,0,0,0,0,0,0,0,0,0,0,0,0,0,0,0,0,0,0,0,0,0,0,0,0,0,0,0
205,0,0,0,0,0,0,0,0,0,0,0,0,0,0,0,0,0,0,0,0,0,0,0,0,0,0,0,0,0,0,0,0,0,0,0,0,0,0,0,0,0,0,0,0,0,0,0,0,0,0,0,0,0,0,0,0,0,0,0,0,0,0,0,0,0,0,0,0,0,0,0,0,0,0,0,0,0,0,0,0,0,0,0,0,0,0,0,0,0,0,0,0,0,0,0,0
206,0,0,0,0,0,0,0,0,0,0,0,0,0,0,0,0,0,0,0,0,0,0,0,0,0,0,0,0,0,0,0,0,0,0,0,0,0,0,0,0,0,0,0,0,0,0,0,0,0,0,0,0,0,0,0,0,0,0,0,0,0,0,0,0,0,0,0,0,0,0,0,0,0,0,0,0,0,0,0,0,0,0,0,0,0,0,0,0,0,0,0,0,0,0,0,0
207,0,0,0,0,0,0,0,0,0,0,0,0,0,0,0,0,0,0,0,0,0,0,0,0,0,0,0,0,0,0,0,0,0,0,0,0,0,0,0,0,0,0,0,0,0,0,0,0,0,0,0,0,0,0,0,0,0,0,0,0,0,0,0,0,0,0,0,0,0,0,0,0,0,0,0,0,0,0,0,0,0,0,0,0,0,0,0,0,0,0,0,0,0,0,0,0
208,0,0,0,0,0,0,0,0,0,0,0,0,0,0,0,0,0,0,0,0,0,0,0,0,0,0,0,0,0,0,0,0,0,0,0,0,0,0,0,0,0,0,0,0,0,0,0,0,0,0,0,0,0,0,0,0,0,0,0,0,0,0,0,0,0,0,0,0,0,0,0,0,0,0,0,0,0,0,0,0,0,0,0,0,0,0,0,0,0,0,0,0,0,0,0,0
209,0,0,0,0,0,0,0,0,0,0,0,0,0,0,0,0,0,0,0,0,0,0,0,0,0,0,0,0,0,0,0,0,0,0,0,0,0,0,0,0,0,0,0,0,0,0,0,0,0,0,0,0,0,0,0,0,0,0,0,0,0,0,0,0,0,0,0,0,0,0,0,0,0,0,0,0,0,0,0,0,0,0,0,0,0,0,0,0,0,0,0,0,0,0,0,0
210,0,0,0,0,0,0,0,0,0,0,0,0,0,0,0,0,0,0,0,0,0,0,0,0,0,0,0,0,0,0,0,0,0,0,0,0,0,0,0,0,0,0,0,0,0,0,0,0,0,0,0,0,0,0,0,0,0,0,0,0,0,0,0,0,0,0,0,0,0,0,0,0,0,0,0,0,0,0,0,0,0,0,0,0,0,0,0,0,0,0,0,0,0,0,0,0
211,0,0,0,0,0,0,0,0,0,0,0,0,0,0,0,0,0,0,0,0,0,0,0,0,0,0,0,0,0,0,0,0,0,0,0,0,0,0,0,0,0,0,0,0,0,0,0,0,0,0,0,0,0,0,0,0,0,0,0,0,0,0,0,0,0,0,0,0,0,0,0,0,0,0,0,0,0,0,0,0,0,0,0,0,0,0,0,0,0,0,0,0,0,0,0,0
212,0,0,0,0,0,0,0,0,0,0,0,0,0,0,0,0,0,0,0,0,0,0,0,0,0,0,0,0,0,0,0,0,0,0,0,0,0,0,0,0,0,0,0,0,0,0,0,0,0,0,0,0,0,0,0,0,0,0,0,0,0,0,0,0,0,0,0,0,0,0,0,0,0,0,0,0,0,0,0,0,0,0,0,0,0,0,0,0,0,0,0,0,0,0,0,0
213,0,0,0,0,0,0,0,0,0,0,0,0,0,0,0,0,0,0,0,0,0,0,0,0,0,0,0,0,0,0,0,0,0,0,0,0,0,0,0,0,0,0,0,0,0,0,0,0,0,0,0,0,0,0,0,0,0,0,0,0,0,0,0,0,0,0,0,0,0,0,0,0,0,0,0,0,0,0,0,0,0,0,0,0,0,0,0,0,0,0,0,0,0,0,0,0
214,0,0,0,0,0,0,0,0,0,0,0,0,0,0,0,0,0,0,0,0,0,0,0,0,0,0,0,0,0,0,0,0,0,0,0,0,0,0,0,0,0,0,0,0,0,0,0,0,0,0,0,0,0,0,0,0,0,0,0,0,0,0,0,0,0,0,0,0,0,0,0,0,0,0,0,0,0,0,0,0,0,0,0,0,0,0,0,0,0,0,0,0,0,0,0,0
215,0,0,0,0,0,0,0,0,0,0,0,0,0,0,0,0,0,0,0,0,0,0,0,0,0,0,0,0,0,0,0,0,0,0,0,0,0,0,0,0,0,0,0,0,0,0,0,0,0,0,0,0,0,0,0,0,0,0,0,0,0,0,0,0,0,0,0,0,0,0,0,0,0,0,0,0,0,0,0,0,0,0,0,0,0,0,0,0,0,0,0,0,0,0,0,0
216,0,0,0,0,0,0,0,0,0,0,0,0,0,0,0,0,0,0,0,0,0,0,0,0,0,0,0,0,0,0,0,0,0,0,0,0,0,0,0,0,0,0,0,0,0,0,0,0,0,0,0,0,0,0,0,0,0,0,0,0,0,0,0,0,0,0,0,0,0,0,0,0,0,0,0,0,0,0,0,0,0,0,0,0,0,0,0,0,0,0,0,0,0,0,0,0
217,0,0,0,0,0,0,0,0,0,0,0,0,0,0,0,0,0,0,0,0,0,0,0,0,0,0,0,0,0,0,0,0,0,0,0,0,0,0,0,0,0,0,0,0,0,0,0,0,0,0,0,0,0,0,0,0,0,0,0,0,0,0,0,0,0,0,0,0,0,0,0,0,0,0,0,0,0,0,0,0,0,0,0,0,0,0,0,0,0,0,0,0,0,0,0,0
218,0,0,0,0,0,0,0,0,0,0,0,0,0,0,0,0,0,0,0,0,0,0,0,0,0,0,0,0,0,0,0,0,0,0,0,0,0,0,0,0,0,0,0,0,0,0,0,0,0,0,0,0,0,0,0,0,0,0,0,0,0,0,0,0,0,0,0,0,0,0,0,0,0,0,0,0,0,0,0,0,0,0,0,0,0,0,0,0,0,0,0,0,0,0,0,0
219,0,0,0,0,0,0,0,0,0,0,0,0,0,0,0,0,0,0,0,0,0,0,0,0,0,0,0,0,0,0,0,0,0,0,0,0,0,0,0,0,0,0,0,0,0,0,0,0,0,0,0,0,0,0,0,0,0,0,0,0,0,0,0,0,0,0,0,0,0,0,0,0,0,0,0,0,0,0,0,0,0,0,0,0,0,0,0,0,0,0,0,0,0,0,0,0
220,0,0,0,0,0,0,0,0,0,0,0,0,0,0,0,0,0,0,0,0,0,0,0,0,0,0,0,0,0,0,0,0,0,0,0,0,0,0,0,0,0,0,0,0,0,0,0,0,0,0,0,0,0,0,0,0,0,0,0,0,0,0,0,0,0,0,0,0,0,0,0,0,0,0,0,0,0,0,0,0,0,0,0,0,0,0,0,0,0,0,0,0,0,0,0,0
221,0,0,0,0,0,0,0,0,0,0,0,0,0,0,0,0,0,0,0,0,0,0,0,0,0,0,0,0,0,0,0,0,0,0,0,0,0,0,0,0,0,0,0,0,0,0,0,0,0,0,0,0,0,0,0,0,0,0,0,0,0,0,0,0,0,0,0,0,0,0,0,0,0,0,0,0,0,0,0,0,0,0,0,0,0,0,0,0,0,0,0,0,0,0,0,0
222,0,0,0,0,0,0,0,0,0,0,0,0,0,0,0,0,0,0,0,0,0,0,0,0,0,0,0,0,0,0,0,0,0,0,0,0,0,0,0,0,0,0,0,0,0,0,0,0,0,0,0,0,0,0,0,0,0,0,0,0,0,0,0,0,0,0,0,0,0,0,0,0,0,0,0,0,0,0,0,0,0,0,0,0,0,0,0,0,0,0,0,0,0,0,0,0
223,0,0,0,0,0,0,0,0,0,0,0,0,0,0,0,0,0,0,0,0,0,0,0,0,0,0,0,0,0,0,0,0,0,0,0,0,0,0,0,0,0,0,0,0,0,0,0,0,0,0,0,0,0,0,0,0,0,0,0,0,0,0,0,0,0,0,0,0,0,0,0,0,0,0,0,0,0,0,0,0,0,0,0,0,0,0,0,0,0,0,0,0,0,0,0,0
224,0,0,0,0,0,0,0,0,0,0,0,0,0,0,0,0,0,0,0,0,0,0,0,0,0,0,0,0,0,0,0,0,0,0,0,0,0,0,0,0,0,0,0,0,0,0,0,0,0,0,0,0,0,0,0,0,0,0,0,0,0,0,0,0,0,0,0,0,0,0,0,0,0,0,0,0,0,0,0,0,0,0,0,0,0,0,0,0,0,0,0,0,0,0,0,0
225,0,0,0,0,0,0,0,0,0,0,0,0,0,0,0,0,0,0,0,0,0,0,0,0,0,0,0,0,0,0,0,0,0,0,0,0,0,0,0,0,0,0,0,0,0,0,0,0,0,0,0,0,0,0,0,0,0,0,0,0,0,0,0,0,0,0,0,0,0,0,0,0,0,0,0,0,0,0,0,0,0,0,0,0,0,0,0,0,0,0,0,0,0,0,0,0
226,0,0,0,0,0,0,0,0,0,0,0,0,0,0,0,0,0,0,0,0,0,0,0,0,0,0,0,0,0,0,0,0,0,0,0,0,0,0,0,0,0,0,0,0,0,0,0,0,0,0,0,0,0,0,0,0,0,0,0,0,0,0,0,0,0,0,0,0,0,0,0,0,0,0,0,0,0,0,0,0,0,0,0,0,0,0,0,0,0,0,0,0,0,0,0,0
227,0,0,0,0,0,0,0,0,0,0,0,0,0,0,0,0,0,0,0,0,0,0,0,0,0,0,0,0,0,0,0,0,0,0,0,0,0,0,0,0,0,0,0,0,0,0,0,0,0,0,0,0,0,0,0,0,0,0,0,0,0,0,0,0,0,0,0,0,0,0,0,0,0,0,0,0,0,0,0,0,0,0,0,0,0,0,0,0,0,0,0,0,0,0,0,0
228,0,0,0,0,0,0,0,0,0,0,0,0,0,0,0,0,0,0,0,0,0,0,0,0,0,0,0,0,0,0,0,0,0,0,0,0,0,0,0,0,0,0,0,0,0,0,0,0,0,0,0,0,0,0,0,0,0,0,0,0,0,0,0,0,0,0,0,0,0,0,0,0,0,0,0,0,0,0,0,0,0,0,0,0,0,0,0,0,0,0,0,0,0,0,0,0
229,0,0,0,0,0,0,0,0,0,0,0,0,0,0,0,0,0,0,0,0,0,0,0,0,0,0,0,0,0,0,0,0,0,0,0,0,0,0,0,0,0,0,0,0,0,0,0,0,0,0,0,0,0,0,0,0,0,0,0,0,0,0,0,0,0,0,0,0,0,0,0,0,0,0,0,0,0,0,0,0,0,0,0,0,0,0,0,0,0,0,0,0,0,0,0,0
230,0,0,0,0,0,0,0,0,0,0,0,0,0,0,0,0,0,0,0,0,0,0,0,0,0,0,0,0,0,0,0,0,0,0,0,0,0,0,0,0,0,0,0,0,0,0,0,0,0,0,0,0,0,0,0,0,0,0,0,0,0,0,0,0,0,0,0,0,0,0,0,0,0,0,0,0,0,0,0,0,0,0,0,0,0,0,0,0,0,0,0,0,0,0,0,0
231,0,0,0,0,0,0,0,0,0,0,0,0,0,0,0,0,0,0,0,0,0,0,0,0,0,0,0,0,0,0,0,0,0,0,0,0,0,0,0,0,0,0,0,0,0,0,0,0,0,0,0,0,0,0,0,0,0,0,0,0,0,0,0,0,0,0,0,0,0,0,0,0,0,0,0,0,0,0,0,0,0,0,0,0,0,0,0,0,0,0,0,0,0,0,0,0
232,0,0,0,0,0,0,0,0,0,0,0,0,0,0,0,0,0,0,0,0,0,0,0,0,0,0,0,0,0,0,0,0,0,0,0,0,0,0,0,0,0,0,0,0,0,0,0,0,0,0,0,0,0,0,0,0,0,0,0,0,0,0,0,0,0,0,0,0,0,0,0,0,0,0,0,0,0,0,0,0,0,0,0,0,0,0,0,0,0,0,0,0,0,0,0,0
233,0,0,0,0,0,0,0,0,0,0,0,0,0,0,0,0,0,0,0,0,0,0,0,0,0,0,0,0,0,0,0,0,0,0,0,0,0,0,0,0,0,0,0,0,0,0,0,0,0,0,0,0,0,0,0,0,0,0,0,0,0,0,0,0,0,0,0,0,0,0,0,0,0,0,0,0,0,0,0,0,0,0,0,0,0,0,0,0,0,0,0,0,0,0,0,0
234,0,0,0,0,0,0,0,0,0,0,0,0,0,0,0,0,0,0,0,0,0,0,0,0,0,0,0,0,0,0,0,0,0,0,0,0,0,0,0,0,0,0,0,0,0,0,0,0,0,0,0,0,0,0,0,0,0,0,0,0,0,0,0,0,0,0,0,0,0,0,0,0,0,0,0,0,0,0,0,0,0,0,0,0,0,0,0,0,0,0,0,0,0,0,0,0
235,0,0,0,0,0,0,0,0,0,0,0,0,0,0,0,0,0,0,0,0,0,0,0,0,0,0,0,0,0,0,0,0,0,0,0,0,0,0,0,0,0,0,0,0,0,0,0,0,0,0,0,0,0,0,0,0,0,0,0,0,0,0,0,0,0,0,0,0,0,0,0,0,0,0,0,0,0,0,0,0,0,0,0,0,0,0,0,0,0,0,0,0,0,0,0,0
236,0,0,0,0,0,0,0,0,0,0,0,0,0,0,0,0,0,0,0,0,0,0,0,0,0,0,0,0,0,0,0,0,0,0,0,0,0,0,0,0,0,0,0,0,0,0,0,0,0,0,0,0,0,0,0,0,0,0,0,0,0,0,0,0,0,0,0,0,0,0,0,0,0,0,0,0,0,0,0,0,0,0,0,0,0,0,0,0,0,0,0,0,0,0,0,0
237,0,0,0,0,0,0,0,0,0,0,0,0,0,0,0,0,0,0,0,0,0,0,0,0,0,0,0,0,0,0,0,0,0,0,0,0,0,0,0,0,0,0,0,0,0,0,0,0,0,0,0,0,0,0,0,0,0,0,0,0,0,0,0,0,0,0,0,0,0,0,0,0,0,0,0,0,0,0,0,0,0,0,0,0,0,0,0,0,0,0,0,0,0,0,0,0
238,0,0,0,0,0,0,0,0,0,0,0,0,0,0,0,0,0,0,0,0,0,0,0,0,0,0,0,0,0,0,0,0,0,0,0,0,0,0,0,0,0,0,0,0,0,0,0,0,0,0,0,0,0,0,0,0,0,0,0,0,0,0,0,0,0,0,0,0,0,0,0,0,0,0,0,0,0,0,0,0,0,0,0,0,0,0,0,0,0,0,0,0,0,0,0,0
239,0,0,0,0,0,0,0,0,0,0,0,0,0,0,0,0,0,0,0,0,0,0,0,0,0,0,0,0,0,0,0,0,0,0,0,0,0,0,0,0,0,0,0,0,0,0,0,0,0,0,0,0,0,0,0,0,0,0,0,0,0,0,0,0,0,0,0,0,0,0,0,0,0,0,0,0,0,0,0,0,0,0,0,0,0,0,0,0,0,0,0,0,0,0,0,0
240,0,0,0,0,0,0,0,0,0,0,0,0,0,0,0,0,0,0,0,0,0,0,0,0,0,0,0,0,0,0,0,0,0,0,0,0,0,0,0,0,0,0,0,0,0,0,0,0,0,0,0,0,0,0,0,0,0,0,0,0,0,0,0,0,0,0,0,0,0,0,0,0,0,0,0,0,0,0,0,0,0,0,0,0,0,0,0,0,0,0,0,0,0,0,0,0
241,0,0,0,0,0,0,0,0,0,0,0,0,0,0,0,0,0,0,0,0,0,0,0,0,0,0,0,0,0,0,0,0,0,0,0,0,0,0,0,0,0,0,0,0,0,0,0,0,0,0,0,0,0,0,0,0,0,0,0,0,0,0,0,0,0,0,0,0,0,0,0,0,0,0,0,0,0,0,0,0,0,0,0,0,0,0,0,0,0,0,0,0,0,0,0,0
242,0,0,0,0,0,0,0,0,0,0,0,0,0,0,1,0,0,0,0,0,0,0,0,0,0,0,0,0,0,0,0,0,0,0,0,0,0,0,0,0,0,0,0,0,0,0,0,0,0,0,0,0,0,0,0,0,0,0,0,0,0,0,0,0,0,0,0,0,0,0,0,0,0,0,0,0,0,0,0,0,0,0,0,0,0,0,0,0,0,0,0,0,0,0,0,0
243,0,0,0,0,0,0,0,0,0,0,0,0,0,0,1,0,0,0,0,0,0,0,0,0,0,0,0,0,0,0,0,0,0,0,0,0,0,0,0,0,0,0,0,0,0,0,0,0,0,0,0,0,0,0,0,0,0,0,0,0,0,0,0,0,0,0,0,0,0,0,0,0,0,0,0,0,0,0,0,0,0,0,0,0,0,0,0,0,0,0,0,0,0,0,0,0
244,0,0,0,0,0,0,0,0,0,0,0,0,0,0,1,0,0,0,0,0,0,0,0,0,0,0,0,0,0,0,0,0,0,0,0,0,0,0,0,0,0,0,0,0,0,0,0,0,0,0,0,0,0,0,0,0,0,0,0,0,0,0,0,0,0,0,0,0,0,0,0,0,0,0,0,0,0,0,0,0,0,0,0,0,0,0,0,0,0,0,0,0,0,0,0,0
245,0,0,0,0,0,0,0,0,0,0,0,0,0,0,1,0,0,0,0,0,0,0,0,0,0,0,0,0,0,0,0,0,0,0,0,0,0,0,0,0,0,0,0,0,0,0,0,0,0,0,0,0,0,0,0,0,0,0,0,0,0,0,0,0,0,0,0,0,0,0,0,0,0,0,0,0,0,0,0,0,0,0,0,0,0,0,0,0,0,0,0,0,0,0,0,0
246,0,0,0,0,0,0,0,0,0,0,0,0,0,0,1,0,0,0,0,0,0,0,0,0,0,0,0,0,0,0,0,0,0,0,0,0,0,0,0,0,0,0,0,0,0,0,0,0,0,0,0,0,0,0,0,0,0,0,0,0,0,0,0,0,0,0,0,0,0,0,0,0,0,0,0,0,0,0,0,0,0,0,0,0,0,0,0,0,0,0,0,0,0,0,0,0
247,0,0,0,0,0,0,0,0,0,0,0,0,0,0,1,0,0,0,0,0,0,0,0,0,0,0,0,0,0,0,0,0,0,0,0,0,0,0,0,0,0,0,0,0,0,0,0,0,0,0,0,0,0,0,0,0,0,0,0,0,0,0,0,0,0,0,0,0,0,0,0,0,0,0,0,0,0,0,0,0,0,0,0,0,0,0,0,0,0,0,0,0,0,0,0,0
248,0,0,0,0,0,0,0,0,0,0,0,0,0,0,1,0,0,0,0,0,0,0,0,0,0,0,0,0,0,0,0,0,0,0,0,0,0,0,0,0,0,0,0,0,0,0,0,0,0,0,0,0,0,0,0,0,0,0,0,0,0,0,0,0,0,0,0,0,0,0,0,0,0,0,0,0,0,0,0,0,0,0,0,0,0,0,0,0,0,0,0,0,0,0,0,0
249,0,0,0,0,0,0,0,0,0,0,0,0,0,0,1,0,0,0,0,0,0,0,0,0,0,0,0,0,0,0,0,0,0,0,0,0,0,0,0,0,0,0,0,0,0,0,0,0,0,0,0,0,0,0,0,0,0,0,0,0,0,0,0,0,0,0,0,0,0,0,0,0,0,0,0,0,0,0,0,0,0,0,0,0,0,0,0,0,0,0,0,0,0,0,0,0
250,0,0,0,0,0,0,0,0,0,0,0,0,0,0,1,0,0,0,0,0,0,0,0,0,0,0,0,0,0,0,0,0,0,0,0,0,0,0,0,0,0,0,0,0,0,0,0,0,0,0,0,0,0,0,0,0,0,0,0,0,0,0,0,0,0,0,0,0,0,0,0,0,0,0,0,0,0,0,0,0,0,0,0,0,0,0,0,0,0,0,0,0,0,0,0,0
251,0,0,0,0,0,0,0,0,0,0,0,0,0,0,1,0,0,0,0,0,0,0,0,0,0,0,0,0,0,0,0,0,0,0,0,0,0,0,0,0,0,0,0,0,0,0,0,0,0,0,0,0,0,1,0,0,0,0,0,0,0,0,0,0,0,0,0,0,0,0,0,0,0,0,0,0,0,0,0,0,0,0,0,0,0,0,0,0,0,0,0,0,0,0,0,0
252,0,0,0,0,0,0,0,0,0,0,0,0,0,0,1,0,0,0,0,0,0,0,0,0,0,0,0,0,0,0,0,0,0,0,0,0,0,0,0,0,0,0,0,0,0,0,0,0,0,0,0,0,0,1,0,0,0,0,0,0,0,0,0,0,0,0,0,0,0,0,0,0,0,0,0,0,0,0,0,0,0,0,0,0,0,0,0,0,0,0,0,0,0,0,0,0
253,0,0,0,0,0,0,0,0,0,0,0,0,0,0,1,0,0,0,0,0,0,0,0,0,0,0,0,0,0,0,0,0,0,0,0,0,0,0,0,0,0,0,0,0,0,0,0,0,0,0,0,0,0,1,0,0,0,0,0,0,0,0,0,0,0,0,0,0,0,0,0,0,0,0,0,0,0,0,0,0,0,0,0,0,0,0,0,0,0,0,0,0,0,0,0,0
254,0,0,0,0,0,0,0,0,0,0,0,0,0,0,1,0,0,0,0,0,0,0,0,0,0,0,0,0,0,0,0,0,0,0,0,0,0,0,0,0,0,0,0,0,0,0,0,0,0,0,0,0,0,1,0,0,0,0,0,0,0,0,0,0,0,0,0,0,0,0,0,0,0,0,0,0,0,0,0,0,0,0,0,0,0,0,0,0,0,0,0,0,0,0,0,0
255,0,0,0,0,0,0,0,0,0,0,0,0,0,0,1,0,0,0,0,0,0,0,0,0,0,0,0,0,0,0,0,0,0,0,0,0,0,0,0,0,0,0,0,0,0,0,0,0,0,0,0,0,0,1,0,0,0,0,0,0,0,0,0,0,0,0,0,0,0,0,0,0,0,0,0,0,0,0,0,0,0,0,0,0,0,0,0,0,0,0,0,0,0,0,0,0
256,0,0,0,0,0,0,0,0,0,0,0,0,0,0,1,0,0,0,0,0,0,0,0,0,0,0,0,0,0,0,0,0,0,0,0,0,0,0,0,0,0,0,0,0,0,0,0,0,0,0,0,0,0,1,0,0,0,0,0,0,0,0,0,0,0,0,0,0,0,0,0,0,0,0,0,0,0,0,0,0,0,0,0,0,0,0,0,0,0,0,0,0,0,0,0,0
257,0,0,0,0,0,0,0,0,0,0,0,0,0,0,1,0,0,0,0,0,0,0,0,0,0,0,0,0,0,0,0,0,0,0,0,0,0,0,0,0,0,0,0,0,0,0,0,0,0,0,0,0,0,1,0,0,0,0,0,0,0,0,0,0,0,0,0,0,0,0,0,0,0,0,0,0,0,0,0,0,0,0,0,0,0,0,0,0,0,0,0,0,0,0,0,0
258,0,0,0,0,0,0,0,0,0,0,0,0,0,0,1,0,0,0,0,0,0,0,0,0,0,0,0,0,0,0,0,0,0,0,0,0,0,0,0,0,0,0,0,0,0,0,0,0,0,0,0,0,0,1,0,0,0,0,0,0,0,0,0,0,0,0,0,0,0,0,0,0,0,0,0,0,0,0,0,0,0,0,0,0,0,0,0,0,0,0,0,0,0,0,0,0
259,0,0,0,0,0,0,0,0,0,0,0,0,0,0,1,0,0,0,0,0,0,0,0,0,0,0,0,0,0,0,0,0,0,0,0,0,0,0,0,0,0,0,0,0,0,0,0,0,0,0,0,0,0,1,0,0,0,0,0,0,0,0,0,0,0,0,0,0,0,0,0,0,0,0,0,0,0,0,0,0,0,0,0,0,0,0,0,0,0,0,0,0,0,0,0,0
260,0,0,0,0,0,0,0,0,0,0,0,0,0,0,1,0,0,0,0,0,0,0,0,0,0,0,0,0,0,0,0,0,0,0,0,0,0,0,0,0,0,0,0,0,0,0,0,0,0,0,0,0,0,1,0,0,0,0,0,0,0,0,0,0,0,0,0,0,0,0,0,0,0,0,0,0,0,0,0,0,0,0,0,0,0,0,0,0,0,0,0,0,0,0,0,0
261,0,0,0,0,0,0,0,0,0,0,0,0,0,0,1,0,0,0,0,0,0,0,0,0,0,0,0,0,0,0,0,0,0,0,0,0,0,0,0,0,0,0,0,0,0,0,0,0,0,0,0,0,0,1,0,0,0,0,0,0,0,0,0,0,0,0,0,0,0,0,0,0,0,0,0,0,0,0,0,0,0,0,0,0,0,0,0,0,0,0,0,0,0,0,0,0
262,0,0,0,0,0,0,0,0,0,0,0,0,0,0,1,0,0,0,0,0,0,0,0,0,0,0,0,0,0,0,0,0,0,0,0,0,0,0,0,0,0,0,0,0,0,0,0,0,0,0,0,0,0,1,0,0,0,0,0,0,0,0,0,0,0,0,0,0,0,0,0,0,0,0,0,0,0,0,0,0,0,0,0,0,0,0,0,0,0,0,0,0,0,0,0,0
263,0,0,0,0,0,0,0,0,0,0,0,0,0,0,1,0,0,0,0,0,0,0,0,0,0,0,0,0,0,0,0,0,0,0,0,0,0,0,0,0,0,0,0,0,0,0,0,0,0,0,0,0,0,1,0,0,0,0,0,0,0,0,0,0,0,0,0,0,0,0,0,0,0,0,0,0,0,0,0,0,0,0,0,0,0,0,0,0,0,0,0,0,0,0,0,0
264,0,0,0,0,0,0,0,0,0,0,0,0,0,0,1,0,0,0,0,0,0,0,0,0,0,0,0,0,0,0,0,0,0,0,0,0,0,0,0,0,0,0,0,0,0,0,0,0,0,0,0,0,0,1,0,0,0,0,0,0,0,0,0,0,0,0,0,0,0,0,0,0,0,0,0,0,0,0,0,0,0,0,0,0,0,0,0,0,0,0,0,0,0,0,0,0
265,0,0,0,0,0,0,0,0,0,0,0,0,0,0,1,0,0,0,0,0,0,0,0,0,0,0,0,0,0,0,0,0,0,0,0,0,0,0,0,0,0,0,0,0,0,0,0,0,0,0,0,0,0,1,0,0,0,0,0,0,0,0,0,0,0,0,0,0,0,0,0,0,0,0,0,0,0,0,0,0,0,0,0,0,0,0,0,0,0,0,0,0,0,0,0,0
266,0,0,0,0,0,0,0,0,0,0,0,0,0,0,1,0,0,0,0,0,0,0,0,0,0,0,0,0,0,0,0,0,0,0,0,0,0,0,0,0,0,0,0,0,0,0,0,0,0,0,0,0,0,1,0,0,0,0,0,0,0,0,0,0,0,0,0,0,0,0,0,0,0,0,0,0,0,0,0,0,0,0,0,0,0,0,0,0,0,0,0,0,0,0,0,0
267,0,0,0,0,0,0,0,0,0,0,0,0,0,0,1,0,0,0,0,0,0,0,0,0,0,0,0,0,0,0,0,0,0,0,0,0,0,0,0,0,0,0,0,0,0,0,0,0,0,0,0,0,0,1,0,0,0,0,0,0,0,0,0,0,0,0,0,0,0,0,0,0,0,0,0,0,0,0,0,0,0,0,0,0,0,0,0,0,0,0,0,0,0,0,0,0
268,0,0,0,0,0,0,0,0,0,0,0,0,0,0,1,0,0,0,0,0,0,0,0,0,0,0,0,0,0,0,0,0,0,0,0,0,0,0,0,0,0,0,0,0,0,0,0,0,0,0,0,0,0,1,0,0,0,0,0,0,0,0,0,0,0,0,0,0,0,0,0,0,0,0,0,0,0,0,0,0,0,0,0,0,0,0,0,0,0,0,0,0,0,0,0,0
269,0,0,0,0,0,0,0,0,0,0,0,0,0,0,1,0,0,0,0,0,0,0,0,0,0,0,0,0,0,0,0,0,0,0,0,0,0,0,0,0,0,0,0,0,0,0,0,0,0,0,0,0,0,1,0,0,0,0,0,0,0,0,0,0,0,0,0,0,0,0,0,0,0,0,0,0,0,0,0,0,0,0,0,0,0,0,0,0,0,0,0,0,0,0,0,0
270,0,0,0,0,0,0,0,0,0,0,0,0,0,0,1,0,0,0,0,0,0,0,0,0,0,0,0,0,0,0,0,0,0,0,0,0,0,0,0,0,0,0,0,0,0,0,0,0,0,0,0,0,0,1,0,0,0,0,0,0,0,0,0,0,0,0,0,0,0,0,0,0,0,0,0,0,0,0,0,0,0,0,0,0,0,0,0,0,0,0,0,0,0,0,0,0
271,0,0,0,0,0,0,0,0,0,0,0,0,0,0,1,0,0,0,0,0,0,0,0,0,0,0,0,0,0,0,0,0,0,0,0,0,0,0,0,0,0,0,0,0,0,0,0,0,0,0,0,0,0,1,0,0,0,0,0,0,0,0,0,0,0,0,0,0,0,0,0,0,0,0,0,0,0,0,0,0,0,0,0,0,0,0,0,0,0,0,0,0,0,0,0,0
272,0,0,0,0,0,0,0,0,0,0,0,0,0,0,1,0,0,0,0,0,0,0,0,0,0,0,0,0,0,0,0,0,0,0,0,0,0,0,0,0,0,0,1,0,0,0,0,0,0,0,0,0,0,1,0,0,0,0,0,0,0,0,0,0,0,0,0,0,0,0,0,0,0,0,0,0,0,0,0,0,0,0,0,0,0,0,0,0,0,0,0,0,0,0,0,0
273,0,0,0,0,0,0,0,0,0,0,0,0,0,0,1,0,0,0,0,0,0,0,0,0,0,0,0,0,0,0,0,0,0,0,0,0,0,0,0,0,0,0,1,0,0,0,0,0,0,0,0,0,0,1,0,0,0,0,0,0,0,0,0,0,0,0,0,0,0,0,0,0,0,0,0,0,0,0,0,0,0,0,0,0,0,0,0,0,0,0,0,0,0,0,0,0
274,0,0,0,0,0,0,0,0,0,0,0,0,0,0,1,0,0,0,0,0,0,0,0,0,0,0,0,0,0,0,0,0,0,0,0,0,0,0,0,0,0,0,1,0,0,0,0,0,0,0,0,0,0,1,0,0,0,0,0,0,0,0,0,0,0,0,0,0,0,0,0,0,0,0,0,0,0,0,0,0,0,0,0,0,0,0,0,0,0,0,0,0,0,0,0,0
275,0,0,0,0,0,0,0,0,0,0,0,0,0,0,1,0,0,0,0,0,0,0,0,0,0,0,0,0,0,0,0,0,0,0,0,0,0,0,0,0,0,0,1,0,0,0,0,0,0,0,0,0,0,1,0,0,0,0,0,0,0,0,0,0,0,0,0,0,0,0,0,0,0,0,0,0,0,0,0,0,0,0,0,0,0,0,0,0,0,0,0,0,0,0,0,0
276,0,0,0,0,0,0,0,0,0,0,0,0,0,0,1,0,0,0,0,0,0,0,0,0,0,0,0,0,0,0,0,0,0,0,0,0,0,0,0,0,0,0,1,0,0,0,0,0,0,0,0,0,0,1,0,0,0,0,0,0,0,0,0,0,0,0,0,0,0,0,0,0,0,0,0,0,0,0,0,0,0,0,0,0,0,0,0,0,0,0,0,0,0,0,0,0
277,0,0,0,0,0,0,0,0,0,0,0,0,0,0,1,0,0,0,0,0,0,0,0,0,0,0,0,0,0,0,0,0,0,0,0,0,0,0,0,0,0,0,1,0,0,0,0,0,0,0,0,0,0,1,0,0,0,0,0,0,0,0,0,0,0,0,0,0,0,0,0,0,0,0,0,0,0,0,0,0,0,0,0,0,0,0,0,0,0,0,0,0,0,0,0,0
278,0,0,0,0,0,0,0,0,0,0,0,0,0,0,1,0,0,0,0,0,0,0,0,0,0,0,0,0,0,0,0,0,0,0,0,0,0,0,0,0,0,0,1,0,0,0,0,0,0,0,0,0,0,1,0,0,0,0,0,0,0,0,1,0,0,0,0,0,0,0,0,0,0,0,0,0,0,0,0,0,0,0,0,0,0,0,0,0,0,0,0,0,0,0,0,0
279,0,0,0,0,0,0,0,0,0,0,0,0,0,0,1,0,0,0,0,0,0,0,0,0,0,0,0,0,0,0,0,0,0,0,0,0,0,0,0,0,0,0,1,0,0,0,0,0,0,0,0,0,0,1,0,0,0,0,0,0,0,0,1,0,0,0,0,0,0,0,0,0,0,0,0,0,0,0,0,0,0,0,0,0,0,0,0,0,0,0,0,0,0,0,0,0
280,0,0,0,0,0,0,0,0,0,0,0,0,0,0,1,0,0,0,0,0,0,0,0,0,0,0,0,0,0,0,0,0,0,0,0,0,0,0,0,0,0,0,1,0,0,0,0,0,0,0,0,0,0,1,0,0,0,0,0,0,0,0,1,0,0,0,0,0,0,0,0,0,0,0,0,0,0,0,0,0,0,0,0,0,0,0,0,0,0,0,0,0,0,0,0,0
281,1,0,0,0,0,0,0,0,0,0,0,0,0,0,1,0,0,0,0,0,0,0,0,0,0,0,0,0,0,0,0,0,0,0,0,0,0,0,0,0,0,0,1,0,0,0,0,0,0,0,0,0,0,1,0,0,0,0,0,0,0,0,1,0,0,0,0,0,0,0,0,0,0,0,0,0,0,0,0,0,0,0,0,0,0,0,0,0,0,0,0,0,0,0,0,0
282,1,0,0,0,0,0,0,0,0,0,0,0,0,0,1,0,0,0,0,0,0,0,0,0,0,0,0,0,0,0,0,0,0,0,0,0,0,0,0,0,0,0,1,0,0,0,0,0,0,0,0,0,0,1,0,0,0,0,0,0,0,0,1,0,0,0,0,0,0,0,0,0,0,0,0,0,0,0,0,0,0,0,0,0,0,0,0,0,0,0,0,0,0,0,0,0
283,1,0,0,0,0,0,0,0,0,0,0,0,0,0,1,0,0,0,0,0,0,0,0,0,0,0,0,0,0,0,0,0,0,0,0,0,0,0,0,0,0,0,1,0,0,0,0,0,0,0,0,0,0,1,0,0,0,0,0,0,0,0,1,0,0,0,0,0,0,0,0,0,0,0,0,0,0,0,0,0,0,0,0,0,0,0,0,0,0,0,0,0,0,0,0,0
284,1,0,0,0,0,0,0,0,0,0,0,0,0,0,1,0,0,0,0,0,0,0,0,0,0,0,0,0,0,0,0,0,0,0,0,0,0,0,0,0,0,0,1,0,0,0,0,0,0,0,0,0,0,1,0,0,0,0,0,0,0,0,1,0,0,0,0,0,0,0,0,0,0,0,0,0,0,0,0,0,0,0,0,0,0,0,0,0,0,0,0,0,0,0,0,0
285,1,0,0,0,0,0,0,0,0,0,0,0,0,0,1,0,0,0,0,0,0,0,0,0,0,0,0,0,0,0,0,0,0,0,0,0,0,0,0,0,0,0,1,0,0,0,0,0,0,0,0,0,0,1,0,0,0,0,0,0,0,0,1,0,0,0,0,0,0,0,0,0,0,0,0,0,0,0,0,0,0,0,0,0,0,0,0,0,0,0,0,0,0,0,0,0
286,1,0,0,0,0,0,0,0,0,0,0,0,0,0,1,0,0,0,0,0,0,0,0,0,0,0,0,0,0,0,0,0,0,0,0,0,0,0,0,0,0,0,1,0,0,0,0,0,0,0,0,0,0,1,0,0,0,0,0,0,0,0,1,0,0,0,0,0,0,0,0,0,0,0,0,0,0,0,0,0,0,0,0,0,0,0,0,0,0,0,0,0,0,0,0,0
287,1,0,0,0,0,0,0,0,0,0,0,0,0,0,1,0,0,0,0,0,0,0,0,0,0,0,0,0,0,0,0,0,0,0,0,0,0,0,0,0,0,0,1,0,0,0,0,0,0,0,0,0,0,1,0,0,0,0,0,0,0,0,1,0,0,0,0,0,0,0,0,0,0,0,0,0,0,0,0,0,0,0,0,0,0,0,0,0,0,0,0,0,0,0,0,0
288,1,0,0,0,0,0,0,0,0,0,0,0,0,0,1,0,0,0,0,0,0,0,0,0,0,0,0,0,0,0,0,0,0,0,0,0,0,0,0,0,0,0,1,0,0,0,0,0,0,0,0,0,0,1,0,0,0,0,0,0,0,0,1,0,0,0,0,0,0,0,0,0,0,0,0,0,0,0,0,0,0,0,0,0,0,0,0,0,0,0,0,0,0,0,0,0
289,1,0,0,0,0,0,0,0,0,0,0,0,0,0,1,0,0,0,0,0,0,0,0,0,0,0,0,0,0,0,0,0,0,0,0,0,0,0,0,0,0,0,1,0,0,0,0,0,0,0,0,0,0,1,0,0,0,0,0,0,0,0,1,0,0,0,0,0,0,0,0,0,0,0,0,0,0,0,0,0,0,0,0,0,0,0,0,0,0,0,0,0,0,0,0,0
290,1,0,0,0,0,0,1,0,0,0,0,0,0,0,1,0,0,0,0,0,0,0,0,0,0,0,0,0,0,0,0,0,0,0,0,0,0,0,0,0,0,0,1,0,0,0,0,0,0,0,0,0,0,1,0,0,0,0,0,0,0,0,1,0,0,0,0,0,0,0,0,0,0,0,0,0,0,0,0,0,0,0,0,0,0,0,0,0,0,0,0,0,0,0,0,0
291,1,0,0,0,0,0,1,0,0,0,0,0,0,0,1,0,0,0,0,0,0,0,0,0,0,0,0,0,0,0,0,0,0,0,0,0,0,0,0,0,0,0,1,0,0,0,0,0,0,0,0,0,0,1,0,0,0,0,0,0,0,0,1,0,0,0,0,0,0,0,0,0,0,0,0,0,0,0,0,0,0,0,0,0,0,0,0,0,0,0,0,0,0,0,0,0
292,1,0,0,0,0,0,1,0,0,0,0,0,0,0,1,0,0,0,0,0,0,0,0,0,0,0,0,0,0,0,0,0,0,0,0,0,0,0,0,0,0,0,1,0,0,0,0,0,0,0,0,0,0,1,0,0,0,0,0,0,0,0,1,0,0,0,0,0,0,0,0,0,0,0,0,0,0,0,0,0,0,0,0,0,0,0,0,0,0,0,0,0,0,0,0,0
293,1,0,0,0,0,0,1,0,0,0,0,0,0,0,0,0,0,0,0,0,0,0,0,0,0,0,0,0,0,0,0,0,0,0,0,0,0,0,0,0,0,0,1,0,0,0,0,0,0,0,0,0,0,1,0,0,0,0,0,0,0,0,1,0,0,0,0,0,0,0,0,0,0,0,0,0,0,0,0,0,0,0,0,0,0,0,0,0,0,0,0,0,0,0,0,0
294,1,0,0,0,0,0,1,0,0,0,0,0,0,0,0,0,0,0,0,0,0,0,0,0,0,0,0,0,0,0,0,0,0,0,0,0,0,0,0,0,0,0,1,0,0,0,0,0,0,0,0,0,0,1,0,0,0,0,0,0,0,0,1,0,0,0,0,0,0,0,0,0,0,0,0,0,0,0,0,0,0,0,0,0,0,0,0,0,0,0,0,0,0,0,0,0
295,1,0,0,0,0,0,1,0,0,0,0,0,0,0,0,0,0,0,0,0,0,0,0,0,0,0,0,0,0,0,0,0,0,0,0,0,0,0,0,0,0,0,1,0,0,0,0,0,0,0,0,0,0,1,0,0,0,0,0,0,0,0,1,0,0,0,0,0,0,0,0,0,0,0,0,0,0,0,0,0,0,0,0,0,0,0,0,0,0,0,0,0,0,0,0,0
296,1,0,0,0,0,0,1,0,0,0,0,0,0,0,0,0,0,0,0,0,0,0,0,0,0,0,0,0,0,0,0,0,0,0,0,0,0,0,0,0,0,0,1,0,0,0,0,0,0,0,0,0,0,1,0,0,0,0,0,0,0,0,1,0,0,0,0,0,0,0,0,0,0,0,0,0,0,0,0,0,0,0,0,0,0,0,0,0,0,0,0,0,0,0,0,0
297,1,0,0,0,0,0,1,0,0,0,0,0,0,0,0,0,0,0,0,0,0,0,0,0,0,0,0,0,0,0,0,0,0,0,0,0,0,0,0,0,0,0,1,0,0,0,0,0,0,0,0,0,0,1,0,0,0,0,0,0,0,0,1,0,0,0,0,0,0,0,0,0,0,0,0,0,0,0,0,0,0,0,0,0,0,0,0,0,0,0,0,0,0,0,0,0
298,1,0,0,0,0,0,1,0,0,0,0,0,0,0,0,0,0,0,0,0,0,0,0,0,0,0,0,0,0,0,0,0,0,0,0,0,0,0,0,0,0,0,1,0,0,0,0,0,0,0,0,0,0,1,0,0,0,0,0,0,0,0,1,0,0,0,0,0,0,0,0,0,0,0,0,0,0,0,0,0,0,0,0,0,0,0,0,0,0,0,0,0,0,0,0,0
299,1,0,0,0,0,0,1,0,0,0,0,0,0,0,0,0,0,0,0,0,0,0,0,0,0,0,0,0,0,0,0,0,0,0,0,0,0,0,0,0,0,0,1,0,0,0,0,0,0,0,0,0,0,1,0,0,0,0,0,0,0,0,1,0,0,0,0,0,0,0,0,0,0,0,0,0,0,0,0,0,0,0,0,0,0,0,0,0,0,0,0,0,0,0,0,0
300,1,0,0,0,0,0,1,0,0,0,0,0,0,0,0,0,0,0,0,0,0,0,0,0,0,0,0,0,0,0,0,0,0,0,0,0,0,0,0,0,0,0,1,0,0,0,0,0,0,0,0,0,0,1,0,0,0,0,0,0,0,0,1,0,0,0,0,0,0,0,0,0,0,0,0,0,0,0,0,0,0,0,0,0,0,0,0,0,0,0,0,0,0,0,0,0
301,1,0,0,0,0,0,1,0,0,0,0,0,0,0,0,0,0,0,0,0,0,0,0,0,0,0,0,0,0,0,0,0,0,0,0,0,0,0,0,0,0,0,1,0,0,0,0,0,0,0,0,0,0,1,0,0,0,0,0,0,0,0,1,0,0,0,0,0,0,0,0,0,0,0,0,0,0,0,0,0,0,0,0,0,0,0,0,0,0,0,0,0,0,0,0,0
302,1,0,0,0,0,0,1,0,0,0,0,0,0,0,0,0,0,0,0,0,0,0,0,0,0,0,0,0,0,0,0,0,0,0,0,0,0,0,0,0,0,0,1,0,0,0,0,0,0,0,0,0,0,1,0,0,0,0,0,0,0,0,1,0,0,0,0,0,0,0,0,0,0,0,0,0,0,0,0,0,0,0,0,0,0,0,0,0,0,0,0,0,0,0,0,0
303,1,0,0,0,0,0,1,0,0,0,0,0,0,0,0,0,0,0,0,0,0,0,0,0,0,0,0,0,0,0,0,0,0,0,0,0,0,0,0,0,0,0,1,0,0,0,0,0,0,0,0,0,0,1,0,0,0,0,0,0,0,0,1,0,0,0,0,0,0,0,0,0,0,0,0,0,0,0,0,0,0,0,0,0,0,0,0,0,0,0,0,0,0,0,0,0
304,1,0,0,0,0,0,1,0,0,0,0,0,0,0,0,0,0,0,0,0,0,0,0,0,0,0,0,0,0,0,0,0,0,0,0,1,0,0,0,0,0,0,1,0,0,0,0,0,0,0,0,0,0,1,0,0,0,0,0,0,0,0,1,0,0,0,0,0,0,0,0,0,0,0,0,0,0,0,0,0,0,0,0,0,0,0,0,0,0,0,0,0,0,0,0,0
305,1,0,0,0,0,0,2,0,0,0,0,0,0,0,0,0,0,0,0,0,0,0,0,0,0,0,0,0,0,0,0,0,0,0,0,1,0,0,0,0,0,0,1,0,0,0,0,0,0,0,0,0,0,1,0,0,0,0,0,0,0,0,1,0,0,0,0,0,0,0,0,0,0,0,0,0,0,0,0,0,0,0,0,0,0,0,0,0,0,0,0,0,0,0,0,0
306,1,0,0,0,0,0,2,0,0,0,0,0,0,0,0,0,0,0,0,0,0,0,0,0,0,0,0,0,0,0,0,0,0,0,0,1,0,0,0,0,0,0,1,0,0,0,0,0,0,0,0,0,0,1,0,0,0,0,0,0,0,0,1,0,0,0,0,0,0,0,0,0,0,0,0,0,0,0,0,0,0,0,0,0,0,0,0,0,0,0,0,0,0,0,0,0
307,1,0,0,0,0,0,2,0,0,0,0,0,0,0,0,0,0,0,0,0,0,0,0,0,0,0,0,0,0,0,0,0,0,0,0,1,0,0,0,0,0,0,1,0,0,0,0,0,0,0,0,0,0,1,0,0,0,0,0,0,0,0,1,0,0,0,0,0,0,0,0,0,0,0,0,0,0,0,0,0,0,0,0,0,0,0,0,0,0,0,0,0,0,0,0,0
308,1,0,0,0,0,0,2,0,0,0,0,0,0,0,0,0,0,0,0,0,0,0,0,0,0,0,0,0,0,0,0,0,0,0,0,1,0,0,0,0,0,0,1,0,0,0,0,0,0,0,0,0,0,1,0,0,0,0,0,0,0,0,1,0,0,0,0,0,0,0,0,0,0,0,0,0,0,0,0,0,0,0,0,0,0,0,0,0,0,0,0,0,0,0,0,0
309,1,0,0,0,0,0,2,0,0,0,0,0,0,0,0,0,0,0,0,0,0,0,0,0,0,0,0,0,0,0,0,0,0,0,0,1,0,0,0,0,0,0,1,0,0,0,0,0,0,0,0,0,0,1,0,0,0,0,0,0,0,0,1,0,0,0,0,0,0,0,0,0,0,0,0,0,0,0,0,0,0,0,0,0,0,0,0,0,0,0,0,0,0,0,0,0
310,1,0,0,0,0,0,2,0,0,0,0,0,0,0,0,0,0,0,0,0,0,0,0,0,0,0,0,0,0,0,0,0,0,0,0,1,0,0,0,0,0,0,1,0,0,0,0,0,0,0,0,0,0,1,0,0,0,0,0,0,0,0,1,0,0,0,0,0,0,0,0,0,0,0,0,0,0,0,0,0,0,0,0,0,0,0,0,0,0,0,0,0,0,0,0,0
311,1,0,0,0,0,0,2,0,0,0,0,0,0,0,0,0,0,0,0,0,0,0,0,0,0,0,0,0,0,0,0,0,0,0,0,1,0,0,0,0,0,0,1,0,0,0,0,0,0,0,0,0,0,1,0,0,0,0,0,0,0,0,1,0,0,0,0,0,0,0,0,0,0,0,0,0,0,0,0,0,0,0,0,0,0,0,0,0,0,0,0,0,0,0,0,0
312,1,0,0,0,0,0,2,0,0,0,0,0,0,0,0,0,0,0,0,0,0,0,0,0,0,0,0,0,0,0,0,0,0,0,0,1,0,0,0,0,0,0,1,0,0,0,0,0,0,0,0,0,0,1,0,0,0,0,0,0,0,0,1,0,0,0,0,0,0,0,0,0,0,0,0,0,0,0,0,0,0,0,0,0,0,0,0,0,0,0,0,0,0,0,0,0
313,1,0,0,0,0,0,2,0,0,0,0,0,0,0,0,0,0,0,0,0,0,0,0,0,0,0,0,0,0,0,0,0,0,0,0,1,0,0,0,0,0,0,1,0,0,0,0,0,0,0,0,0,0,1,0,0,0,0,0,0,0,0,1,0,0,0,0,0,0,0,0,0,0,0,0,0,0,0,0,0,0,0,0,0,0,0,0,0,0,0,0,0,0,0,0,0
314,1,0,0,0,0,0,2,0,0,0,0,0,0,0,0,0,0,0,0,0,0,0,0,0,0,0,0,0,0,0,0,0,0,0,0,1,0,0,0,0,0,0,1,0,0,0,0,0,0,0,0,0,0,1,0,0,0,0,0,0,0,0,1,0,0,0,0,0,0,0,0,0,0,0,0,0,0,0,0,0,0,0,0,0,0,0,0,0,0,0,0,0,0,0,0,0
315,1,0,0,0,0,0,2,0,0,0,0,0,0,0,0,0,0,0,0,0,0,0,0,0,0,0,0,0,0,0,0,0,0,0,0,1,0,0,0,0,0,0,1,0,0,0,0,0,0,0,0,0,0,1,0,0,0,0,0,0,0,0,1,0,0,0,0,0,0,0,0,0,0,0,0,0,0,0,0,0,0,0,0,0,0,0,0,0,0,0,0,0,0,0,0,0
316,1,0,0,0,0,0,2,0,0,0,0,0,0,0,0,0,0,0,0,0,0,0,0,0,0,0,0,0,0,0,0,0,0,0,0,1,0,0,0,0,0,0,1,0,0,0,0,0,0,0,0,0,0,1,0,0,0,0,0,0,0,0,1,0,0,0,0,0,0,0,0,0,0,0,0,0,0,0,0,0,0,0,0,0,0,0,0,0,0,0,0,0,0,0,0,0
317,1,0,0,0,0,0,2,0,0,0,0,0,0,0,0,0,0,0,0,0,0,0,0,0,0,0,0,0,0,0,0,0,0,0,0,1,0,0,0,0,0,0,1,0,0,0,0,0,0,0,0,0,0,1,0,0,0,0,0,0,0,0,1,0,0,0,0,0,0,0,0,0,0,0,0,0,0,0,0,0,0,0,0,0,0,0,0,0,0,0,0,0,0,0,0,0
318,1,0,0,0,0,0,2,0,0,0,0,0,0,0,0,0,0,0,0,0,0,0,0,0,0,0,0,0,0,0,0,0,0,0,0,1,0,0,0,0,0,0,1,0,0,0,0,0,0,0,0,0,0,1,0,0,0,0,0,0,0,0,1,0,0,0,0,0,0,0,0,0,0,0,0,0,0,0,0,0,0,0,0,0,0,0,0,0,0,0,0,0,0,0,0,0
319,1,0,0,0,0,0,2,0,0,0,0,0,0,0,0,0,0,0,0,0,0,0,0,0,0,0,0,0,0,0,0,0,0,0,0,1,0,0,0,0,0,0,1,0,0,0,0,0,0,0,0,0,0,1,0,0,0,0,0,0,0,0,1,0,0,0,0,0,0,0,0,0,0,0,0,0,0,0,0,0,0,0,0,0,0,0,0,0,0,0,0,0,0,0,0,0
320,1,0,0,0,0,0,2,0,0,0,0,0,0,0,0,0,0,0,0,0,0,0,0,0,0,0,0,0,0,0,0,0,0,0,0,1,0,0,0,0,0,0,1,0,0,0,0,0,0,0,0,0,0,1,0,0,0,0,0,0,0,0,1,0,0,0,0,0,0,0,0,0,0,0,0,0,0,0,0,0,0,0,0,0,0,0,0,0,0,0,0,0,0,0,0,0
321,1,0,0,0,0,0,2,0,0,0,0,0,0,0,0,0,0,0,0,0,0,0,0,0,0,0,0,0,0,0,0,0,0,0,0,1,0,0,0,0,0,0,1,0,0,0,0,0,0,0,0,0,0,1,0,0,0,0,0,0,0,0,1,0,0,0,0,0,0,0,0,0,0,0,0,0,0,0,0,0,0,0,0,0,0,0,0,0,0,0,0,0,0,0,0,0
322,1,0,0,0,0,0,2,0,0,0,0,0,0,0,0,0,0,0,0,0,0,0,0,0,0,0,0,0,0,0,0,0,0,0,0,1,0,0,0,0,0,0,1,0,0,0,0,0,0,0,0,0,0,1,0,0,0,0,0,0,0,0,1,0,0,0,0,0,0,0,0,0,0,0,0,0,0,0,0,0,0,0,0,0,0,0,0,0,0,0,0,0,0,0,0,0
323,1,0,0,0,0,0,2,0,0,0,0,0,0,0,0,0,0,0,0,0,0,0,0,0,0,0,0,0,0,0,0,0,0,0,0,1,0,0,0,0,0,0,1,0,0,0,0,0,0,0,0,0,0,1,0,0,0,0,0,0,0,0,1,0,0,0,0,0,0,0,0,0,0,0,0,0,0,0,0,0,0,0,0,0,0,0,0,0,0,0,0,0,0,0,0,0
324,1,0,0,0,0,0,2,0,0,0,0,0,0,0,0,0,0,0,0,0,0,0,0,0,0,0,0,0,0,0,0,0,0,0,0,1,0,0,0,0,0,0,1,0,0,0,0,0,0,0,0,0,0,1,0,0,0,0,0,0,0,0,1,0,0,0,0,0,0,0,0,0,0,0,0,0,0,0,0,0,0,0,0,0,0,0,0,0,0,0,0,0,0,0,0,0
325,1,0,0,0,0,0,2,0,0,0,0,0,0,0,0,0,0,0,0,0,0,0,0,0,0,0,0,0,0,0,0,0,0,0,0,1,0,0,0,0,0,0,1,0,0,0,0,0,0,0,0,0,0,1,0,0,0,0,0,0,0,0,1,0,0,0,0,0,0,0,0,0,0,0,0,0,0,0,0,0,0,0,0,0,0,0,0,0,0,0,0,0,0,0,0,0
326,1,0,0,0,0,0,2,0,0,0,0,0,0,0,0,0,0,0,0,0,0,0,0,0,0,0,0,0,0,0,0,0,0,0,0,1,0,0,0,0,0,0,1,0,0,0,0,0,0,0,0,0,0,1,0,0,0,0,0,0,0,0,1,0,0,0,0,0,0,0,0,0,0,0,0,0,0,0,0,0,0,0,0,0,0,0,0,0,0,0,0,0,0,0,0,0
327,1,0,0,0,0,0,2,0,0,0,0,0,0,0,0,0,0,0,0,0,0,0,0,0,0,0,0,0,0,0,0,0,0,0,0,1,0,0,0,0,0,0,1,0,0,0,0,0,0,0,0,0,0,1,0,0,0,0,0,0,0,0,1,0,0,0,0,0,0,0,0,0,0,0,0,0,0,0,0,0,0,0,0,0,0,0,0,0,0,0,0,0,0,0,0,0
328,1,0,0,0,0,0,2,0,0,0,0,0,0,0,0,0,0,0,0,0,0,0,0,0,0,0,0,0,0,0,0,0,0,0,0,1,0,0,0,0,0,0,1,0,0,0,0,0,0,0,0,0,0,1,0,0,0,0,0,0,0,0,1,0,0,0,0,0,0,0,0,0,0,0,0,0,0,0,0,0,0,0,0,0,0,0,0,0,0,0,0,0,0,0,0,0
329,1,0,0,0,0,0,2,0,0,0,0,0,0,0,0,0,0,0,0,0,0,0,0,0,0,0,0,0,0,0,0,0,0,0,0,1,0,0,0,0,0,0,1,0,0,0,0,0,0,0,0,0,0,1,0,0,0,0,0,0,0,0,1,0,0,0,0,0,0,0,0,0,0,0,0,0,0,0,0,0,0,0,0,0,0,0,0,0,0,0,0,0,0,0,0,0
330,1,0,0,0,0,0,2,0,0,0,0,0,0,0,0,0,0,0,0,0,0,0,0,0,0,0,0,0,0,0,0,0,0,0,0,1,0,0,0,0,0,0,1,0,0,0,0,0,0,0,0,0,0,1,0,0,0,0,0,0,0,0,1,0,0,0,0,0,0,0,0,0,0,0,0,0,0,0,0,0,0,0,0,0,0,0,0,0,0,0,0,0,0,0,0,0
331,1,0,0,0,0,0,2,0,0,0,0,0,0,0,0,0,0,0,0,0,0,0,0,0,0,0,0,0,0,0,0,0,0,0,0,1,0,0,0,0,0,0,1,0,0,0,0,0,0,0,0,0,0,1,0,0,0,0,0,0,0,0,1,0,0,0,0,0,0,0,0,0,0,0,0,0,0,0,0,0,0,0,0,0,0,0,0,0,0,0,0,0,0,0,0,0
332,1,0,0,0,0,0,2,0,0,0,0,0,0,0,0,0,0,0,0,0,0,0,0,0,0,0,0,0,0,0,0,0,0,0,0,1,0,0,0,0,0,0,1,0,0,0,0,0,0,0,0,0,0,1,0,0,0,0,0,0,0,0,1,0,0,0,0,0,0,0,0,0,0,0,0,0,0,0,0,0,0,0,0,0,0,0,0,0,0,0,0,0,0,0,0,0
333,1,0,0,0,0,0,2,0,0,0,0,0,0,0,0,0,0,0,0,0,0,0,0,0,0,0,0,0,0,0,0,0,0,0,0,1,0,0,0,0,0,0,1,0,0,0,0,0,0,0,0,0,0,1,0,0,0,0,0,0,0,0,1,0,0,0,0,0,0,0,0,0,0,0,0,0,0,0,0,0,0,0,0,0,0,0,0,0,0,0,0,0,0,0,0,0
334,1,0,0,0,0,0,2,0,0,0,0,0,0,0,0,0,0,0,0,0,0,0,0,0,0,0,0,0,0,0,0,0,0,0,0,1,0,0,0,0,0,0,1,0,0,0,0,0,0,0,0,0,0,1,0,0,0,0,0,0,0,0,1,0,0,0,0,0,0,0,0,0,0,0,0,0,0,0,0,0,0,0,0,0,0,0,0,0,0,0,0,0,0,0,0,0
335,1,0,0,0,0,0,2,0,0,0,0,0,0,0,0,0,0,0,0,0,0,0,0,0,0,0,0,0,0,0,0,0,0,0,0,1,0,0,0,0,0,0,1,0,0,0,0,0,0,0,0,0,0,1,0,0,0,0,0,0,0,0,1,0,0,0,0,0,0,0,0,0,0,0,0,0,0,0,0,0,0,0,0,0,0,0,0,0,0,0,0,0,0,0,0,0
336,1,0,0,0,0,0,2,0,0,0,0,0,0,0,0,0,0,0,0,0,0,0,0,0,0,0,0,0,0,0,0,0,0,0,0,1,0,0,0,0,0,0,1,0,0,0,0,0,0,0,0,0,0,1,0,0,0,0,0,0,0,0,1,0,0,0,0,0,0,0,0,0,0,0,0,0,0,0,0,0,0,0,0,0,0,0,0,0,0,0,0,0,0,0,0,0
337,1,0,0,0,0,0,2,0,0,0,0,0,0,0,0,0,0,0,0,0,0,0,0,0,0,0,0,0,0,0,0,0,0,0,0,1,0,0,0,0,0,0,1,0,0,0,0,0,0,0,0,0,0,1,0,0,0,0,0,0,0,0,1,0,0,0,0,0,0,0,0,0,0,0,0,0,0,0,0,0,0,0,0,0,0,0,0,0,0,0,0,0,0,0,0,0
338,1,0,0,0,0,0,2,0,0,0,0,0,0,0,0,0,0,0,0,0,0,0,0,0,0,0,0,0,0,0,0,0,0,0,0,1,0,0,0,0,0,0,1,0,0,0,0,0,0,0,0,0,0,1,0,0,0,0,0,0,0,0,1,0,0,0,0,0,0,0,0,0,0,0,0,0,0,0,0,0,0,0,0,0,0,0,0,0,0,0,0,0,0,0,0,0
339,1,0,0,0,0,0,2,0,0,0,0,0,0,0,0,0,0,0,0,0,0,0,0,0,0,0,0,0,0,0,0,0,0,0,0,1,0,0,0,0,0,0,1,0,0,0,0,0,0,0,0,0,0,1,0,0,0,0,0,0,0,0,1,1,0,0,0,0,0,0,0,0,0,0,0,0,0,0,0,0,0,0,0,0,0,0,0,0,0,0,0,0,0,0,0,0
340,1,0,0,0,0,0,2,0,0,0,0,0,0,0,0,0,0,0,0,0,0,0,0,0,0,0,0,0,0,0,0,0,0,0,0,1,0,0,0,0,0,0,1,0,0,0,0,0,0,0,0,0,0,1,0,0,0,0,0,0,0,0,1,1,0,0,0,0,0,0,0,0,0,0,0,0,0,0,0,0,0,0,0,0,0,0,0,0,0,0,0,0,0,0,0,0
341,1,0,0,0,0,0,2,0,0,0,0,0,0,0,0,0,0,0,0,0,0,0,0,0,0,0,0,0,0,0,0,0,0,0,0,1,0,0,0,0,0,0,1,0,0,0,0,0,0,0,0,0,0,1,0,0,0,0,0,0,0,0,1,1,0,0,0,0,0,0,0,0,0,0,0,0,0,0,0,0,0,0,0,0,0,0,0,0,0,0,0,0,0,0,0,0
342,1,0,0,0,0,0,2,0,0,0,0,0,0,0,0,0,0,0,0,0,0,0,0,0,0,0,0,0,0,0,0,0,0,0,0,1,0,0,0,0,0,0,1,0,0,0,0,0,0,0,0,0,0,1,0,0,0,0,0,0,0,0,1,1,0,1,0,0,0,0,0,0,0,0,0,0,0,0,0,0,0,0,0,0,0,0,0,0,0,0,0,0,0,0,0,0
343,1,0,0,0,0,0,2,0,0,0,0,0,0,0,0,0,0,0,0,0,0,0,0,0,0,0,0,0,0,0,0,0,0,0,0,1,0,0,0,0,0,0,1,0,0,0,0,0,0,0,0,0,0,1,0,0,0,0,0,0,0,0,1,1,0,1,0,0,0,0,0,0,0,0,0,0,0,0,0,0,0,0,0,0,0,0,0,0,0,0,0,0,0,0,0,0
344,1,0,0,0,0,0,2,0,0,0,0,0,0,0,0,0,0,0,0,0,0,0,0,0,0,0,0,0,0,0,0,0,0,0,0,1,0,0,0,0,0,0,1,0,0,0,0,0,0,0,0,0,0,1,0,0,0,0,0,0,0,0,1,1,0,1,0,0,0,0,0,0,0,0,0,0,0,0,0,0,0,0,0,0,0,0,0,0,0,0,0,0,0,0,0,0
345,1,0,0,0,0,0,2,0,0,0,0,0,0,0,0,0,0,0,0,0,0,0,0,0,0,0,0,0,0,0,0,0,0,0,0,1,0,0,0,0,0,0,1,0,0,0,0,0,0,0,0,0,0,1,0,0,0,0,0,0,0,0,1,1,0,1,0,0,0,0,0,0,0,0,0,0,0,0,0,0,0,0,0,0,0,0,0,0,0,0,0,0,0,0,0,0
346,1,0,0,0,0,0,2,0,0,0,0,0,0,0,0,0,0,0,0,0,0,0,0,0,0,0,0,0,0,0,0,0,0,0,0,1,0,0,0,0,0,0,1,0,0,0,0,0,0,0,0,0,0,1,0,0,0,0,0,0,0,0,1,1,0,1,0,0,0,0,0,0,0,0,0,0,0,0,0,0,0,0,0,0,0,0,0,0,0,0,0,0,0,0,0,0
347,1,0,0,0,0,0,2,0,0,0,0,0,0,0,0,0,0,0,0,0,0,0,0,0,0,0,0,0,0,0,0,0,0,0,0,1,0,0,0,0,0,0,1,0,0,0,0,0,0,0,0,0,0,1,0,0,0,0,0,0,0,0,1,1,0,1,0,0,0,0,0,0,0,0,0,0,0,0,0,0,0,0,0,0,0,0,0,0,0,0,0,0,0,0,0,0
348,1,0,0,0,0,0,2,0,0,0,0,0,0,0,0,0,0,0,0,0,0,0,0,0,0,0,0,0,0,0,0,0,0,0,0,1,0,0,0,0,0,0,1,0,0,0,0,0,0,0,0,0,0,1,0,0,0,0,0,0,0,0,1,1,0,1,0,0,0,0,0,0,0,0,0,0,0,0,0,0,0,0,0,0,0,0,0,0,0,0,0,0,0,0,0,0
349,1,0,0,0,0,0,2,0,0,0,0,0,0,0,0,0,0,0,0,0,0,0,0,0,0,0,0,0,0,0,0,0,0,0,0,1,0,0,0,0,0,0,1,0,0,0,0,0,0,0,0,0,0,1,0,0,0,0,0,0,0,0,1,1,0,1,0,0,0,0,0,0,0,0,0,0,0,0,0,0,0,0,0,0,0,0,0,0,0,0,0,0,0,0,0,0
350,1,0,0,0,0,0,2,0,0,0,0,0,0,0,0,0,0,0,0,0,0,0,0,0,0,0,0,0,0,0,0,0,0,0,0,1,0,0,0,0,0,0,1,0,0,0,0,0,0,0,0,0,0,1,0,0,0,0,0,0,0,0,1,1,0,1,0,0,0,0,0,0,0,0,0,0,0,0,0,0,0,0,0,0,0,0,0,0,0,0,0,0,0,0,0,0
351,1,0,0,0,0,0,2,0,0,0,0,0,0,0,0,0,0,0,0,0,0,0,0,0,0,0,0,0,0,0,0,0,0,0,0,1,0,0,0,0,0,0,1,0,0,0,0,0,0,0,0,0,0,1,0,0,0,0,0,0,0,0,1,1,0,1,0,0,0,0,0,0,0,0,0,0,0,0,0,0,0,0,0,0,0,0,0,0,0,0,0,0,0,0,0,0
352,1,0,0,0,0,0,2,0,0,0,0,0,0,0,0,0,0,0,0,0,0,0,0,0,0,0,0,0,0,0,0,0,0,0,0,1,0,0,0,0,0,0,1,0,0,0,0,0,0,0,0,0,0,1,0,0,0,0,0,0,0,0,1,1,0,1,0,0,0,0,0,0,0,0,0,0,0,0,0,0,0,0,0,0,0,0,0,0,0,0,0,0,0,0,0,0
353,1,0,0,0,0,0,2,0,0,0,0,0,0,0,0,0,0,0,0,0,0,0,0,0,0,0,0,0,0,0,0,0,0,0,0,1,0,0,0,0,0,0,1,0,0,0,0,0,0,0,0,0,0,1,0,0,0,0,0,0,0,0,1,1,0,1,0,0,0,0,0,0,0,0,0,0,0,0,0,0,0,0,0,0,0,0,0,0,0,0,0,0,0,0,0,0
354,1,0,0,0,0,0,2,0,0,0,0,0,0,0,0,0,0,0,0,0,0,0,0,0,0,0,0,0,0,0,0,0,0,0,0,1,0,0,0,0,0,0,1,0,0,0,0,0,0,0,0,0,0,1,0,0,0,0,0,0,0,0,1,1,0,1,0,0,0,0,0,0,0,0,0,0,0,0,0,0,0,0,0,0,0,0,0,0,0,0,0,0,0,0,0,0
355,1,0,0,0,0,0,2,0,0,0,0,0,0,0,0,0,0,0,0,0,0,0,0,0,0,0,0,0,0,0,0,0,0,0,0,1,0,0,0,0,0,0,1,0,0,0,0,0,0,0,0,0,0,1,0,0,0,0,0,0,0,0,1,1,0,1,0,0,0,0,0,0,0,0,0,0,0,0,0,0,0,0,0,0,0,0,0,0,0,0,0,0,0,0,0,0
356,1,0,0,0,0,0,2,0,0,0,0,0,0,0,0,0,0,0,0,0,0,0,0,0,0,0,0,0,0,0,0,0,0,0,0,1,0,0,0,0,0,0,1,0,0,0,0,0,0,0,0,0,0,1,0,0,0,0,0,0,0,0,1,1,0,1,0,0,0,0,0,0,0,0,0,0,0,0,0,0,0,0,0,0,0,0,0,0,0,0,0,0,0,0,0,0
357,1,0,0,0,0,0,2,0,0,0,0,0,0,0,0,0,0,0,0,0,0,0,0,0,0,0,0,0,0,0,0,0,0,0,0,1,0,0,0,0,0,0,1,0,0,0,0,0,0,0,0,0,0,1,0,0,0,0,0,0,0,0,1,1,0,1,0,0,0,0,0,0,0,0,0,0,0,0,0,0,0,0,0,0,0,0,0,0,0,0,0,0,0,0,0,0
358,1,0,0,0,0,0,2,0,0,0,0,0,0,0,0,0,0,0,0,0,0,0,0,0,0,0,0,0,0,0,0,0,0,0,0,1,0,0,0,0,0,0,1,0,0,0,0,0,0,0,0,0,0,1,0,0,0,0,0,0,0,0,1,1,0,1,0,0,0,0,0,0,0,0,0,0,0,0,0,0,0,0,0,0,0,0,0,0,0,0,0,0,0,0,0,0
359,1,0,0,0,0,0,2,0,0,0,0,0,0,0,0,0,0,0,0,0,0,0,0,0,0,0,0,0,0,0,0,0,0,0,0,1,0,0,0,0,0,0,1,0,0,0,0,0,0,0,0,0,0,1,0,0,0,0,0,0,0,0,1,1,0,1,0,0,0,0,0,0,0,0,0,0,0,0,0,0,0,0,0,0,0,0,0,0,0,0,0,0,0,0,0,0
360,1,0,0,0,0,0,2,0,0,0,0,0,0,0,0,0,0,0,0,0,0,0,0,0,0,0,0,0,0,0,0,0,0,0,0,1,0,0,0,0,0,0,1,0,0,0,0,0,0,0,0,0,0,1,0,0,0,0,0,0,0,0,1,1,0,1,0,0,0,0,0,0,0,0,0,0,0,0,0,0,0,0,0,0,0,0,0,0,0,0,0,0,0,0,0,0
361,1,0,0,0,0,0,2,0,0,0,0,0,0,0,0,0,0,0,0,0,0,0,0,0,0,0,0,0,0,0,0,0,0,0,0,1,0,0,0,0,0,0,1,0,0,0,0,0,0,0,0,0,0,1,0,0,0,0,0,0,0,0,1,1,0,1,0,0,0,0,0,0,0,0,0,0,0,0,0,0,0,0,0,0,0,0,0,0,0,0,0,0,0,0,0,0
362,1,0,0,0,0,0,2,0,0,0,0,0,0,0,0,0,0,0,0,0,0,0,0,0,0,0,0,0,0,0,0,0,0,0,0,1,0,0,0,0,0,0,1,0,0,0,0,0,0,0,0,0,0,1,0,0,0,0,0,0,0,0,1,1,0,1,0,0,0,0,0,0,0,0,0,0,0,0,0,0,0,0,0,0,0,0,0,0,0,0,0,0,0,0,0,0
363,1,0,0,0,0,0,2,0,0,0,0,0,0,0,0,0,0,0,0,0,0,0,0,0,0,0,0,0,0,0,0,0,0,0,0,1,0,0,0,0,0,0,1,0,0,0,0,0,0,0,0,0,0,1,0,0,0,0,0,0,0,0,1,1,0,1,0,0,0,0,0,0,0,0,0,0,0,0,0,0,0,0,0,0,0,0,0,0,0,0,0,0,0,0,0,0
364,1,0,0,0,0,0,2,0,0,0,0,0,0,0,0,0,0,0,0,0,0,0,0,0,0,0,0,0,0,0,0,0,0,0,0,1,0,0,0,0,0,0,1,0,0,0,0,0,0,0,0,0,0,1,0,0,0,0,0,0,0,0,1,1,0,1,0,0,0,0,0,0,0,0,0,0,0,0,0,0,0,0,0,0,0,0,0,0,0,0,0,0,0,0,0,0
365,1,0,0,0,0,0,2,0,0,0,0,0,0,0,0,0,0,0,0,0,0,0,0,0,0,0,0,0,0,0,0,0,0,0,0,1,0,0,0,0,0,0,1,0,0,0,0,0,0,0,0,0,0,1,0,0,0,0,0,0,0,0,1,1,0,1,0,0,0,0,0,0,0,0,0,0,0,0,0,0,0,0,0,0,0,0,0,0,0,0,0,0,0,0,0,0
366,1,0,0,0,0,0,2,0,0,0,0,0,0,0,0,0,0,0,0,0,0,0,0,0,0,0,0,0,0,0,0,0,0,0,0,1,0,0,0,0,0,0,1,0,0,0,0,0,0,0,0,0,0,1,0,0,0,0,0,0,0,0,1,1,0,1,0,0,0,0,0,0,0,0,0,0,0,0,0,0,0,0,0,0,0,0,0,0,0,0,0,0,0,0,0,0
367,1,0,0,0,0,0,2,0,0,0,0,0,0,0,0,0,0,0,0,0,0,0,0,0,0,0,0,0,0,0,0,0,0,0,0,1,0,0,0,0,0,0,1,0,0,0,0,0,0,0,0,0,0,1,0,0,0,0,0,0,0,0,1,1,0,1,0,0,0,0,0,0,0,0,0,0,0,0,0,0,0,0,0,0,0,0,0,0,0,0,0,0,0,0,0,0
368,1,0,0,0,0,0,2,0,0,0,0,0,0,0,0,0,0,0,0,0,0,0,0,0,0,0,0,0,0,0,0,0,0,0,0,1,0,0,0,0,0,0,1,0,0,0,0,0,0,0,0,0,0,1,0,0,0,0,0,0,0,0,1,1,0,1,0,0,0,0,0,0,0,0,0,0,0,0,0,0,0,0,0,0,0,0,0,0,0,0,0,0,0,0,0,0
369,1,0,0,0,0,0,2,0,0,0,0,0,0,0,0,0,0,0,0,0,0,0,0,0,0,0,0,0,0,0,0,0,0,0,0,1,0,0,0,0,0,0,1,0,0,0,0,0,0,0,0,0,0,1,0,0,0,0,0,0,0,0,1,1,0,1,0,0,0,0,0,0,0,0,0,0,0,0,0,0,0,0,0,0,0,0,0,0,0,0,0,0,0,0,0,0
370,1,0,0,0,0,0,2,0,0,0,0,0,0,0,0,0,0,0,0,0,0,0,0,0,0,0,0,0,0,0,0,0,0,0,0,1,0,0,0,0,0,0,1,0,0,0,0,0,0,0,0,0,0,1,0,0,0,0,0,0,0,0,1,1,0,1,0,0,0,0,0,0,0,0,0,0,0,0,0,0,0,0,0,0,0,0,0,0,0,0,0,0,0,0,0,0
371,1,0,0,0,0,0,2,0,0,0,0,0,0,0,0,0,0,0,0,0,0,0,0,0,0,0,0,0,0,0,0,0,0,0,0,1,0,0,0,0,0,0,1,0,0,0,0,0,0,0,0,0,0,1,0,0,0,0,0,0,0,0,1,1,0,1,0,0,0,0,0,0,0,0,0,0,0,0,0,0,0,0,0,0,0,0,0,0,0,1,0,0,0,0,0,0
372,1,0,0,0,0,0,2,0,0,0,0,0,0,0,0,0,0,0,0,0,0,0,0,0,0,0,0,0,0,0,0,0,0,0,0,1,0,0,0,0,0,0,1,0,0,0,0,0,0,0,0,0,0,1,0,0,0,0,0,0,0,0,1,1,0,1,0,0,0,0,0,0,0,0,0,0,0,0,0,0,0,0,0,0,0,0,0,0,0,1,0,0,0,0,0,0
373,1,0,0,0,0,0,2,0,0,0,0,0,0,0,0,0,0,0,0,0,0,0,0,0,0,0,0,0,0,0,0,0,0,0,0,1,0,0,0,0,0,0,1,0,0,0,0,0,0,0,0,0,0,1,0,0,0,0,0,0,0,0,1,1,0,1,0,0,0,0,0,0,0,0,0,0,0,0,0,0,0,0,0,0,0,0,0,0,0,1,0,0,0,0,0,0
374,1,0,0,0,0,0,2,0,0,0,0,0,0,0,0,0,0,0,0,0,0,0,0,0,0,0,0,0,0,0,0,0,0,0,0,1,0,0,0,0,0,0,1,0,0,0,0,0,0,0,0,0,0,1,0,0,0,0,0,0,0,0,1,1,0,1,0,0,0,0,0,0,0,0,0,0,0,0,0,0,0,0,0,0,0,0,0,0,0,1,0,0,0,0,0,0
375,1,0,0,0,0,0,2,0,0,0,0,0,0,0,0,0,0,0,0,0,0,0,0,0,0,0,0,0,0,0,0,0,0,0,0,1,0,0,0,0,0,0,1,0,0,0,0,0,0,0,0,0,0,1,0,0,0,0,0,0,0,0,1,1,0,1,0,0,0,0,0,0,0,0,0,0,0,0,0,0,0,0,0,0,0,0,0,0,0,1,0,0,0,0,0,0
376,1,0,0,0,0,0,2,0,0,0,0,0,0,0,0,0,0,0,0,0,0,0,0,0,0,0,0,0,0,0,0,0,0,0,0,1,0,0,0,0,0,0,1,0,0,0,0,0,0,0,0,0,0,1,0,0,0,0,0,0,0,0,1,1,0,1,0,0,0,0,0,0,0,0,0,0,0,0,0,0,0,0,0,0,0,0,0,0,0,1,0,0,0,0,0,0
377,1,0,0,0,0,0,2,0,0,0,0,0,0,0,0,0,0,0,0,0,0,0,0,0,0,0,0,0,0,0,0,0,0,0,0,0,0,0,0,0,0,0,1,0,0,0,0,0,0,0,0,0,0,1,0,0,0,0,0,0,0,0,1,1,0,1,0,0,0,0,0,0,0,0,0,0,0,0,0,0,0,0,0,0,0,0,0,0,0,1,0,0,0,0,0,0
378,1,0,0,0,0,0,2,0,0,0,0,0,0,0,0,0,0,0,0,0,0,0,0,0,0,0,0,0,0,0,0,0,0,0,0,0,0,0,0,0,0,0,1,0,0,0,0,0,0,0,0,0,0,1,0,0,0,0,0,0,0,0,1,1,0,1,0,0,0,0,0,0,0,0,0,0,0,0,0,0,0,0,0,0,0,0,0,0,0,1,0,0,0,0,0,0
379,1,0,0,0,0,0,2,0,0,0,0,0,0,0,0,0,0,0,0,0,0,0,0,0,0,0,0,0,0,0,0,0,0,0,0,0,0,0,0,0,0,0,1,0,0,0,0,0,0,0,0,0,0,1,0,0,0,0,0,0,0,0,1,1,0,1,0,0,0,0,0,0,0,0,0,0,0,0,0,0,0,0,0,0,0,0,0,0,0,1,0,0,0,0,0,0
380,1,0,0,0,0,0,2,0,0,0,0,0,0,0,0,0,0,0,0,0,0,0,0,0,0,0,0,0,0,0,0,0,0,0,0,0,0,0,0,0,0,0,1,0,0,0,0,0,0,0,0,0,0,1,0,0,0,0,0,0,0,0,1,1,0,1,0,0,0,0,0,0,0,0,0,0,0,0,0,0,0,0,0,0,0,0,0,0,0,1,0,0,0,0,0,0
381,1,0,0,0,0,0,2,0,0,0,0,0,0,0,0,0,0,0,0,0,0,0,0,0,0,0,0,0,0,0,0,0,0,0,0,0,0,0,0,0,0,0,1,0,0,0,0,0,0,0,0,0,0,1,0,0,0,0,0,0,0,0,1,1,0,1,0,0,0,0,0,0,0,0,0,0,0,0,0,0,0,0,0,0,0,0,0,0,0,1,0,0,0,0,0,0
382,1,0,0,0,0,0,2,0,0,0,0,0,0,0,0,0,0,0,0,0,0,0,0,0,0,0,0,0,0,0,0,0,0,0,0,0,0,0,0,0,0,0,1,0,0,0,0,0,0,0,0,0,0,1,0,0,0,0,0,0,0,0,1,1,0,1,0,0,0,0,0,0,0,0,0,0,0,0,0,0,0,0,0,0,0,0,0,0,0,1,0,0,0,0,0,0
383,1,0,0,0,0,0,2,0,0,0,0,0,0,0,0,0,0,0,0,0,0,0,0,0,0,0,0,0,0,0,0,0,0,0,0,0,0,0,0,0,0,0,1,0,0,0,0,0,0,0,0,0,0,1,0,0,0,0,0,0,0,0,1,1,0,1,0,0,0,0,0,0,0,0,0,0,0,0,0,0,0,0,0,0,0,0,0,0,0,1,0,0,0,0,0,0
384,1,0,0,0,0,0,2,0,0,0,0,0,0,0,0,0,0,0,0,0,0,0,0,0,0,0,0,0,0,0,0,0,0,0,0,0,0,0,0,0,0,0,1,0,0,0,0,0,0,0,0,0,0,1,0,0,0,0,0,0,0,0,1,1,0,1,0,0,0,0,0,0,0,0,0,0,0,0,0,0,0,0,0,0,0,0,0,0,0,1,0,0,0,0,0,0
385,1,0,0,0,0,0,2,0,0,0,0,0,0,0,0,0,0,0,0,0,0,0,0,0,0,0,0,0,0,0,0,0,0,0,0,0,0,0,0,0,0,0,1,0,0,0,0,0,0,0,0,0,0,1,0,0,0,0,0,0,0,0,1,1,0,1,0,0,0,0,0,0,0,0,0,0,0,0,0,0,0,0,0,0,0,0,0,0,0,1,0,0,0,0,0,0
386,1,0,0,0,0,0,2,0,0,0,0,0,0,0,0,0,0,0,0,0,0,0,0,0,0,0,0,0,0,0,0,0,0,0,0,0,0,0,0,0,0,0,1,0,0,0,0,0,0,0,0,0,0,1,0,0,0,0,0,0,0,0,1,1,0,1,0,0,0,0,0,0,0,0,0,0,0,0,0,0,0,0,0,0,0,0,0,0,0,1,0,0,0,0,0,0
387,1,0,0,0,0,0,2,0,0,0,0,0,0,0,0,0,0,0,0,0,0,0,0,0,0,0,0,0,0,0,0,0,0,0,0,0,0,0,0,0,0,0,1,0,0,0,0,0,0,0,0,0,0,1,0,0,0,0,0,0,0,0,1,1,0,1,0,0,0,0,0,0,0,0,0,0,0,0,0,0,0,0,0,0,0,0,0,0,0,1,0,0,0,0,0,0
388,1,0,0,0,0,0,2,0,0,0,0,0,0,0,0,0,0,0,0,0,0,0,0,0,0,0,0,0,0,0,0,0,0,0,0,0,0,0,0,0,0,0,1,0,0,0,0,0,0,0,0,0,0,1,0,0,0,0,0,0,0,0,1,1,0,1,0,0,0,0,0,0,0,0,0,0,0,0,0,0,0,0,0,0,0,0,0,0,0,1,0,0,0,0,0,0
389,1,0,0,0,0,0,2,0,0,0,0,0,0,0,0,0,0,0,0,0,0,0,0,0,0,0,0,0,0,0,0,0,0,0,0,0,0,0,0,0,0,0,1,0,0,0,0,0,0,0,0,0,0,1,0,0,0,0,0,0,0,0,1,1,0,1,0,0,0,0,0,0,0,0,0,0,0,0,0,0,0,0,0,0,0,0,0,0,0,1,0,0,0,0,0,0
390,1,0,0,0,0,0,2,0,0,0,0,0,0,0,0,0,0,0,0,0,0,0,0,0,0,0,0,0,0,0,0,0,0,0,0,0,0,0,0,0,0,0,1,0,0,0,0,0,0,0,0,0,0,1,0,0,0,0,0,0,0,0,1,1,0,1,0,0,0,0,0,0,0,0,0,0,0,0,0,0,0,0,0,0,0,0,0,0,0,1,0,0,0,0,0,0
391,1,0,0,0,0,0,2,0,0,0,0,0,0,0,0,0,0,0,0,0,0,0,0,0,0,0,0,0,0,0,0,0,0,1,0,0,0,0,0,0,0,0,1,0,0,0,0,0,0,0,0,0,0,1,0,0,0,0,0,0,0,0,1,1,0,1,0,0,0,0,0,0,0,0,0,0,0,0,0,0,0,0,0,0,0,0,0,0,0,1,0,0,0,0,0,0
392,1,0,0,0,0,0,2,0,0,0,0,0,0,0,0,0,0,0,0,0,0,0,0,0,0,0,0,0,0,0,0,0,0,1,0,0,0,0,0,0,0,0,1,0,0,0,0,0,0,0,0,0,0,1,0,0,0,0,0,0,0,0,1,1,0,1,0,0,0,0,0,0,0,0,0,0,0,0,0,0,0,0,0,0,0,0,0,0,0,1,0,0,0,0,0,0
393,1,0,0,0,0,0,2,0,0,0,0,0,0,0,0,0,0,0,0,0,0,0,0,0,0,0,0,0,0,0,0,0,0,1,0,0,0,0,0,0,0,0,1,0,0,0,0,0,0,0,0,0,0,1,0,0,0,0,0,0,0,0,1,1,0,1,0,0,0,0,0,0,0,0,0,0,0,0,0,0,0,0,0,0,0,0,0,0,0,1,0,0,0,0,0,0
394,1,0,0,0,0,0,2,0,0,0,0,0,0,0,0,0,0,0,0,0,0,0,0,0,0,0,0,0,0,0,0,0,0,1,0,0,0,0,0,0,0,0,1,0,0,0,0,0,0,0,0,0,0,1,0,0,0,0,0,0,0,0,1,1,0,1,0,0,0,0,0,0,0,0,0,0,0,0,0,0,0,0,0,0,0,0,0,0,0,1,0,0,0,0,0,0
395,1,0,0,0,0,0,2,0,0,0,0,0,0,0,0,0,0,0,0,0,0,0,0,0,0,0,0,0,0,0,0,0,0,1,0,0,0,0,0,0,0,0,1,0,0,0,0,0,0,0,0,0,0,1,0,0,0,0,0,0,0,0,1,1,0,1,0,0,0,0,0,0,0,0,0,0,0,0,0,0,0,0,0,0,0,0,0,0,0,1,0,0,0,0,0,0
396,1,0,0,0,0,0,2,0,0,0,0,0,0,0,0,0,0,0,0,0,0,0,0,0,0,0,0,0,0,0,0,0,0,1,0,0,0,0,0,0,0,0,1,0,0,0,0,0,0,0,0,0,0,1,0,0,0,0,0,0,0,0,1,1,0,1,0,0,0,0,0,0,0,0,0,0,0,0,0,0,0,0,0,0,0,0,0,0,0,1,0,0,0,0,0,0
397,1,0,0,0,0,0,2,0,0,0,0,0,0,0,0,0,0,0,0,0,0,0,0,0,0,0,0,0,0,0,0,0,0,1,0,0,0,0,0,0,0,0,1,0,0,0,0,0,0,0,0,0,0,1,0,0,0,0,0,0,0,0,1,1,0,1,0,0,0,0,0,0,0,0,0,0,0,0,0,0,0,0,0,0,0,0,0,0,0,1,0,0,0,0,0,0
398,1,0,0,0,0,0,2,0,0,0,0,0,0,0,0,0,0,0,0,0,0,0,0,0,0,0,0,0,0,0,0,0,0,1,0,0,0,0,0,0,0,0,1,0,0,0,0,0,0,0,0,0,0,1,0,0,0,0,0,0,0,0,1,1,0,1,0,0,0,0,0,0,0,0,0,0,0,0,0,0,0,0,0,0,0,0,0,0,0,1,0,0,0,0,0,0
399,1,0,0,0,0,0,2,0,0,0,0,0,0,0,0,0,0,0,0,0,0,0,0,0,0,0,0,0,0,0,0,0,0,1,0,0,0,0,0,0,0,0,1,0,0,0,0,0,0,0,0,0,0,1,0,0,0,0,0,0,0,0,1,1,0,1,0,0,0,0,0,0,0,0,0,0,0,0,0,0,0,0,0,0,0,0,0,0,0,1,0,0,0,0,0,0
400,1,0,0,0,0,0,2,0,0,0,0,0,0,0,0,0,0,0,0,0,0,0,0,0,0,0,0,0,0,0,0,0,0,1,0,0,0,0,0,0,0,0,1,0,0,0,0,0,0,0,0,0,0,1,0,0,0,0,0,0,0,0,1,1,0,1,0,0,0,0,0,0,0,0,0,0,0,0,0,0,0,0,0,0,0,0,0,0,0,1,0,0,0,0,0,0
401,1,0,0,0,0,0,2,0,0,0,0,0,0,0,0,0,0,0,0,0,0,0,0,0,0,0,0,0,0,0,0,0,0,1,0,0,0,0,0,0,0,0,1,0,0,0,0,0,0,0,0,0,0,1,0,0,0,0,0,0,0,0,1,1,0,1,0,0,0,0,0,0,0,0,0,0,0,0,0,0,0,0,0,0,0,0,0,0,0,1,0,0,0,0,0,0
402,1,0,0,0,0,0,2,0,0,0,0,0,0,0,0,0,0,0,0,0,0,0,0,0,0,0,0,0,0,0,0,0,0,2,0,0,0,0,0,0,0,0,1,0,0,0,0,0,0,0,0,0,0,1,0,0,0,0,0,0,0,0,1,1,0,1,0,0,0,0,0,0,0,0,0,0,0,0,0,0,0,0,0,0,0,0,0,0,0,1,0,0,0,0,0,0
403,1,0,0,0,0,0,2,0,0,0,0,0,0,0,0,0,0,0,0,0,0,0,0,0,0,0,0,0,0,0,0,0,0,2,0,0,0,0,0,0,0,0,1,0,0,0,0,0,0,0,0,0,0,1,0,0,0,0,0,0,0,0,1,1,0,1,0,0,0,0,0,0,0,0,0,0,0,0,0,0,0,0,0,0,0,0,0,0,0,1,0,0,0,0,0,0
404,1,0,0,0,0,0,2,0,0,0,0,0,0,0,0,0,0,0,0,0,0,0,0,0,0,0,0,0,0,0,0,0,0,2,0,0,0,0,0,0,0,0,1,0,0,0,0,0,0,0,0,0,0,1,0,0,0,0,0,0,0,0,1,1,0,1,0,0,0,0,0,0,0,0,0,0,0,0,0,0,0,0,0,0,0,0,0,0,0,1,0,0,0,0,0,0
405,1,0,0,0,0,0,2,0,0,0,0,0,0,0,0,0,0,0,0,0,0,0,0,0,0,0,0,0,0,0,0,0,0,2,0,0,0,0,0,0,0,0,1,0,0,0,0,0,0,0,0,0,0,1,0,0,0,0,0,0,0,0,1,1,0,1,0,0,0,0,0,0,0,0,0,0,0,0,0,0,0,0,0,0,0,0,0,0,0,1,0,0,0,0,0,0
406,1,0,0,0,0,0,2,0,0,0,0,0,0,0,0,0,0,0,0,0,0,0,0,0,0,0,0,0,0,0,0,0,0,2,0,0,0,0,0,0,0,0,1,0,0,0,0,0,0,0,0,0,0,1,0,0,0,0,0,0,0,0,1,1,0,1,0,0,0,0,0,0,0,0,0,0,0,0,0,0,0,0,0,0,0,0,0,0,0,1,0,0,0,0,0,0
407,1,0,0,0,0,0,2,0,0,0,0,0,0,0,0,0,0,0,0,0,0,0,0,0,0,0,0,0,0,0,0,0,0,2,0,0,0,0,0,0,0,0,1,0,0,0,0,0,0,0,0,0,0,1,0,0,0,0,0,0,0,0,1,1,0,1,0,0,0,0,0,0,0,0,0,0,0,0,0,0,0,0,0,0,0,0,0,0,0,1,0,0,0,0,0,0
408,1,0,0,0,0,0,2,0,0,0,0,0,0,0,0,0,0,0,0,0,0,0,0,0,0,0,0,0,0,0,0,0,0,2,0,0,0,0,0,0,0,0,1,0,0,0,0,0,0,0,0,0,0,1,0,0,0,0,0,0,0,0,1,1,0,1,0,0,0,0,0,0,0,0,0,0,0,0,0,0,0,0,0,0,0,0,0,0,0,1,0,0,0,0,0,0
409,1,0,0,0,0,0,2,0,0,0,0,0,0,0,0,0,0,0,0,0,0,0,0,0,0,0,0,0,0,0,0,0,0,2,0,0,0,0,0,0,0,0,1,0,0,0,0,0,0,0,0,0,0,1,0,0,0,0,0,0,0,0,1,1,0,1,0,0,0,0,0,0,0,0,0,0,0,0,0,0,0,0,0,0,0,0,0,0,0,1,0,0,0,0,0,0
410,1,0,0,0,0,0,2,0,0,0,0,0,0,0,0,0,0,0,0,0,0,0,0,0,0,0,0,0,0,0,0,0,0,2,0,0,0,0,0,0,0,0,1,0,0,0,0,0,0,0,0,0,0,1,0,0,0,0,0,0,0,0,1,1,0,1,0,0,0,0,0,0,0,0,0,0,0,0,0,0,0,0,0,0,0,0,0,0,0,1,0,0,0,0,0,0
411,1,0,0,0,0,0,2,0,0,0,0,0,0,0,0,0,0,0,0,0,0,0,0,0,0,0,0,0,0,0,0,0,0,2,0,0,0,0,0,0,0,0,1,0,0,0,0,0,0,0,0,0,0,1,0,0,0,0,0,0,0,0,1,1,0,1,0,0,0,0,0,0,0,0,0,0,0,0,0,0,0,0,0,0,0,0,0,0,0,1,0,0,0,0,0,0
412,1,0,0,0,0,0,2,0,0,0,0,0,0,0,0,0,0,0,0,0,0,0,0,0,0,0,0,0,0,0,0,0,0,2,0,0,0,0,0,0,0,0,1,0,0,0,0,0,0,0,0,0,0,1,0,0,0,0,0,0,0,0,1,1,0,1,0,0,0,0,0,0,0,0,0,0,0,0,0,0,0,0,0,0,0,0,0,0,0,1,0,0,0,0,0,0
413,1,0,0,0,0,0,2,0,0,0,0,0,0,0,0,0,0,0,0,0,0,0,0,0,0,0,0,0,0,0,0,0,0,2,0,0,0,0,0,0,0,0,1,0,0,0,0,0,0,0,0,0,0,1,0,0,0,0,0,0,0,0,1,1,0,1,0,0,0,0,0,0,0,0,0,0,0,0,0,0,0,0,0,0,0,0,0,0,0,1,0,0,0,0,0,0
414,1,0,0,0,0,0,2,0,0,0,0,0,0,0,0,0,0,0,0,0,0,0,0,0,0,0,0,0,0,0,0,0,0,2,0,0,0,0,0,0,0,0,1,0,0,0,0,0,0,0,0,0,0,1,0,0,0,0,0,0,0,0,1,1,0,1,0,0,0,0,0,0,0,0,0,0,0,0,0,0,0,0,0,0,0,0,0,0,0,1,0,0,0,0,0,0
415,1,0,0,0,0,0,2,0,0,0,0,0,0,0,0,0,0,0,0,0,0,0,0,0,0,0,0,0,0,0,0,0,0,2,0,0,0,0,0,0,0,0,1,0,0,0,0,0,0,0,0,0,0,1,0,0,0,0,0,0,0,0,1,1,0,1,0,0,0,0,0,0,0,0,0,0,0,0,0,0,0,0,0,0,0,0,0,0,0,1,0,0,0,0,0,0
416,1,0,0,0,0,0,2,0,0,0,0,0,0,0,0,0,0,0,0,0,0,0,0,0,0,0,0,0,0,0,0,0,0,2,0,0,0,0,0,0,0,0,1,0,0,0,0,0,0,0,0,0,0,1,0,0,0,0,0,0,0,0,1,1,0,1,0,0,0,0,0,0,0,0,0,0,0,0,0,0,0,0,0,0,0,0,0,0,0,1,0,0,0,0,0,0
417,1,0,0,0,0,0,2,0,0,0,0,0,0,0,0,0,0,0,0,0,0,0,0,0,0,0,0,0,0,0,0,0,0,2,0,0,0,0,0,0,0,0,1,0,0,0,0,0,0,0,0,0,0,1,0,0,0,0,0,0,0,0,1,1,0,1,0,0,0,0,0,0,0,0,0,0,0,0,0,0,0,0,0,0,0,0,0,0,0,1,0,0,0,0,0,0
418,1,0,0,0,0,0,2,0,0,0,0,0,0,0,0,0,0,0,0,0,0,0,0,0,0,0,0,0,0,0,0,0,0,2,0,0,0,0,0,0,0,0,1,0,0,0,0,0,0,0,0,0,0,1,0,0,0,0,0,0,0,0,1,1,0,1,0,0,0,0,0,0,0,0,0,0,0,0,0,0,0,0,0,0,0,0,0,0,0,1,0,0,0,0,0,0
419,1,0,0,0,0,0,2,0,0,0,0,0,0,0,0,0,0,0,0,0,0,0,0,0,0,0,0,0,0,0,0,0,0,2,0,0,0,0,0,0,0,0,1,0,0,0,0,0,0,0,0,0,0,1,0,0,0,0,0,0,0,0,1,1,0,1,0,0,0,0,0,0,0,0,0,0,0,0,0,0,0,0,0,0,0,0,0,0,0,1,0,0,0,0,0,0
420,1,0,0,0,0,0,2,0,0,0,0,0,0,0,0,0,0,0,0,0,0,0,0,0,0,0,0,0,0,0,0,0,0,2,0,0,0,0,0,0,0,0,1,0,0,0,0,0,0,0,0,0,0,1,0,0,0,0,0,0,0,0,1,1,0,1,0,0,0,0,0,0,0,0,0,0,0,0,0,0,0,0,0,0,0,0,0,0,0,1,0,0,0,0,0,0
421,1,0,0,0,0,0,2,0,0,0,0,0,0,0,0,0,0,0,0,0,0,0,0,0,0,0,0,0,0,0,0,0,0,2,0,0,0,0,0,0,0,0,1,0,0,0,0,0,0,0,0,0,0,1,0,0,0,0,0,0,0,0,1,1,0,1,0,0,0,0,0,0,0,0,0,0,0,0,0,0,0,0,0,0,0,0,0,0,0,1,0,0,0,0,0,0
422,1,0,0,0,0,0,2,0,0,0,0,0,0,0,0,0,0,0,0,0,0,0,0,0,0,0,0,0,0,0,0,0,0,2,0,0,0,0,0,0,0,0,1,0,0,0,0,0,0,0,0,0,0,1,0,0,0,0,0,0,0,0,1,1,0,1,0,0,0,0,0,0,0,0,0,0,0,0,0,0,0,0,0,0,0,0,0,0,0,1,0,0,0,0,0,0
423,1,0,0,0,0,0,2,0,0,0,0,0,0,0,0,0,0,0,0,0,0,0,0,0,0,0,0,0,0,0,0,0,0,2,0,0,0,0,0,0,0,0,1,0,0,0,0,0,0,0,0,0,0,1,0,0,0,0,0,0,0,0,1,1,0,1,0,0,0,0,0,0,0,0,0,0,0,0,0,0,0,0,0,0,0,0,0,0,0,1,0,0,0,0,0,0
424,1,0,0,0,0,0,2,0,0,0,0,0,0,0,0,0,0,0,0,0,0,0,0,0,0,0,0,0,0,0,0,0,0,2,0,0,0,0,0,0,0,0,1,0,0,0,0,0,0,0,0,0,0,1,0,0,0,0,0,0,0,0,1,1,0,1,0,0,0,0,0,0,0,0,0,0,0,0,0,0,0,0,0,0,0,0,0,0,0,1,0,0,0,0,0,0
425,1,0,0,0,0,0,2,0,0,0,0,0,0,0,0,0,0,0,0,0,0,0,0,0,0,0,0,0,0,0,0,0,0,2,0,0,0,0,0,0,0,0,1,0,0,0,0,0,0,0,0,0,0,1,0,0,0,0,0,0,0,0,1,1,0,1,0,0,0,0,0,0,0,0,0,0,0,0,0,0,0,0,0,0,0,0,0,0,0,1,0,0,0,0,0,0
426,1,0,0,0,0,0,2,0,0,0,0,0,0,0,0,0,0,0,0,0,0,0,0,0,0,0,0,0,0,0,0,0,0,2,0,0,0,0,0,0,0,0,1,0,0,0,0,0,0,0,0,0,0,1,0,0,0,0,0,0,0,0,1,1,0,1,0,0,0,0,0,0,0,0,0,0,0,0,0,0,0,0,0,0,0,0,0,0,0,1,0,0,0,0,0,0
427,1,0,0,0,0,0,2,0,0,0,0,0,0,0,0,0,0,0,0,0,0,0,0,0,0,0,0,0,0,0,0,0,0,2,0,0,0,0,0,0,0,0,1,0,0,0,0,0,0,0,0,0,0,1,0,0,0,0,0,0,0,0,1,1,0,1,0,0,0,0,0,0,0,0,0,0,0,0,0,0,0,0,0,0,0,0,0,0,0,1,0,0,0,0,0,0
428,1,0,0,0,0,0,2,0,0,0,0,0,0,0,0,0,0,0,0,0,0,0,0,0,0,0,0,0,0,0,0,0,0,2,0,0,0,0,0,0,0,0,1,0,0,0,0,0,0,0,0,0,0,1,0,0,0,0,0,0,0,0,1,1,0,1,0,0,0,0,0,0,0,0,0,0,0,0,0,0,0,0,0,0,0,0,0,0,0,1,0,0,0,0,0,0
429,1,0,0,0,0,0,2,0,0,0,0,0,0,0,0,0,0,0,0,0,0,0,0,0,0,0,0,0,0,0,0,0,0,2,0,0,0,0,0,0,0,0,1,0,0,0,0,0,0,0,0,0,0,1,0,0,0,0,0,0,0,0,1,1,0,1,0,0,0,0,0,0,0,0,0,0,0,0,0,0,0,0,0,0,0,0,0,0,0,1,0,0,0,0,0,0
430,1,0,0,0,0,0,2,0,0,0,0,0,0,0,0,0,0,0,0,0,0,0,0,0,0,0,0,0,0,0,0,0,0,2,0,0,0,0,0,0,0,0,1,0,0,0,0,0,0,0,0,0,0,1,0,0,0,0,0,0,0,0,1,1,0,1,0,0,0,0,0,0,0,0,0,0,0,0,0,0,0,0,0,0,0,0,0,0,0,1,0,0,0,0,0,0
431,1,0,0,0,0,0,2,0,0,0,0,0,0,0,0,0,0,0,0,0,0,0,0,0,0,0,0,0,0,0,0,0,0,2,0,0,0,0,0,0,0,0,1,0,0,0,1,0,0,0,0,0,0,1,0,0,0,0,0,0,0,0,1,1,0,1,0,0,0,0,0,0,0,0,0,0,0,0,0,0,0,0,0,0,0,0,0,0,0,1,0,0,0,0,0,0
432,1,0,0,0,0,0,2,0,0,0,0,0,0,0,0,0,0,0,0,0,0,0,0,0,0,0,0,0,0,0,0,0,0,2,0,0,0,0,0,0,0,0,1,0,0,0,1,0,0,0,0,0,0,1,0,0,0,0,0,0,0,0,1,1,0,1,0,0,0,0,0,0,0,0,0,0,0,0,0,0,0,0,0,0,0,0,0,0,0,1,0,0,0,0,0,0
433,1,0,0,0,0,0,2,0,0,0,0,0,0,0,0,0,0,0,0,0,0,0,0,0,0,0,0,0,0,0,0,0,0,2,0,0,0,0,0,0,0,0,1,0,0,0,1,0,0,0,0,0,0,1,0,0,0,0,0,0,0,0,1,1,0,1,0,0,0,0,0,0,0,0,0,0,0,0,0,0,0,0,0,0,0,0,0,0,0,1,0,0,0,0,0,0
434,1,0,0,0,0,0,2,0,0,0,0,0,0,0,0,0,0,0,0,0,0,0,0,0,0,0,0,0,0,0,0,0,0,2,0,0,0,0,0,0,0,0,1,0,0,0,1,0,0,0,0,0,0,1,0,0,0,0,0,0,0,0,1,1,0,1,0,0,0,0,0,0,0,0,0,0,0,0,0,0,0,0,0,0,0,0,0,0,0,1,0,0,0,0,0,0
435,1,0,0,0,0,0,2,0,0,0,0,0,0,0,0,0,0,0,0,0,0,0,0,0,0,0,0,0,0,0,0,0,0,2,0,0,0,0,0,0,0,0,1,0,0,0,1,0,0,0,0,0,0,1,0,0,0,0,0,0,0,0,1,1,0,1,0,0,0,0,0,0,0,0,0,0,0,0,0,0,0,0,0,0,0,0,0,0,0,1,0,0,0,0,0,0
436,1,0,0,0,0,0,2,0,0,0,0,0,0,0,0,0,0,0,0,0,0,0,0,0,0,0,0,0,0,0,0,0,0,2,0,0,0,0,0,0,0,0,1,0,0,0,1,0,0,0,0,0,0,1,0,0,0,0,0,0,0,0,1,1,0,1,0,0,0,0,0,0,0,0,0,0,0,0,0,0,0,0,0,0,0,0,0,0,0,1,0,0,0,0,0,0
437,1,0,0,0,0,0,2,0,0,0,0,0,0,0,0,0,0,0,0,0,0,0,0,0,0,0,0,0,0,0,0,0,0,2,0,0,0,0,0,0,0,0,1,0,0,0,1,0,0,0,0,0,0,1,0,0,0,0,0,0,0,0,1,1,0,1,0,0,0,0,0,0,0,0,0,0,0,0,0,0,0,0,0,0,0,0,0,0,0,1,0,0,0,0,0,0
438,1,0,0,0,0,0,2,0,0,0,0,0,0,0,0,0,0,0,0,0,0,0,0,0,0,0,0,0,0,0,0,0,0,2,0,0,0,0,0,0,0,0,1,0,0,0,1,0,0,0,0,0,0,1,0,0,0,0,0,0,0,0,1,1,0,1,0,0,0,0,0,0,0,0,0,0,0,0,0,0,0,0,0,0,0,0,0,0,0,1,0,0,0,0,0,0
439,1,0,0,0,0,0,2,0,0,0,0,0,0,0,0,0,0,0,0,0,0,0,0,0,0,0,0,0,0,0,0,0,0,2,0,0,0,0,0,0,0,0,1,0,0,0,1,0,0,0,0,0,0,1,0,0,0,0,0,0,0,0,1,1,0,1,0,0,0,0,0,0,0,0,0,0,0,0,0,0,0,0,0,0,0,0,0,0,0,1,0,0,0,0,0,0
440,1,0,0,0,0,0,2,0,0,0,0,0,0,0,0,0,0,0,0,0,0,0,0,0,0,0,0,0,0,0,0,0,0,2,0,0,0,0,0,0,0,0,1,0,0,0,1,0,0,0,0,0,0,1,0,0,0,0,0,0,0,0,1,1,0,1,0,0,0,0,0,0,0,0,0,0,0,0,0,0,0,0,0,0,0,1,0,0,0,1,0,0,0,0,0,0
441,1,0,0,0,0,0,2,0,0,0,0,0,0,0,0,0,0,0,0,0,0,0,0,0,0,0,0,0,0,0,0,0,0,2,0,0,0,0,0,0,0,0,1,0,0,0,1,0,0,0,0,0,0,1,0,0,0,0,0,0,0,0,1,1,0,1,0,0,0,0,0,0,0,0,0,0,0,0,0,0,0,0,0,0,0,1,0,0,0,1,0,0,0,0,0,0
442,1,0,0,0,0,0,2,0,0,0,0,0,0,0,0,0,0,0,0,0,0,0,0,0,0,0,0,0,0,0,0,0,0,2,0,0,0,0,0,0,0,0,1,0,0,0,1,0,0,0,0,0,0,1,0,0,0,0,0,0,0,0,1,1,0,1,0,0,0,0,0,0,0,0,0,0,0,0,0,0,0,0,0,0,0,1,0,0,0,1,0,0,0,0,0,0
443,1,0,0,0,0,0,2,0,0,0,0,0,0,0,0,0,0,0,0,0,0,0,0,0,0,0,0,0,0,0,0,0,0,2,0,0,0,0,0,0,0,0,1,0,0,0,1,0,0,0,0,0,0,1,0,0,0,0,0,0,0,0,1,1,0,1,0,0,0,0,0,0,0,0,0,0,0,0,0,0,0,0,0,0,0,1,0,0,0,1,0,0,0,0,0,0
444,1,0,0,0,0,0,2,0,0,0,0,0,0,0,0,0,0,0,0,0,0,0,0,0,0,0,0,0,0,0,0,0,0,2,0,0,0,0,0,0,0,0,1,0,0,0,1,0,0,0,0,0,0,1,0,0,0,0,0,0,0,0,1,1,0,1,0,0,0,1,0,0,0,0,0,0,0,0,0,0,0,0,0,0,0,1,0,0,0,1,0,0,0,0,0,0
445,1,0,0,0,0,0,2,0,0,0,0,0,0,0,0,0,0,0,0,0,0,0,0,0,0,0,0,0,0,0,0,0,0,2,0,0,0,0,0,0,0,0,1,0,0,0,1,0,0,0,0,0,0,1,0,0,0,0,0,0,0,0,1,1,0,1,0,0,0,1,0,0,0,0,0,0,0,0,0,0,0,0,0,0,0,1,0,0,0,1,0,0,0,0,0,0
446,1,0,0,0,0,0,2,0,0,0,0,0,0,0,0,0,0,0,0,0,0,0,0,0,0,0,0,0,0,0,0,0,0,2,0,0,0,0,0,0,0,0,1,0,0,0,1,0,0,0,0,0,0,1,0,0,0,0,0,0,0,0,1,1,0,1,0,0,0,1,0,0,0,0,0,0,0,0,0,0,0,0,0,0,0,1,0,0,0,1,0,0,0,0,0,0
447,1,0,0,0,0,0,2,0,0,0,0,0,0,0,0,0,0,0,0,0,0,0,0,0,0,0,0,0,0,0,0,0,0,2,0,0,0,0,0,0,0,0,1,0,0,0,1,0,0,0,0,0,0,1,0,0,0,0,0,0,0,0,1,1,0,1,0,0,0,1,0,0,0,0,0,0,0,0,0,0,0,0,0,0,0,1,0,0,0,1,0,0,0,0,0,0
448,1,0,0,0,0,0,2,0,0,0,0,0,0,0,0,0,0,0,0,0,0,0,0,0,0,0,0,0,0,0,0,0,0,2,0,0,0,0,0,0,0,0,1,0,0,0,1,0,0,0,0,0,0,1,0,0,0,0,0,0,0,0,1,1,0,1,0,0,0,1,0,0,0,0,0,0,0,0,0,0,0,0,0,0,0,1,0,0,0,1,0,0,0,0,0,0
449,1,0,0,0,0,0,2,0,0,0,0,0,0,0,0,0,0,0,0,0,0,0,0,0,0,0,0,0,0,0,0,0,0,2,0,0,0,0,0,0,0,0,1,0,0,0,1,0,0,0,0,0,0,1,0,0,0,0,0,0,0,0,1,1,0,1,0,0,0,1,0,0,0,0,0,1,0,0,0,0,0,0,0,0,0,1,0,0,0,1,0,0,0,0,0,0
450,1,0,0,0,0,0,2,0,0,0,0,0,0,0,0,0,0,0,0,0,0,0,0,0,0,0,0,0,0,0,0,0,0,2,0,0,0,0,0,0,0,0,1,0,0,0,1,0,0,0,0,0,0,1,0,0,0,0,0,0,0,0,1,1,0,1,0,0,0,1,0,0,0,0,0,1,0,0,0,0,0,0,0,0,0,1,0,0,0,1,0,0,0,0,0,0
451,1,0,0,0,0,0,2,0,0,0,0,0,0,0,0,0,0,0,0,0,0,0,0,0,0,0,0,0,0,0,0,0,0,2,0,0,0,0,0,0,0,0,1,0,0,0,1,0,0,0,0,0,0,1,0,0,0,0,0,0,0,0,1,1,0,1,0,0,0,1,0,0,0,0,0,1,0,0,0,0,0,0,0,0,0,1,0,0,0,1,0,0,0,0,0,0
452,1,0,0,0,0,0,2,0,0,0,0,0,0,0,0,0,0,0,0,0,0,0,0,0,0,0,0,0,0,0,0,0,0,2,0,0,0,0,0,0,0,0,1,0,0,0,1,0,0,0,0,0,0,1,0,0,0,0,0,0,0,0,1,1,0,1,0,0,0,1,0,0,0,0,0,1,0,0,0,0,0,0,0,0,0,1,0,0,0,1,0,0,0,0,0,0
453,1,0,0,0,0,0,2,0,0,0,0,0,0,0,0,0,0,0,0,0,0,0,0,0,0,0,0,0,0,0,0,0,0,2,0,0,0,0,0,0,0,0,1,0,0,0,1,0,0,0,0,0,0,1,0,0,0,0,0,0,0,0,1,1,0,1,0,0,0,1,0,0,0,0,0,1,0,0,0,0,0,0,0,0,0,1,0,0,0,1,0,0,0,0,0,0
454,1,0,0,0,0,0,2,0,0,0,0,0,0,0,0,0,0,0,0,0,0,0,0,0,0,0,0,0,0,0,0,0,0,2,0,0,0,0,0,0,0,0,1,0,0,0,1,0,0,0,0,0,0,1,0,0,0,0,0,0,0,0,1,1,0,1,0,0,0,1,0,0,0,0,0,1,0,0,0,0,0,0,0,0,0,1,0,0,0,1,0,0,0,0,0,0
455,1,0,0,0,0,0,2,0,0,0,0,0,0,0,0,0,0,0,0,0,0,0,0,0,0,0,0,0,0,0,0,0,0,2,0,0,0,0,0,0,0,0,1,0,0,0,1,0,0,0,0,0,0,1,0,0,0,0,0,0,0,0,1,1,0,1,0,0,0,1,0,0,0,0,0,1,0,0,0,0,0,0,0,0,0,1,0,0,0,1,0,0,0,0,0,0
456,1,0,0,0,0,0,2,0,0,0,0,0,0,0,0,0,0,0,0,0,0,0,0,0,0,0,0,0,0,0,0,0,0,2,0,0,0,0,0,0,0,0,1,0,0,0,1,0,0,0,0,0,0,1,0,0,0,0,0,0,0,0,1,1,0,1,0,0,0,1,0,0,0,0,0,1,0,0,0,0,0,0,0,0,0,1,0,0,0,1,0,0,1,0,0,0
457,1,0,0,0,0,0,2,0,0,0,0,0,0,0,0,0,0,0,0,0,0,0,0,0,0,0,0,0,0,0,0,0,0,2,0,0,0,0,0,0,0,0,1,0,0,0,1,0,0,0,0,0,0,1,0,0,0,0,0,0,0,0,1,1,0,1,0,0,0,1,0,0,0,0,0,1,0,0,0,0,0,0,0,0,0,1,0,0,0,1,0,0,1,0,0,0
458,1,0,0,0,0,0,2,0,0,0,0,0,0,0,0,0,0,0,0,0,0,0,0,0,0,0,0,0,0,0,0,0,0,2,0,0,0,0,0,0,0,0,1,0,0,0,1,0,0,0,0,0,0,1,0,0,0,0,0,0,0,0,1,1,0,1,0,0,0,1,0,0,0,0,0,1,0,0,0,0,0,0,0,0,0,1,0,0,0,1,0,0,1,0,0,0
459,1,0,0,0,0,0,2,0,0,0,0,0,0,0,0,0,0,0,0,0,0,0,0,0,0,0,0,0,0,0,0,0,0,2,0,0,0,0,0,0,0,0,1,0,0,0,1,0,0,0,0,0,0,1,0,0,0,0,0,0,0,0,1,1,0,1,0,0,0,1,0,0,0,0,0,1,0,0,0,0,0,0,0,0,0,1,0,0,0,1,0,0,1,0,0,0
460,1,0,0,0,0,0,2,0,0,0,0,0,0,0,0,0,0,0,0,0,0,0,0,0,0,0,0,0,0,0,0,0,0,2,0,0,0,0,0,0,0,0,1,0,0,0,1,0,0,0,0,0,0,1,0,0,0,0,0,0,0,0,1,1,0,1,0,0,0,1,0,0,0,0,0,1,0,0,0,0,0,0,0,0,0,1,0,0,0,1,0,0,1,0,0,0
461,1,0,0,0,0,0,2,0,0,0,0,0,0,0,0,0,0,0,0,0,0,0,0,0,0,0,0,0,0,0,0,0,0,2,0,0,0,0,0,0,0,0,1,0,0,0,1,0,0,0,0,0,0,1,0,0,0,0,0,0,0,0,1,1,0,1,0,0,0,1,0,0,0,1,0,1,0,0,0,0,0,0,0,0,0,1,0,0,0,1,0,0,1,0,0,0
462,1,0,0,0,0,0,2,0,0,0,0,0,0,0,0,0,0,0,0,0,0,0,0,0,0,0,0,0,0,0,0,0,0,2,0,0,0,0,0,0,0,0,1,0,0,0,1,0,0,0,0,0,0,1,0,0,0,0,0,0,0,0,1,1,0,1,0,0,0,1,0,0,0,1,0,1,0,0,0,0,0,0,0,0,0,1,0,0,0,1,0,0,1,0,0,0
463,1,0,0,0,0,0,2,0,0,0,0,0,0,0,0,0,0,0,0,0,0,0,0,0,0,0,0,0,0,0,0,0,0,2,0,0,0,0,0,0,0,0,1,0,0,0,1,0,0,0,0,0,0,1,0,0,0,0,0,0,0,0,1,1,0,1,0,0,0,1,0,0,0,1,0,1,0,0,0,0,0,0,0,0,0,1,0,0,0,1,0,0,1,0,0,0
464,1,0,0,0,0,0,2,0,0,0,0,0,0,0,0,0,0,0,0,0,0,0,0,0,0,0,0,0,0,0,0,0,0,2,0,0,0,0,0,0,0,0,1,0,0,0,1,0,0,0,0,0,0,1,0,0,0,0,0,0,0,0,1,1,0,1,0,0,0,1,0,0,0,1,0,1,0,0,0,0,0,0,0,0,0,1,0,0,0,1,0,0,1,0,0,0
465,1,0,0,0,0,0,2,0,0,0,0,0,0,0,0,0,0,0,0,0,0,0,0,0,0,0,0,0,0,0,0,0,0,2,0,0,0,0,0,0,0,0,1,0,0,0,1,0,0,0,0,0,0,1,0,0,0,0,0,0,0,0,1,1,0,1,0,0,0,1,0,0,0,1,0,1,0,0,0,0,0,0,0,0,0,1,0,0,0,1,0,0,1,0,0,0
466,1,0,0,0,0,0,2,0,0,0,0,0,0,0,0,0,0,0,0,0,0,0,0,0,0,0,0,0,0,0,0,0,0,2,0,0,0,0,0,0,0,0,1,0,0,0,1,0,0,0,0,0,0,1,0,0,0,0,0,0,0,0,1,1,0,1,0,0,0,1,0,0,0,1,0,1,0,0,0,0,0,0,0,0,0,1,0,0,0,1,0,0,1,0,0,0
467,1,0,0,0,0,0,2,0,0,0,0,0,0,0,0,0,0,0,0,0,0,0,0,0,0,0,0,0,0,0,0,0,0,2,0,0,0,0,0,0,0,0,1,0,0,0,1,0,0,0,0,0,0,1,0,0,0,0,0,0,0,0,1,1,0,1,0,0,0,1,0,0,0,1,0,1,0,0,0,0,0,0,0,0,0,1,0,0,0,1,0,0,1,0,0,0
468,1,0,0,0,0,0,2,0,0,0,0,0,0,0,0,0,0,0,0,0,0,0,0,0,0,0,0,0,0,0,0,0,0,2,0,0,0,0,0,0,0,0,1,0,0,0,1,0,0,0,0,0,0,1,0,0,0,0,0,0,0,0,1,1,0,1,0,0,0,1,0,0,0,1,0,1,0,0,0,0,0,0,0,0,0,1,0,0,0,1,0,0,1,0,0,0
469,1,0,0,1,0,0,2,0,0,0,0,0,0,0,0,0,0,0,0,0,0,0,0,0,0,0,0,0,0,0,0,0,0,2,0,0,0,0,0,0,0,0,1,0,0,0,1,0,0,0,0,0,0,1,0,0,0,0,0,0,0,0,1,1,0,1,0,0,0,1,0,0,0,1,0,1,0,0,0,0,0,0,0,0,0,1,0,0,0,1,0,0,1,0,0,0
470,1,0,0,1,0,0,2,0,0,0,0,0,0,0,0,0,0,0,0,0,0,0,0,0,0,0,0,0,0,0,0,0,0,2,0,0,0,0,0,0,0,0,1,0,0,0,1,0,0,0,0,0,0,1,0,0,0,0,0,0,0,0,1,1,0,1,0,0,0,1,0,0,0,1,0,1,0,0,0,0,0,0,0,0,0,1,0,0,0,1,0,0,1,0,0,0
471,1,0,0,1,0,0,2,0,0,0,0,0,0,0,0,0,0,0,0,0,0,0,0,0,0,0,0,0,0,0,0,0,0,2,0,0,0,0,0,0,0,0,1,0,0,0,1,0,0,0,0,0,0,1,0,0,0,0,0,0,0,0,1,1,0,1,0,0,0,1,0,0,0,1,0,1,0,0,0,0,0,0,0,0,0,1,0,0,0,1,0,0,1,0,0,0
472,1,0,0,1,0,0,2,0,0,0,0,0,0,0,0,0,0,0,0,0,0,0,0,0,0,0,0,0,0,0,0,0,0,2,0,0,0,0,0,0,0,0,1,0,0,0,1,0,0,0,0,0,0,1,0,0,0,0,0,0,0,0,1,1,0,1,0,0,0,1,0,0,0,1,0,1,0,0,0,0,0,0,0,0,0,1,0,0,0,1,0,0,1,0,0,0
473,1,0,0,1,0,0,2,0,0,0,0,0,0,0,0,0,0,0,0,0,0,0,0,0,0,0,0,0,0,0,0,0,0,2,0,0,0,0,0,0,0,0,1,0,0,0,1,0,0,0,0,0,0,1,0,0,0,0,0,0,0,0,1,1,0,1,0,0,0,1,0,0,0,1,0,1,0,0,0,0,0,0,0,0,0,1,0,0,0,1,0,0,1,0,0,0
474,1,0,0,1,0,0,2,0,0,0,0,0,0,0,0,0,0,0,0,0,0,0,0,0,0,0,0,0,0,0,0,0,0,2,0,0,0,0,0,0,0,0,1,0,0,0,1,0,0,0,0,0,0,1,0,0,0,0,0,0,0,0,1,1,0,1,0,0,0,1,0,0,0,1,0,1,0,0,0,0,0,0,0,0,0,1,0,0,0,1,0,0,1,0,0,0
475,1,0,0,1,0,0,2,0,0,0,0,0,0,0,0,0,0,0,0,0,0,0,0,0,0,0,0,0,0,0,0,0,0,2,0,0,0,0,0,0,0,0,1,0,0,0,1,0,0,0,0,0,0,1,0,0,0,0,0,0,0,0,1,1,0,1,0,0,0,1,0,0,0,1,0,1,0,0,0,0,0,0,0,0,0,1,0,0,0,1,0,0,1,0,0,0
476,1,0,0,1,0,0,2,0,0,0,0,0,0,0,0,0,0,0,0,0,0,0,0,0,0,0,0,0,0,0,0,0,0,2,0,0,0,0,0,0,0,0,1,0,0,0,1,0,0,0,0,0,0,1,0,0,0,0,0,0,0,0,1,1,0,1,0,0,0,1,0,0,0,1,0,1,0,0,0,0,0,0,0,0,0,1,0,0,0,1,0,0,1,0,0,0
477,1,0,0,1,0,0,2,0,0,0,0,0,0,0,0,0,0,0,0,0,0,0,0,0,0,0,0,0,0,0,0,0,0,2,0,0,0,0,0,0,0,0,1,0,0,0,1,0,0,0,0,0,0,1,0,0,0,0,0,0,0,0,1,1,0,1,0,0,0,1,0,0,0,1,0,1,0,0,0,0,0,0,0,0,0,1,0,0,0,1,0,0,1,0,0,0
478,1,0,0,1,0,0,2,0,0,0,0,0,0,0,0,0,0,0,0,0,0,0,0,0,0,0,0,0,0,0,0,0,0,2,0,0,0,0,0,0,0,0,1,0,0,0,1,0,0,0,0,0,0,1,0,0,0,0,0,0,0,0,1,1,0,1,0,0,0,1,0,0,0,1,0,1,0,0,0,0,0,0,0,0,0,1,0,0,0,1,0,0,1,0,0,0
479,1,0,0,1,0,0,2,0,0,0,0,0,0,0,0,0,0,0,0,0,0,0,0,0,0,0,0,0,0,0,0,0,0,2,0,0,0,0,0,0,0,0,1,0,0,0,1,0,0,0,0,0,0,1,0,0,0,0,0,0,0,0,1,1,0,1,0,0,0,1,0,0,0,1,0,1,0,0,0,0,0,0,0,0,0,1,0,0,0,1,0,0,1,0,0,0
480,1,0,0,1,0,0,2,0,0,0,0,0,0,0,0,0,0,0,0,0,0,0,0,0,0,0,0,0,0,0,0,0,0,2,0,0,0,0,0,0,0,0,1,0,0,0,1,0,0,0,0,0,0,1,0,0,0,0,0,0,0,0,1,1,0,1,0,0,0,1,0,0,0,1,0,1,0,0,0,0,0,0,0,0,0,1,0,0,0,1,0,0,1,0,0,0
481,1,0,0,1,0,0,2,0,0,0,0,0,0,0,0,0,0,0,0,0,0,0,0,0,0,0,0,0,0,0,0,0,0,2,0,0,0,0,0,0,0,0,1,0,0,0,1,0,0,0,0,0,0,1,0,0,0,0,0,0,0,0,1,1,0,1,0,0,0,1,0,0,0,1,0,1,0,0,0,0,0,0,0,0,0,1,0,0,0,1,0,0,1,0,0,0
482,1,0,0,1,0,0,2,0,0,0,0,0,0,0,0,0,0,0,0,0,0,0,0,0,0,0,0,0,0,0,0,0,0,2,0,0,0,0,0,0,0,0,1,0,0,0,1,0,0,0,0,0,0,1,0,0,0,0,0,0,0,0,1,1,0,1,0,0,0,1,0,0,0,1,0,1,0,0,0,0,0,0,0,0,0,1,0,0,0,1,0,0,1,0,0,0
483,1,0,0,1,0,0,2,0,0,0,0,0,0,0,0,0,0,0,0,0,0,0,0,0,0,0,0,0,0,0,0,0,0,2,0,0,0,0,0,0,0,0,1,0,0,0,1,0,0,0,0,0,0,1,0,0,0,0,0,0,0,0,1,1,0,1,0,0,0,1,0,0,0,1,0,1,0,0,0,0,0,0,0,0,0,1,0,0,0,1,0,0,1,0,0,0
484,1,0,0,1,0,0,2,0,0,0,0,0,0,0,0,0,0,0,0,0,0,0,0,0,0,0,0,0,0,0,0,0,0,2,0,0,0,0,0,0,0,0,1,0,0,0,1,0,0,0,0,0,0,1,0,0,0,0,0,0,0,0,1,1,0,1,0,0,0,1,0,0,0,1,0,1,0,0,0,0,0,0,0,0,0,1,0,0,0,1,0,0,1,0,0,0
485,1,0,0,1,0,0,2,0,0,0,0,0,0,0,0,0,0,0,0,0,0,0,0,0,0,0,0,0,0,0,0,0,0,2,0,0,0,0,0,0,0,0,1,0,0,0,1,0,0,0,0,0,0,1,0,0,0,0,0,0,0,0,1,1,0,1,0,0,0,1,0,0,0,1,0,1,0,0,0,0,0,0,0,0,0,1,0,0,0,1,0,0,1,0,0,0
486,1,0,0,1,0,0,2,0,0,0,0,0,0,0,0,0,0,0,0,0,0,0,0,0,0,0,0,0,0,0,0,0,0,2,0,0,0,0,1,0,0,0,1,0,0,0,1,0,0,0,0,0,0,1,0,0,0,0,0,0,0,0,1,1,0,1,0,0,0,1,0,0,0,1,0,1,0,0,0,0,0,0,0,0,0,1,0,0,0,1,0,0,1,0,0,0
487,1,0,0,1,0,0,2,0,0,0,0,0,0,0,0,0,0,0,0,0,0,0,0,0,0,0,0,0,0,0,0,0,0,2,0,0,0,0,1,0,0,0,1,0,0,0,1,0,0,0,0,0,0,1,0,0,0,0,0,0,0,0,1,1,0,1,0,0,0,1,0,0,0,1,0,1,0,0,0,0,0,0,0,0,0,1,0,0,0,1,0,0,1,0,0,0
488,1,0,0,1,0,0,2,0,0,0,0,0,0,0,0,0,0,0,0,0,0,0,0,0,0,0,0,0,0,0,0,0,0,2,0,0,0,0,1,0,0,0,1,0,0,0,1,0,0,0,0,0,0,1,0,0,0,0,0,0,0,0,1,1,0,1,0,0,0,1,0,0,0,1,0,1,0,0,0,0,0,0,0,0,0,1,0,0,0,1,0,0,1,0,0,0
489,1,0,0,1,0,0,2,0,0,0,0,0,0,0,0,0,0,0,0,0,0,0,0,0,0,0,0,0,0,0,0,0,0,2,0,0,0,0,1,0,0,0,1,0,0,0,1,0,0,0,0,0,0,1,0,0,0,0,0,0,0,0,1,1,0,1,0,0,0,1,0,0,0,1,0,1,0,0,0,0,0,0,0,0,0,1,0,0,0,1,0,0,1,0,0,0
490,1,0,0,1,0,0,2,0,0,0,0,0,0,0,0,0,0,0,0,0,0,0,0,0,0,0,0,0,0,0,0,0,0,2,0,0,0,0,1,0,0,0,1,0,0,0,1,0,0,0,0,0,0,1,0,0,0,0,0,0,0,0,1,1,0,1,0,0,0,1,0,0,0,1,0,1,0,0,0,0,0,0,0,0,0,1,0,0,0,1,0,0,1,0,0,0
491,1,0,0,1,0,0,2,0,0,0,0,0,0,0,0,0,0,0,0,0,0,0,0,0,0,0,0,0,0,0,0,0,0,2,0,0,0,0,1,0,0,0,1,0,0,0,1,0,0,0,0,0,0,1,0,0,0,0,0,0,0,0,1,1,0,1,0,0,0,1,0,0,0,1,0,1,0,0,0,0,0,0,0,0,0,1,0,0,0,1,0,0,1,0,0,0
492,1,0,0,1,0,0,2,0,0,0,0,0,0,0,0,0,0,0,0,0,0,0,0,0,0,0,0,0,0,0,0,0,0,2,0,0,0,0,1,0,0,0,1,0,0,0,1,0,0,0,0,0,0,1,0,0,0,0,0,0,0,0,1,1,0,1,0,0,0,1,0,0,0,1,0,1,0,0,0,0,0,0,0,0,0,1,0,0,0,1,0,0,1,0,0,0
493,1,0,0,1,0,0,2,0,0,0,0,0,0,0,0,0,0,0,0,0,0,0,0,0,0,0,0,0,0,0,0,0,0,2,0,0,0,0,2,0,0,0,1,0,0,0,1,0,0,0,0,0,0,1,0,0,0,0,0,0,0,0,1,1,0,1,0,0,0,1,0,0,0,1,0,1,0,0,0,0,0,0,0,0,0,1,0,0,0,1,0,0,1,0,0,0
494,1,0,0,1,0,0,2,0,0,0,0,0,0,0,0,0,0,0,0,0,0,0,0,0,0,0,0,0,0,0,0,0,0,2,0,0,0,0,2,0,0,0,1,0,0,0,1,0,0,0,0,0,0,1,0,0,0,0,0,0,0,0,1,1,0,1,0,0,0,1,0,0,0,1,0,1,0,0,0,0,0,0,0,0,0,1,0,0,0,1,0,0,1,0,0,0
495,1,0,0,1,0,0,2,0,0,0,0,0,0,0,0,0,0,0,0,0,0,0,0,0,0,0,0,0,0,0,0,0,0,2,0,0,0,0,2,0,0,0,1,0,0,0,1,0,0,0,0,0,0,1,0,0,0,0,0,0,0,0,1,1,0,1,0,0,0,1,0,0,0,1,0,1,0,0,0,0,0,0,0,0,0,1,0,0,0,1,0,0,1,0,0,0
496,1,0,0,1,0,0,2,0,0,0,0,0,0,0,0,0,0,0,0,0,0,0,0,0,0,0,0,0,0,0,0,0,0,2,0,0,0,0,2,0,0,0,1,0,0,0,1,0,0,0,0,0,0,1,0,0,0,0,0,0,0,0,1,1,0,1,0,0,0,1,0,0,0,1,0,1,0,0,0,0,0,0,0,0,0,1,0,0,0,1,0,0,1,0,0,0
497,1,0,0,1,0,0,2,0,0,0,0,0,0,0,0,0,0,0,0,0,0,0,0,0,0,0,0,0,0,0,0,0,0,2,0,0,0,0,2,0,0,0,1,0,0,0,1,0,0,0,0,0,0,1,0,0,0,0,0,0,0,0,1,1,0,1,0,0,0,1,0,0,0,1,0,1,0,0,0,0,0,0,0,0,0,1,0,0,0,1,0,0,1,0,0,0
498,1,0,0,1,0,0,2,0,0,0,0,0,0,0,0,0,0,0,0,0,0,0,0,0,0,0,0,0,0,0,0,0,0,2,0,0,0,0,2,0,0,0,0,0,0,0,1,0,0,0,0,0,0,1,0,0,0,0,0,0,0,0,1,1,0,1,0,0,0,1,0,0,0,1,0,1,0,0,0,0,0,0,0,0,0,1,0,0,0,1,0,0,1,0,0,0
499,1,0,0,1,0,0,2,0,0,0,0,0,0,0,0,0,0,0,0,0,0,0,0,0,0,0,0,0,0,0,0,0,0,2,0,0,0,0,2,0,0,0,0,0,0,0,1,0,0,0,0,0,0,1,0,0,0,0,0,0,0,0,1,1,0,1,0,0,0,1,0,0,0,1,0,1,0,0,0,0,0,0,0,0,0,1,0,0,0,1,0,0,1,0,0,0
500,1,0,0,1,0,0,2,0,0,0,0,0,0,0,0,0,0,0,0,0,0,0,0,0,0,0,0,0,0,0,0,0,0,2,0,0,0,0,2,0,0,0,0,0,0,0,1,0,0,0,0,0,0,1,0,0,0,0,0,0,0,0,1,1,0,1,0,0,0,1,0,0,0,1,0,1,0,0,0,0,0,0,0,0,0,1,0,0,0,1,0,0,1,0,0,0
501,1,0,0,1,0,0,2,0,0,0,0,0,0,0,0,0,0,0,0,0,0,0,0,0,0,0,0,0,0,0,0,0,0,2,0,0,0,0,2,0,0,0,0,0,0,0,1,0,0,0,0,0,0,1,0,0,0,0,0,0,0,0,1,1,0,1,0,0,0,1,0,0,0,1,0,1,0,0,0,0,0,0,0,0,0,1,0,0,0,1,0,0,1,0,0,0
502,1,0,0,1,0,0,2,0,0,0,0,0,0,0,0,0,0,0,0,0,0,0,0,0,0,0,0,0,0,0,0,0,0,2,0,0,0,0,2,0,0,0,0,0,0,0,1,0,0,0,0,0,0,1,0,0,0,0,0,0,0,0,1,1,0,1,0,0,0,1,0,0,0,1,0,1,0,0,0,0,0,0,0,0,0,1,0,0,0,1,0,0,1,0,0,0
503,1,0,0,1,0,0,2,0,0,0,0,0,0,0,0,0,0,0,0,0,0,0,0,0,0,0,0,0,0,0,0,0,0,2,0,0,0,0,2,0,0,0,0,0,0,0,1,0,0,0,0,0,0,1,0,0,0,0,0,0,0,0,1,1,0,1,0,0,0,1,0,0,0,1,0,1,0,0,0,0,0,0,0,0,0,1,0,0,0,1,0,0,1,0,0,0
504,1,0,0,1,0,0,2,0,0,0,0,0,0,0,0,0,0,0,0,0,0,0,0,0,0,0,0,0,0,0,0,0,0,2,0,0,0,0,2,0,0,0,0,0,0,0,1,0,0,0,0,0,0,1,0,0,0,0,0,0,0,0,1,1,0,1,0,0,0,1,0,0,0,1,0,1,0,0,0,0,0,0,0,0,0,1,0,0,0,1,0,0,1,0,0,0
505,1,0,0,1,0,0,2,0,0,0,0,0,0,0,0,0,0,0,0,0,0,0,0,0,0,0,0,0,0,0,0,0,0,2,0,0,0,0,2,0,0,0,0,0,0,0,1,0,0,0,0,0,0,1,0,0,0,0,0,0,0,0,1,1,0,1,0,0,0,1,0,0,0,1,0,1,0,0,0,0,0,0,0,0,0,1,0,0,0,1,0,0,1,0,0,0
506,1,0,0,1,0,0,2,0,0,0,0,0,0,0,0,0,0,0,0,0,0,0,0,0,0,0,0,0,0,0,0,0,0,2,0,0,0,0,1,0,0,0,0,0,0,0,1,0,0,0,0,0,0,1,0,0,0,0,0,0,0,0,1,1,0,1,0,0,0,1,0,0,0,1,0,1,0,0,0,0,0,0,0,0,0,1,0,0,0,1,0,0,1,0,0,0
507,1,0,0,1,0,0,2,0,0,0,0,0,0,0,0,0,0,0,0,0,0,0,0,0,0,0,0,0,0,0,0,0,0,2,0,0,0,0,1,0,0,0,0,0,0,0,1,0,0,0,0,0,0,1,0,0,0,0,0,0,0,0,1,1,0,1,0,0,0,1,0,0,0,1,0,1,0,0,0,0,0,0,0,0,0,1,0,0,0,1,0,0,1,0,0,0
508,1,0,0,1,0,0,2,0,0,0,0,0,0,0,0,0,0,0,0,0,0,0,0,0,0,0,0,0,0,0,0,0,0,2,0,0,0,0,1,0,0,0,0,0,0,0,1,0,0,0,0,0,0,1,0,0,0,0,0,0,0,0,1,1,0,1,0,0,0,1,0,0,0,1,0,1,0,0,0,0,0,0,0,0,0,1,0,0,0,1,0,0,1,0,0,0
509,1,0,0,1,0,0,2,0,0,0,0,0,0,0,0,0,0,0,0,0,0,0,0,0,0,0,0,0,0,0,0,0,0,2,0,0,0,0,1,0,0,0,0,0,0,0,1,0,0,0,0,0,0,1,0,0,0,0,0,0,0,0,1,1,0,1,0,0,0,1,0,0,0,1,0,1,0,0,0,0,0,0,0,0,0,1,0,0,0,1,0,0,1,0,0,0
510,1,0,0,1,0,0,2,0,0,0,0,0,0,0,0,0,0,0,0,0,0,0,0,0,0,0,0,0,0,0,0,0,0,2,0,0,0,0,1,0,0,0,0,0,0,0,1,0,0,0,0,0,0,1,0,0,0,0,0,0,0,0,1,1,0,1,0,0,0,1,0,0,0,1,0,1,0,0,0,0,0,0,0,0,0,1,0,0,0,1,0,0,1,0,0,0
511,1,0,1,1,0,0,2,0,0,0,0,0,0,0,0,0,0,0,0,0,0,0,0,0,0,0,0,0,0,0,0,0,0,2,0,0,0,0,1,0,0,0,0,0,0,0,1,0,0,0,0,0,0,1,0,0,0,0,0,0,0,0,1,1,0,1,0,0,0,1,0,0,0,1,0,1,0,0,0,0,0,0,0,0,0,1,0,0,0,1,0,0,1,0,0,0
512,1,0,1,1,0,0,2,0,0,0,0,0,0,0,0,0,0,0,0,0,0,0,0,0,0,0,0,0,0,0,0,0,0,2,0,0,0,0,1,0,0,0,0,0,0,0,1,0,0,0,0,0,0,1,0,0,0,0,0,0,0,0,1,1,0,1,0,0,0,1,0,0,0,1,0,1,0,0,0,0,0,0,0,0,0,1,0,0,0,1,0,0,1,0,0,0
513,1,0,1,1,0,0,2,0,0,0,0,0,0,0,0,0,0,0,0,0,0,0,0,0,0,0,0,0,0,0,0,0,0,2,0,0,0,0,1,0,0,0,0,0,0,0,1,0,0,0,0,0,0,1,0,0,0,0,0,0,0,0,1,1,0,1,0,0,0,1,0,0,0,1,0,1,0,0,0,0,0,0,0,0,0,1,0,0,0,1,0,0,1,0,0,0
514,1,0,1,1,0,0,2,0,0,0,0,0,0,0,0,0,0,0,0,0,0,0,0,0,0,0,0,0,0,0,0,0,0,2,0,0,0,0,1,0,0,0,0,0,0,0,1,0,0,0,0,0,0,1,0,0,0,0,0,0,0,0,1,1,0,1,0,0,0,1,0,0,0,1,0,1,0,0,0,0,0,0,0,0,0,1,0,0,0,1,0,0,1,0,0,0
515,1,0,1,1,0,0,2,0,0,0,0,0,0,0,0,0,0,0,0,0,0,0,0,0,0,0,0,0,0,0,0,0,0,2,0,0,0,0,1,0,0,0,0,0,0,0,1,0,0,0,0,0,0,1,0,0,0,0,0,0,0,0,1,1,0,1,0,0,0,1,0,0,0,1,0,1,0,0,0,0,0,0,0,0,0,1,0,0,0,1,0,0,1,0,0,0
516,1,0,1,1,0,0,2,0,0,0,0,0,0,0,0,0,0,0,0,0,0,0,0,0,0,0,0,0,0,0,0,0,0,2,0,0,0,0,1,0,0,0,0,0,0,0,1,0,0,0,0,0,0,1,0,0,0,0,0,0,0,0,1,1,0,1,0,0,0,1,0,0,0,1,0,1,0,0,0,0,0,0,0,0,0,1,0,0,0,1,0,0,1,0,0,0
517,1,0,1,1,0,0,2,0,0,0,0,0,0,0,0,0,0,0,0,0,0,0,0,0,0,0,0,0,0,0,0,0,0,2,0,0,0,0,1,0,0,0,0,0,0,0,1,0,0,0,0,0,0,1,0,0,0,0,0,0,0,0,1,1,0,1,0,0,0,1,0,0,0,1,0,1,0,0,0,0,0,0,0,0,0,1,0,0,0,1,0,0,1,0,0,0
518,1,0,1,1,0,0,2,0,0,0,0,0,0,0,0,0,0,0,0,0,0,0,0,0,0,0,0,0,0,0,0,0,0,2,0,0,0,0,1,0,0,0,0,0,0,0,1,0,0,0,0,0,0,1,0,0,0,0,0,0,0,0,1,1,0,1,0,0,0,1,0,0,0,1,0,1,0,0,0,0,0,0,0,0,0,1,0,0,0,1,0,0,1,0,0,0
519,1,0,1,1,0,0,2,0,0,0,0,0,0,0,0,0,0,0,0,0,0,0,0,0,0,0,0,0,0,0,0,0,0,2,0,0,0,0,1,0,0,0,0,0,0,0,1,0,0,0,0,0,0,1,0,0,0,0,0,0,0,0,1,1,0,1,0,0,0,1,0,0,0,1,0,1,0,0,0,0,0,0,0,0,0,1,0,0,0,1,0,0,1,0,0,0
520,1,0,1,1,0,0,2,0,0,0,0,0,0,0,0,0,0,0,0,0,0,0,0,0,0,0,0,0,0,0,0,0,0,2,0,0,0,0,1,0,0,0,0,0,0,0,1,0,0,0,0,0,0,1,0,0,0,0,0,0,0,0,1,1,0,1,0,0,0,1,0,0,0,1,0,1,0,0,0,0,0,0,0,0,0,1,0,0,0,1,0,0,1,0,0,0
521,1,0,1,1,0,0,2,0,0,0,0,0,0,0,0,0,0,0,0,0,0,0,0,0,0,0,0,0,0,0,0,0,0,2,0,0,0,0,1,0,0,0,0,0,0,0,1,0,0,0,0,0,0,1,0,0,0,0,0,0,0,0,1,1,0,1,0,0,0,1,0,0,0,1,0,1,0,0,0,0,0,0,0,0,0,1,0,0,0,1,0,0,1,0,0,0
522,1,0,1,1,0,0,2,0,0,0,0,0,0,0,0,0,0,0,0,0,0,0,0,0,0,0,0,0,0,0,0,0,0,2,0,0,0,0,1,0,0,0,0,0,0,0,1,0,0,0,0,0,0,1,0,0,0,0,0,0,0,0,1,1,0,1,0,0,0,1,0,0,0,1,0,1,0,0,0,0,0,0,0,0,0,1,0,0,0,1,0,0,1,0,0,0
523,1,0,1,1,0,0,2,0,0,0,0,0,0,0,0,0,0,0,0,0,0,0,0,0,0,0,0,0,0,0,0,0,0,2,0,0,0,0,1,0,0,0,0,0,0,0,1,0,0,0,0,0,0,1,0,0,0,0,0,0,0,0,1,1,0,1,0,0,0,1,0,0,0,1,0,1,0,0,0,0,0,0,0,0,0,1,0,0,0,1,0,0,1,0,0,0
524,1,0,1,1,0,0,2,0,0,0,0,0,0,0,0,0,0,0,0,0,0,0,0,0,0,0,0,0,0,0,0,0,0,2,0,0,0,0,1,0,0,0,0,0,0,0,1,0,0,0,0,0,0,1,0,0,0,0,0,0,0,0,1,1,0,1,0,0,0,1,0,0,0,1,0,1,0,0,0,0,0,0,0,0,0,1,0,0,0,1,0,0,1,0,0,0
525,1,0,1,1,0,0,2,0,0,0,0,0,0,0,0,0,0,0,0,0,0,0,0,0,0,0,0,0,0,0,0,0,0,2,0,0,0,0,1,0,0,0,0,0,0,0,1,0,0,0,0,0,0,1,0,0,0,0,0,0,0,0,1,1,0,1,0,0,0,1,0,0,0,1,0,1,0,0,0,0,0,0,0,0,0,1,0,0,0,1,0,0,1,0,0,0
526,1,0,1,1,0,0,2,0,0,0,0,0,0,0,0,0,0,0,0,0,0,0,0,0,0,0,0,0,0,0,0,0,0,2,0,0,0,0,1,0,0,0,0,0,0,0,1,0,0,0,0,0,0,1,0,0,0,0,0,0,0,0,1,1,0,1,0,0,0,1,0,0,0,1,0,1,0,0,0,0,0,0,0,0,0,1,0,0,0,1,0,0,1,0,0,0
527,1,0,1,1,0,0,2,0,0,0,0,0,0,0,0,0,0,0,0,0,0,0,0,0,0,0,0,0,0,0,0,0,0,2,0,0,0,0,1,0,0,0,0,0,0,0,1,0,0,0,0,0,0,1,0,0,0,0,0,0,0,0,1,1,0,1,0,0,0,1,0,0,0,1,0,1,0,0,0,0,0,0,0,0,0,1,0,0,0,1,0,0,1,0,0,0
528,1,0,1,1,0,0,2,0,0,0,0,0,0,0,0,0,0,0,0,0,0,0,0,0,0,0,0,0,0,0,0,0,0,2,0,0,0,0,1,0,0,0,0,0,0,0,1,0,0,0,0,0,0,1,0,0,0,0,0,0,0,0,1,1,0,1,0,0,0,1,0,0,0,1,0,1,0,0,0,0,0,0,0,0,0,1,0,0,0,1,0,0,1,0,0,0
529,1,0,1,1,0,0,2,0,0,0,0,0,0,0,0,0,0,0,0,0,0,0,0,0,0,0,0,0,0,0,0,0,0,2,0,0,0,0,1,0,0,0,0,0,0,0,1,0,0,0,0,0,0,1,0,0,0,0,0,0,0,0,1,1,0,1,0,0,0,1,0,0,0,1,0,1,0,0,0,0,0,0,0,0,0,1,0,0,0,1,0,0,1,0,0,0
530,1,0,1,1,0,0,2,0,0,0,0,0,0,0,0,0,0,0,0,0,0,0,0,0,0,0,0,0,0,0,0,0,0,2,0,0,0,0,1,0,0,0,0,0,0,0,1,0,0,0,0,0,0,1,0,0,0,0,0,0,0,0,1,1,0,1,0,0,0,1,0,0,0,1,0,1,0,0,0,0,0,0,0,0,0,1,0,0,0,1,0,0,1,0,0,0
531,1,0,1,1,0,0,2,0,0,0,0,0,0,0,0,0,0,0,0,0,0,0,0,0,0,0,0,0,0,0,0,0,0,2,0,0,0,0,1,0,0,0,0,0,0,0,1,0,0,0,0,0,0,1,0,0,0,0,0,0,0,0,1,1,0,1,0,0,0,1,0,0,0,1,0,1,0,0,0,0,0,0,0,0,0,1,0,0,0,1,0,0,1,0,0,0
532,1,0,1,1,0,0,2,0,0,0,0,0,0,0,0,0,0,0,0,0,0,0,0,0,0,0,0,0,0,0,0,0,0,2,0,0,0,0,1,0,0,0,0,0,0,0,1,0,0,0,0,0,0,1,0,0,0,0,0,0,0,0,1,1,0,1,0,0,0,1,0,0,0,1,0,1,0,0,0,0,0,0,0,0,0,1,0,0,0,1,0,0,1,0,0,0
533,1,0,1,1,0,0,2,0,0,0,0,0,0,0,0,0,0,0,0,0,0,0,0,0,0,0,0,0,0,0,0,0,0,2,0,0,0,0,1,0,0,0,0,0,0,0,1,0,0,0,0,0,0,1,0,0,0,0,0,0,0,0,1,1,0,1,0,0,0,1,0,0,0,1,0,1,0,0,0,0,0,0,0,0,0,1,0,0,0,1,0,0,1,0,0,0
534,1,0,1,1,0,0,2,0,0,0,0,0,0,0,0,0,0,0,0,0,0,0,0,0,0,0,0,0,0,0,0,0,0,2,0,0,0,0,1,0,0,0,0,0,0,0,1,0,0,0,0,0,0,1,0,0,0,0,0,0,0,0,1,1,0,1,0,0,0,1,0,0,0,1,0,1,0,0,0,0,0,0,0,0,0,1,0,0,0,1,0,0,1,0,0,0
535,1,0,1,1,0,0,2,0,0,0,0,0,0,0,0,0,0,0,0,0,0,0,0,0,0,0,0,0,0,0,0,0,0,2,0,0,0,0,1,0,0,0,0,0,0,0,1,0,0,0,0,0,0,1,0,0,0,0,0,0,0,0,1,1,0,1,0,0,0,1,0,0,0,1,0,1,0,0,0,0,0,0,0,0,0,1,0,0,0,1,0,0,1,0,0,0
536,1,0,1,1,0,0,2,0,0,0,0,0,0,0,0,0,0,0,0,0,0,0,0,0,0,0,0,0,0,0,0,0,0,2,0,0,0,0,1,0,0,0,0,0,0,0,1,0,0,0,0,0,0,1,0,0,0,0,0,0,0,0,1,1,0,1,0,0,0,1,0,0,0,1,0,1,0,0,0,0,0,0,0,0,0,1,0,0,0,1,0,0,1,0,0,0
537,1,0,1,1,0,0,2,0,0,0,0,0,0,0,0,0,0,0,0,0,0,0,0,0,0,0,0,0,0,0,0,0,0,2,0,0,0,0,1,0,0,0,0,0,0,0,1,0,0,0,0,0,0,1,0,0,0,0,0,0,0,0,1,1,0,1,0,0,0,1,0,0,0,1,0,1,0,0,0,0,0,0,0,0,0,1,0,0,0,1,0,0,1,0,1,0
538,1,0,1,1,0,0,2,0,0,0,0,0,0,0,0,0,0,0,0,0,0,0,0,0,0,0,0,0,0,0,0,0,0,2,0,0,0,0,1,0,0,0,0,0,0,0,1,0,0,0,0,0,0,1,0,0,0,0,0,0,0,0,1,1,0,1,0,0,0,1,0,0,0,1,0,1,0,0,0,0,0,0,0,0,0,1,0,0,0,1,0,0,1,0,1,0
539,1,0,1,1,0,0,2,0,0,0,0,0,0,0,0,0,0,0,0,0,0,0,0,0,0,0,0,0,0,0,0,0,0,2,0,0,0,0,1,0,0,0,0,0,0,0,1,0,0,0,0,0,0,1,0,0,0,0,0,0,0,0,1,1,0,1,0,0,0,1,0,0,0,1,0,1,0,0,0,0,0,0,0,0,0,1,0,0,0,1,0,0,1,0,1,0
540,1,0,1,1,0,0,2,0,0,0,0,0,0,0,0,0,0,0,0,0,0,0,0,0,0,0,0,0,0,0,0,0,0,2,0,0,0,0,1,0,0,0,0,0,0,0,1,0,0,0,0,0,0,1,0,0,0,0,0,0,0,0,1,1,0,1,0,0,0,1,0,0,0,1,0,1,0,0,0,0,0,0,0,0,0,1,0,0,0,1,0,0,1,0,1,0
541,1,0,1,1,0,0,2,0,0,0,0,0,0,0,0,0,0,0,0,0,0,0,0,0,0,0,0,0,0,0,0,0,0,2,0,0,0,0,1,0,0,0,0,0,0,0,1,0,0,0,0,0,0,1,0,0,0,0,0,0,0,0,1,1,0,1,0,0,0,1,0,0,0,1,0,1,0,0,0,0,0,0,0,0,0,1,0,0,0,1,0,0,1,0,1,0
542,1,0,1,1,0,0,2,0,0,0,0,0,0,0,0,0,0,0,0,0,0,0,0,0,0,0,0,0,0,0,0,0,0,2,0,0,0,0,1,0,0,0,0,0,0,0,1,0,0,0,0,0,0,1,0,0,0,0,0,0,0,0,1,1,0,1,0,0,0,1,0,0,0,1,0,1,0,0,0,0,0,0,0,0,0,1,0,0,0,1,0,0,1,0,1,0
543,1,0,1,1,0,0,2,0,0,0,0,0,0,0,0,0,0,0,0,0,0,0,0,0,0,0,0,0,0,0,0,0,0,2,0,0,0,0,1,0,0,0,0,0,0,0,1,0,0,0,0,0,0,1,0,0,0,0,0,0,0,0,1,1,0,2,0,0,0,1,0,0,0,1,0,1,0,0,0,0,0,0,0,0,0,1,1,0,0,1,0,0,1,0,1,0
544,1,0,1,1,0,0,2,0,0,0,0,0,0,0,0,0,0,0,0,0,0,0,0,0,0,0,0,0,0,0,0,0,0,2,0,0,0,0,1,0,0,0,0,0,0,0,1,0,0,0,0,0,0,1,0,0,0,0,0,0,0,0,1,1,0,2,0,0,0,1,0,0,0,1,0,1,0,0,0,0,0,0,0,0,0,1,1,0,0,1,0,0,1,0,1,0
545,1,0,1,1,0,0,2,0,0,0,0,0,0,0,0,0,0,0,0,0,0,0,0,0,0,0,0,0,0,0,0,0,0,2,0,0,0,0,1,0,0,0,0,0,0,0,1,0,0,0,0,0,0,1,0,0,0,0,0,0,0,0,1,1,0,2,0,0,0,1,0,0,0,1,0,1,0,0,0,0,0,0,0,0,0,1,1,0,0,1,0,0,1,0,1,0
546,1,0,1,1,0,0,2,0,0,0,0,0,0,0,0,0,0,0,0,0,0,0,0,0,0,0,0,0,0,0,0,0,0,2,0,0,0,0,1,0,0,0,0,0,0,0,1,0,0,0,0,0,0,1,0,0,0,0,0,0,0,0,1,1,0,2,0,0,0,1,0,0,0,1,0,1,0,0,0,0,0,0,0,0,0,1,1,0,0,1,0,0,1,0,1,0
547,1,0,1,1,0,0,2,0,0,0,0,0,0,0,0,0,0,0,0,0,0,0,0,0,0,0,0,0,0,0,0,0,0,2,0,0,0,0,1,0,0,0,0,0,0,0,1,0,0,0,0,0,0,1,0,0,0,0,0,0,0,0,1,1,0,2,0,0,0,1,0,0,0,1,0,1,0,0,0,0,0,0,0,0,0,1,1,0,0,1,0,0,1,0,1,0
548,1,0,1,1,0,0,2,0,0,0,0,0,0,0,0,0,0,0,0,0,0,0,0,0,0,0,0,0,0,0,0,0,0,2,0,0,0,0,1,0,0,0,0,0,0,0,1,0,0,0,0,0,0,1,0,0,0,0,0,0,0,0,1,1,0,2,0,0,0,1,0,0,0,1,0,1,0,0,0,0,0,0,0,0,0,1,1,0,0,1,0,0,1,0,1,0
549,1,0,1,1,0,0,2,0,0,0,0,0,0,0,0,0,0,0,0,0,0,0,0,0,0,0,0,0,0,0,0,0,0,2,0,0,0,0,1,0,0,0,0,0,0,0,1,0,0,0,0,0,0,1,0,0,0,0,0,0,0,0,1,1,0,2,0,0,0,1,0,0,0,1,0,1,0,0,0,0,0,0,0,0,0,1,1,0,1,1,0,0,1,0,1,0
550,1,0,1,1,0,0,2,0,0,0,0,0,0,0,0,0,0,0,0,0,0,0,0,0,0,0,0,0,0,0,0,0,0,2,0,0,0,0,1,0,0,0,0,0,0,0,1,0,0,0,0,0,0,1,0,0,0,0,0,0,0,0,1,1,0,2,0,0,0,1,0,0,0,1,0,1,0,0,0,0,0,0,0,0,0,1,1,0,1,1,0,0,1,0,1,0
551,1,0,1,1,0,0,2,0,0,0,0,0,0,0,0,0,0,0,0,0,0,0,0,0,0,0,0,0,0,0,0,0,0,2,0,0,0,0,1,0,0,0,0,0,0,0,1,0,0,0,0,0,0,1,0,0,0,0,0,0,0,0,1,1,0,2,0,0,0,1,0,0,0,1,0,1,0,0,0,0,0,0,0,0,0,1,1,0,1,1,0,0,1,0,1,0
552,1,0,1,1,0,0,2,0,0,0,0,0,0,0,0,0,0,0,0,0,0,0,0,0,0,0,0,0,0,0,0,0,0,2,0,0,0,0,1,0,0,0,0,0,0,0,1,0,0,0,0,0,0,1,0,0,0,0,0,0,0,0,1,1,0,2,0,0,0,1,0,0,1,1,0,1,0,0,0,0,0,0,0,0,0,1,1,0,1,1,0,0,1,0,1,0
553,1,0,1,1,0,0,2,0,0,0,0,0,0,0,0,0,0,0,0,0,0,0,0,0,0,0,0,0,0,0,0,0,0,2,0,0,0,0,1,0,0,0,0,0,0,0,1,0,0,0,0,0,0,1,0,0,0,0,0,0,0,0,1,1,0,2,0,0,0,1,0,0,1,1,0,1,0,0,0,0,0,0,0,0,0,1,1,0,1,1,0,0,1,0,1,0
554,1,0,1,1,0,0,2,0,0,0,0,0,0,0,0,0,0,0,0,0,0,0,0,0,0,0,0,0,0,0,0,0,0,2,0,0,0,0,1,0,0,0,0,0,0,0,1,0,0,0,0,0,0,1,0,0,0,0,0,0,0,0,1,1,0,2,0,0,0,1,0,0,1,1,0,1,0,0,0,0,0,0,0,0,0,1,1,0,1,1,0,0,1,0,1,0
555,1,0,1,1,0,0,2,0,0,0,0,0,0,0,0,0,0,0,0,0,0,0,0,0,0,0,0,0,0,0,0,0,0,2,0,0,0,0,1,0,0,0,0,0,0,0,1,0,0,0,0,0,0,1,0,0,0,0,0,0,0,0,1,1,0,2,0,0,0,1,0,0,1,1,0,1,0,0,0,0,0,0,0,0,0,1,1,0,1,1,0,0,1,0,1,0
556,1,0,1,1,0,0,2,0,0,0,0,0,0,0,0,0,0,0,0,0,0,0,0,0,0,0,0,0,0,0,0,0,0,2,0,0,0,0,1,0,0,0,0,0,0,0,1,0,0,0,0,0,0,1,0,0,0,0,0,0,0,0,1,1,0,2,0,0,0,1,0,0,1,1,0,1,0,0,0,0,0,0,0,0,0,1,1,0,1,1,0,0,1,0,1,0
557,1,0,1,1,0,0,2,0,0,0,0,0,0,0,0,0,0,0,0,0,0,0,0,0,0,0,0,0,0,0,0,0,0,2,0,0,0,0,1,0,0,0,0,0,0,0,1,0,0,0,0,0,0,1,0,0,0,0,0,0,0,0,1,1,0,2,0,0,0,1,0,0,1,1,0,1,0,0,0,0,0,0,0,0,0,1,1,0,1,1,0,0,1,0,1,0
558,1,0,1,1,0,0,2,0,0,0,0,0,0,0,0,0,0,0,0,0,0,0,0,0,0,0,0,0,0,0,0,0,0,2,0,0,0,0,1,0,0,0,0,0,0,0,1,0,0,0,0,0,0,1,0,0,0,0,0,0,0,0,1,1,0,2,0,0,0,1,0,0,1,1,0,1,0,0,0,0,0,0,0,0,0,1,1,0,1,1,0,0,1,0,1,0
559,1,0,1,1,0,0,2,0,0,0,0,0,0,0,0,0,0,0,0,0,0,0,0,0,0,0,0,0,0,0,0,0,0,2,0,0,0,0,1,0,0,0,0,0,0,0,1,0,0,0,0,0,0,1,0,0,0,0,0,0,0,0,1,1,0,2,0,0,0,1,0,0,1,1,0,1,0,0,0,0,0,0,0,0,0,1,1,0,1,1,0,0,1,0,1,0
560,1,0,1,1,0,0,2,0,0,0,0,0,0,0,0,0,0,0,0,0,0,0,0,0,0,0,0,0,0,0,0,0,0,2,0,0,0,0,1,0,0,0,0,0,0,0,1,0,0,0,0,0,0,1,0,0,0,0,0,0,0,0,1,1,0,2,0,0,0,1,0,0,1,1,0,1,0,0,0,0,0,0,0,0,0,1,1,0,1,1,0,0,1,0,1,0
561,1,0,1,1,0,0,2,0,0,0,0,0,0,0,0,0,0,0,0,0,0,0,0,0,0,0,0,0,0,0,0,0,0,2,0,0,0,0,1,0,0,0,0,0,0,0,1,0,0,0,0,0,0,1,0,0,0,0,0,0,0,0,1,1,0,2,0,0,0,1,0,0,1,1,0,1,0,0,0,0,0,0,0,0,0,1,1,0,1,1,0,0,1,0,1,0
562,1,0,1,1,0,0,2,0,0,0,0,0,0,0,0,0,0,0,0,0,0,0,0,0,0,0,0,0,0,0,0,0,0,2,0,0,0,0,1,0,0,0,0,0,0,0,1,0,0,0,0,0,0,1,0,0,0,0,0,0,0,0,1,1,0,2,0,0,0,1,0,0,1,1,0,1,0,0,0,0,0,0,0,0,0,1,1,0,1,1,0,0,1,0,1,0
563,1,0,1,1,0,0,2,0,0,0,0,0,0,0,0,0,0,0,0,0,0,0,0,0,0,0,0,0,0,0,0,0,0,2,0,0,0,0,1,0,0,0,0,0,0,0,1,0,0,0,0,0,0,1,0,0,0,0,0,0,0,0,1,1,0,2,0,0,0,1,0,0,1,1,0,1,0,0,0,0,0,0,0,0,0,1,1,0,1,1,0,0,1,0,1,0
564,1,0,1,1,0,0,2,0,0,0,0,0,0,0,0,0,0,0,0,0,0,0,0,0,0,0,0,0,0,0,0,0,0,2,0,0,0,0,1,0,0,0,0,0,0,0,1,0,0,0,0,0,0,1,0,0,0,0,0,0,0,0,1,1,0,2,0,0,0,1,0,0,1,1,0,1,0,0,0,0,0,0,0,0,0,1,1,0,1,1,0,0,1,0,1,0
565,1,0,1,1,0,0,2,0,0,0,0,0,0,0,0,0,0,0,0,0,0,0,0,0,0,0,0,0,0,0,0,0,0,2,0,0,0,0,1,0,0,0,0,0,0,0,1,0,0,0,0,0,0,1,0,0,0,0,0,0,0,0,1,1,0,2,0,0,0,1,0,0,1,1,0,1,0,0,0,0,0,0,0,0,0,1,1,0,1,1,0,0,1,0,1,0
566,1,0,1,1,0,0,2,0,0,0,0,0,0,0,0,0,0,0,0,0,0,0,0,0,0,0,0,0,0,0,0,0,0,2,0,0,0,0,1,0,0,0,0,0,0,0,1,0,0,0,0,0,0,1,0,0,0,0,0,0,0,0,1,1,0,2,0,0,0,1,0,0,1,1,0,1,0,0,0,0,0,0,0,0,0,1,1,0,1,1,0,0,1,0,1,0
567,1,0,1,1,0,0,2,0,0,0,0,0,0,0,0,0,0,0,0,0,0,0,0,0,0,0,0,0,0,0,0,0,0,2,0,0,0,0,1,0,0,0,0,0,0,0,1,0,0,0,0,0,0,1,0,0,0,0,0,0,0,0,1,1,0,2,0,0,0,1,0,0,1,1,0,1,0,0,0,0,0,0,0,0,0,1,1,0,1,1,0,0,1,0,1,0
568,1,0,1,1,0,0,2,0,0,0,0,0,0,0,0,0,0,0,0,0,0,0,0,0,0,0,0,0,0,0,0,0,0,2,0,0,0,0,1,0,0,0,0,0,0,0,1,0,0,0,0,0,0,1,0,0,0,0,0,0,0,0,1,1,0,2,0,0,0,1,0,0,1,1,0,1,0,0,0,0,0,0,0,0,0,1,1,0,1,1,0,0,1,0,1,0
569,0,0,1,1,0,0,2,0,0,0,0,0,0,0,0,0,0,0,0,0,0,0,0,0,0,0,0,0,0,0,0,0,0,2,0,0,0,0,1,0,0,0,0,0,0,0,1,0,0,0,0,0,0,1,0,0,0,0,0,0,0,0,1,1,0,2,0,0,0,1,0,0,1,1,0,1,0,0,0,0,0,0,0,0,0,1,1,0,1,1,0,0,1,0,1,0
570,0,0,1,1,0,0,2,0,0,0,0,0,0,0,0,0,0,0,0,0,0,0,0,0,0,0,0,0,0,0,0,0,0,2,0,0,0,0,1,0,0,0,0,0,0,0,1,0,0,0,0,0,0,1,0,0,0,0,0,0,0,0,1,1,0,2,0,0,0,1,0,0,1,1,0,1,0,0,0,0,0,0,0,0,0,1,1,0,1,1,0,0,1,0,1,0
571,0,0,1,1,0,0,2,0,0,0,0,0,0,0,0,0,0,0,0,0,0,0,0,0,0,0,0,0,0,0,0,0,0,2,0,0,0,0,1,0,0,0,0,0,0,0,1,0,0,0,0,0,0,1,0,0,0,0,0,0,0,0,1,1,0,2,0,0,0,1,0,0,1,1,0,1,0,0,0,0,1,0,0,0,0,1,1,0,1,1,0,0,1,0,1,0
572,0,0,1,1,0,0,2,0,0,0,0,0,0,0,0,0,0,0,0,0,0,0,0,0,0,0,0,0,0,0,0,0,0,2,0,0,0,0,1,0,0,0,0,0,0,0,1,0,0,0,0,0,0,1,0,0,0,0,0,0,0,0,1,1,0,2,0,0,0,1,0,0,1,1,0,1,0,0,0,0,1,0,0,0,0,1,1,0,1,1,0,0,1,0,1,0
573,0,0,1,1,0,0,2,0,0,0,0,0,0,0,0,0,0,0,0,0,0,0,0,0,0,0,0,0,0,0,0,0,0,2,0,0,0,0,1,0,0,0,0,0,0,0,1,0,0,0,0,0,0,1,0,0,0,0,0,0,0,0,1,1,0,2,0,0,0,1,0,0,1,1,0,1,0,0,0,0,1,0,0,0,0,1,1,0,1,1,0,0,1,0,1,0
574,0,0,1,1,0,0,2,0,0,0,0,0,0,0,0,0,0,0,0,0,0,0,0,0,0,0,0,0,0,0,0,0,0,2,0,0,0,0,1,0,0,0,0,0,0,0,1,0,0,0,0,0,0,1,0,0,0,0,0,0,0,0,1,1,0,2,0,0,0,1,0,0,1,1,0,1,0,0,0,0,1,0,0,0,0,1,1,0,1,1,0,0,1,0,1,0
575,0,0,1,1,0,0,2,0,0,0,0,0,0,0,0,0,0,0,0,0,0,0,0,0,0,0,0,0,0,0,0,0,0,2,0,0,0,0,1,0,0,0,0,0,0,0,1,0,0,0,0,0,0,1,0,0,0,0,0,0,0,0,1,1,0,2,0,0,0,1,0,0,1,1,0,1,0,0,0,0,1,0,0,0,0,1,1,0,1,1,0,0,1,0,1,0
576,0,0,1,1,0,0,2,0,0,0,0,0,0,0,0,0,0,0,0,0,0,0,0,0,0,0,0,0,0,0,0,0,0,2,0,0,0,0,1,0,0,0,0,0,0,0,1,0,0,0,0,0,0,1,0,0,0,0,0,0,0,0,1,1,0,2,0,0,0,1,0,0,1,1,0,1,0,0,0,0,1,0,0,0,0,1,1,0,1,1,0,0,1,0,1,0
577,0,0,1,1,0,0,2,0,0,0,0,0,0,0,0,0,0,0,0,0,0,0,0,0,0,0,0,0,0,0,0,0,0,2,0,0,0,0,1,0,0,0,0,0,0,0,1,0,0,0,0,0,0,1,0,0,0,0,0,0,0,0,1,1,0,2,0,0,0,1,0,0,1,1,0,1,0,0,0,0,1,0,0,0,0,1,1,0,1,1,0,0,1,0,1,0
578,0,0,1,1,0,0,2,0,0,0,0,0,0,0,0,0,0,0,0,0,0,0,0,0,0,0,0,0,0,0,0,0,0,2,0,0,0,0,1,0,0,0,0,0,0,0,1,0,0,0,0,0,0,1,0,0,0,0,0,0,0,0,1,1,0,2,0,0,0,1,0,0,1,1,0,1,0,0,0,0,1,0,0,0,0,1,1,0,1,1,0,1,1,0,1,0
579,0,0,1,1,0,0,2,0,0,0,0,0,0,0,0,0,0,0,0,0,0,0,0,0,0,0,0,0,0,0,0,0,0,2,0,0,0,0,1,0,0,0,0,0,0,0,1,0,0,0,0,0,0,1,0,0,0,0,0,0,0,0,1,1,0,2,0,0,0,1,0,0,1,1,0,1,0,0,0,0,1,0,0,0,0,1,1,0,1,1,0,1,1,0,1,0
580,0,0,1,1,0,0,2,0,0,0,0,0,0,0,0,0,0,0,0,0,0,0,0,0,0,0,0,0,0,0,0,0,0,2,0,0,0,0,1,0,0,0,0,0,0,0,1,0,0,0,0,0,0,1,0,0,0,0,0,0,0,0,1,1,0,2,0,0,0,1,0,0,1,1,0,1,0,0,0,0,1,0,0,0,0,1,1,0,1,1,0,1,1,0,1,0
581,0,0,1,1,0,0,2,0,0,0,0,0,0,0,0,0,0,0,0,0,0,0,0,0,0,0,0,0,0,0,0,0,0,2,0,0,0,0,1,0,0,0,0,0,0,0,1,0,0,0,0,0,0,1,0,0,0,0,0,0,0,0,1,1,0,2,0,0,0,1,0,0,1,1,0,1,0,0,0,0,1,0,0,0,0,1,1,0,1,1,0,1,1,0,1,0
582,0,0,1,1,0,0,2,0,0,0,0,0,0,0,0,0,0,0,0,0,0,0,0,0,0,0,0,0,0,0,0,0,0,2,0,0,0,0,1,0,0,0,0,0,0,0,1,0,0,0,0,0,0,1,0,0,0,0,0,0,0,0,1,1,0,2,0,0,0,1,0,0,1,1,0,1,0,0,0,0,1,0,0,0,0,1,1,0,1,1,0,1,1,0,1,0
583,0,0,1,1,0,0,2,0,0,0,1,0,0,0,0,0,0,0,0,0,0,0,0,0,0,0,0,0,0,0,0,0,0,2,0,0,0,0,1,0,0,0,0,0,0,0,1,0,0,0,0,0,0,1,0,0,0,0,0,0,0,0,1,1,0,2,0,0,0,1,0,0,1,1,0,1,0,0,0,0,1,0,0,0,0,1,1,0,1,1,0,1,1,0,1,0
584,0,0,1,1,0,0,2,0,0,0,1,0,0,0,0,0,0,0,0,0,0,0,0,0,0,0,0,0,0,0,0,0,0,2,0,0,0,0,1,0,0,0,0,0,0,0,1,0,0,0,0,0,0,1,0,0,0,0,0,0,0,0,1,1,0,2,0,0,0,1,0,0,1,1,0,1,0,0,0,0,1,0,0,0,0,1,1,0,1,1,0,1,1,0,1,0
585,0,0,1,1,0,0,2,0,0,0,1,0,0,0,0,0,0,0,0,0,0,0,0,0,0,0,0,0,0,0,0,0,0,2,0,0,0,0,1,0,0,0,0,0,0,0,1,0,0,0,0,0,0,1,0,0,0,0,0,0,0,0,1,1,0,2,0,0,0,1,0,0,1,1,0,1,0,0,0,0,1,0,0,0,0,1,1,0,1,1,0,1,1,0,1,0
586,0,0,1,1,0,0,2,0,0,0,1,0,0,0,0,0,0,0,0,0,0,0,0,0,0,0,0,0,0,0,0,0,0,2,0,0,0,0,1,0,0,0,0,0,0,0,1,0,0,0,0,0,0,1,0,0,0,0,0,0,0,0,1,1,0,2,0,0,0,1,0,0,1,1,0,1,0,0,0,0,1,0,0,0,0,1,1,0,1,1,0,1,1,0,1,0
587,0,0,1,1,0,0,2,0,0,0,1,0,0,0,0,0,0,0,0,0,0,0,0,0,0,0,0,0,0,0,0,0,0,2,0,0,0,0,1,0,0,0,0,0,0,0,1,0,0,0,0,0,0,1,0,0,0,0,0,0,0,0,1,1,0,2,0,0,0,1,0,0,1,1,0,1,0,0,0,0,1,0,0,0,0,1,1,0,1,1,0,1,1,0,1,0
588,0,0,1,1,0,0,2,0,0,0,1,0,0,0,0,0,0,0,0,0,0,0,0,0,0,0,0,0,0,0,0,0,0,2,0,0,0,0,1,0,0,0,0,0,0,0,1,0,0,0,0,0,0,1,0,0,0,0,0,0,0,0,1,1,0,2,0,0,0,1,0,0,1,1,0,1,0,0,0,0,1,0,0,0,0,1,1,0,1,1,0,1,1,0,1,0
589,0,0,1,1,0,0,2,0,0,0,1,0,0,0,0,0,0,0,0,0,0,0,0,0,0,0,0,0,0,0,0,0,0,2,0,0,0,0,1,0,0,0,0,0,0,0,1,0,0,0,0,0,0,1,0,0,0,0,0,0,0,0,1,1,0,2,0,0,0,1,0,0,1,1,0,1,0,0,0,0,1,0,0,0,0,1,1,0,1,1,0,1,1,0,1,0
590,0,0,1,1,0,0,2,0,0,0,1,0,0,0,0,0,0,0,0,0,0,0,0,0,0,0,0,0,0,0,0,0,0,2,0,0,0,0,1,0,0,0,0,0,0,0,1,0,0,0,0,0,0,1,0,0,0,0,0,0,0,0,1,1,0,1,0,0,0,1,0,0,1,1,0,1,0,0,0,0,1,1,0,0,0,1,1,0,1,1,0,1,1,0,1,0
591,0,0,1,1,0,0,2,0,0,0,1,0,0,0,0,0,0,0,0,0,0,0,0,0,0,0,0,0,0,0,0,0,0,2,0,0,0,0,1,0,0,0,0,0,0,0,1,0,0,0,0,0,0,1,0,0,0,0,0,0,0,0,1,1,0,1,0,0,0,1,0,0,1,1,0,1,0,0,0,0,1,1,0,0,0,1,1,0,1,1,0,1,1,0,1,0
592,0,0,1,1,0,0,2,0,0,0,1,0,0,0,0,0,0,0,0,0,0,0,0,0,0,0,0,0,0,0,0,0,0,2,0,0,0,0,1,0,0,0,0,0,0,0,1,0,0,0,0,0,0,1,0,0,0,0,0,0,0,0,1,1,0,1,0,0,0,1,0,0,1,1,0,1,0,0,0,0,1,1,0,0,0,1,1,0,1,1,0,1,1,0,1,0
593,0,0,1,1,0,0,2,0,0,0,1,0,0,0,0,0,0,0,0,0,0,0,0,0,0,0,0,0,0,0,0,0,0,2,0,0,0,0,1,0,0,0,0,0,0,0,1,0,0,0,0,0,0,1,0,0,0,0,0,0,0,0,1,1,0,1,0,0,0,1,0,0,1,1,0,1,0,0,0,0,1,1,0,0,0,1,1,0,1,1,0,1,1,0,1,0
594,0,0,1,1,0,0,2,0,0,0,1,0,0,0,0,0,0,0,0,0,0,0,0,0,0,0,0,0,0,0,0,0,0,2,0,0,0,0,1,0,0,0,0,0,0,0,1,0,0,0,0,0,0,1,0,0,0,0,0,0,0,0,1,1,0,1,0,0,0,1,0,0,1,1,0,1,0,0,0,0,1,1,0,0,0,1,1,0,1,1,0,1,1,0,1,0
595,0,0,1,1,0,0,2,0,0,0,1,0,0,0,0,0,0,0,0,0,0,0,0,0,0,0,0,0,0,0,0,0,0,2,0,0,0,0,1,0,0,0,0,0,0,0,1,0,0,0,0,0,0,1,0,0,0,0,0,0,0,0,1,1,0,1,0,0,0,1,0,0,1,1,0,1,0,0,0,0,1,1,0,0,0,1,1,0,1,1,0,1,1,0,1,0
596,0,0,1,1,0,0,2,0,0,0,1,0,0,0,0,0,0,0,0,0,0,0,0,0,0,0,0,0,0,0,0,0,0,2,0,0,0,0,1,0,0,0,0,0,0,0,1,0,0,0,0,0,0,1,0,0,0,0,0,0,0,0,1,1,0,1,0,0,0,1,0,0,1,1,0,1,0,0,0,0,1,1,0,0,0,1,1,0,1,1,0,1,1,0,1,0
597,0,0,1,1,0,0,2,0,0,0,1,0,0,0,0,0,0,0,0,0,0,0,0,0,0,0,0,0,0,0,0,0,0,2,0,0,0,0,1,0,0,0,0,0,0,0,1,0,0,0,0,0,0,1,0,0,0,0,0,0,0,0,1,1,0,1,0,0,0,1,0,0,1,1,0,1,0,0,0,0,1,1,0,0,0,1,1,0,1,1,0,1,1,0,1,0
598,0,0,1,1,0,0,2,0,0,0,1,0,0,0,0,0,0,0,0,0,0,0,0,0,0,0,0,0,0,0,0,0,0,2,0,0,0,0,1,0,0,0,0,0,0,0,1,0,0,0,0,0,0,1,0,0,0,0,0,0,0,0,1,1,0,1,0,0,0,1,0,0,1,1,0,1,0,0,0,0,1,1,0,0,0,1,1,0,1,1,0,1,1,0,1,0
599,0,0,1,1,0,0,2,0,0,0,1,0,0,0,0,0,0,0,0,0,0,0,0,0,0,0,0,0,0,0,0,0,0,2,0,0,0,0,1,0,0,0,0,0,0,0,1,0,0,0,0,0,0,1,0,0,0,0,0,0,0,0,1,1,0,1,0,0,0,1,0,0,1,1,0,1,0,0,0,0,1,1,0,0,0,1,1,0,1,1,0,1,1,0,1,0
600,0,0,1,1,0,0,2,0,0,0,0,0,0,0,0,0,0,0,0,0,0,0,0,0,0,0,0,0,0,0,0,0,0,2,0,0,0,0,1,0,0,0,0,0,0,0,1,0,0,0,0,0,0,1,0,0,0,0,0,0,0,0,1,1,0,1,0,0,0,1,0,0,1,1,0,1,0,0,0,0,1,1,0,0,0,1,1,0,1,1,0,1,1,0,1,0
601,0,0,1,1,0,0,2,0,0,0,0,0,0,0,0,0,0,0,0,0,0,0,0,0,0,0,0,0,0,0,0,0,0,2,0,0,0,0,1,0,0,0,0,0,0,0,1,0,0,0,0,0,0,1,0,0,0,0,0,0,0,0,1,1,0,1,0,0,0,1,0,0,1,1,0,1,0,0,0,0,1,1,0,0,0,1,1,0,1,1,0,1,1,0,1,0
602,0,0,1,1,0,0,2,0,0,0,0,0,0,0,0,0,0,0,0,0,0,0,0,0,0,0,0,0,0,0,0,0,0,2,0,0,0,0,1,0,0,0,0,0,0,0,1,0,0,0,0,0,0,1,0,0,0,0,0,0,0,0,1,1,0,1,0,0,0,1,0,0,1,1,0,1,0,0,0,0,1,1,0,0,0,1,1,0,1,1,0,1,1,0,1,0
603,0,0,1,1,0,0,2,0,0,0,0,0,0,0,0,0,0,0,0,0,0,0,0,0,0,0,0,0,0,0,0,0,0,2,0,0,0,0,1,0,0,0,0,0,0,0,1,0,0,0,0,0,0,1,0,0,0,0,0,0,0,0,1,1,0,1,0,0,0,1,0,0,1,1,0,1,0,0,0,0,1,1,0,0,0,1,1,0,1,1,0,1,1,0,1,0
604,0,0,1,1,0,0,2,0,0,0,0,0,0,0,0,0,0,0,0,0,0,0,0,0,0,0,0,0,0,0,0,0,0,2,0,0,0,0,1,0,0,0,0,0,0,0,1,0,0,0,0,0,0,1,0,0,0,0,0,0,0,0,1,1,0,1,0,0,0,1,0,0,1,1,0,1,0,0,0,0,1,1,0,0,0,1,1,0,1,1,0,1,1,0,1,0
605,0,0,1,1,0,0,2,0,0,0,0,0,0,0,0,0,0,0,0,0,0,0,0,0,0,0,0,0,0,0,0,0,0,2,0,0,0,0,1,0,0,0,0,0,0,0,1,0,0,0,0,0,0,1,0,0,0,0,0,0,0,0,1,1,0,1,0,0,0,1,0,0,1,1,0,2,0,0,0,0,1,1,0,0,0,1,1,0,1,1,0,1,1,0,1,0
606,0,0,1,1,0,0,2,0,0,0,0,0,0,0,0,0,0,0,0,0,0,0,0,0,0,0,0,0,0,0,0,0,0,2,0,0,0,0,1,0,0,0,0,0,0,0,1,0,0,0,0,0,0,1,0,0,0,0,0,0,0,0,1,1,0,1,0,0,0,1,0,0,1,1,0,2,0,0,0,0,1,1,0,0,0,1,1,0,1,1,0,1,1,0,1,0
607,0,0,1,1,0,0,2,0,0,0,0,0,0,0,0,0,0,0,0,0,0,0,0,0,0,0,0,0,0,0,0,0,0,2,0,0,0,0,1,0,0,0,0,0,0,0,1,0,0,0,0,0,0,1,0,0,0,0,0,0,0,0,1,1,0,1,0,0,0,1,0,0,1,1,0,2,0,0,0,0,1,1,0,0,0,1,1,0,1,1,0,1,1,0,1,0
608,0,0,1,1,0,0,2,0,0,0,0,0,0,0,0,0,0,0,0,0,0,0,0,0,0,0,0,0,0,0,0,0,0,2,0,0,0,0,1,0,0,0,0,0,0,0,1,0,0,0,0,0,0,1,0,0,0,0,0,0,0,0,1,1,0,1,0,0,0,1,0,0,1,1,0,2,0,0,0,0,1,1,0,0,0,1,1,0,1,1,0,1,1,0,1,0
609,0,0,1,1,0,0,2,0,0,0,0,0,0,0,0,0,0,0,0,0,0,0,0,0,0,0,0,0,0,0,0,0,0,2,0,0,0,0,1,0,0,0,0,0,0,0,1,0,0,0,0,0,0,1,0,0,0,0,0,0,0,0,1,1,0,1,0,0,0,1,0,0,1,1,0,2,0,0,0,0,1,1,0,0,0,1,1,0,1,1,0,1,1,0,1,0
610,0,0,1,1,0,0,2,0,0,0,0,0,0,0,0,0,0,0,0,0,0,0,0,0,0,0,0,0,0,0,0,0,0,2,0,0,0,0,1,0,0,0,0,0,0,0,1,0,0,0,0,0,0,1,0,0,0,0,0,0,0,0,1,1,0,1,0,0,0,1,0,0,1,1,0,2,0,0,0,0,1,1,0,0,0,1,1,0,1,1,0,1,1,0,1,0
611,0,0,1,1,0,0,2,0,0,0,0,0,0,0,0,0,0,0,0,0,0,0,0,0,0,0,0,0,0,0,0,0,0,2,0,0,0,0,1,0,0,0,0,0,0,0,1,0,0,0,0,0,0,1,0,0,0,0,0,0,0,0,1,1,0,1,0,0,0,1,0,0,1,1,0,2,0,0,0,0,1,1,0,0,0,1,1,0,1,1,0,1,1,0,1,0
612,0,0,1,1,0,0,2,0,0,0,0,0,0,0,0,0,0,0,0,0,0,0,0,0,0,0,0,0,0,0,0,0,0,2,0,0,0,0,1,0,0,0,0,0,0,0,1,0,0,0,0,0,0,1,0,0,0,0,0,0,0,0,1,1,0,1,0,0,0,1,0,0,1,1,0,2,0,0,0,0,1,1,0,0,0,1,1,0,1,1,0,1,1,0,1,0
613,0,0,1,1,0,0,2,0,0,0,0,0,0,0,0,0,0,0,0,0,0,0,0,0,0,0,0,0,0,0,0,0,0,2,0,0,0,0,1,0,0,0,0,0,0,0,1,0,0,0,0,0,0,1,0,0,0,0,0,0,0,0,1,1,0,1,0,0,0,1,0,0,1,1,0,2,0,0,0,0,1,1,0,0,0,1,1,0,1,1,0,1,1,0,1,0
614,0,0,1,1,0,0,2,0,0,0,0,0,0,0,0,0,0,0,0,0,0,0,0,0,0,0,0,0,0,0,0,0,0,2,0,0,0,0,1,0,0,0,0,0,0,0,1,0,0,0,0,0,0,1,0,0,0,0,0,0,0,0,1,1,0,1,0,0,0,1,0,0,1,1,0,2,0,0,0,0,1,1,0,0,0,1,1,0,1,1,0,1,1,0,1,0
615,0,0,1,1,0,0,2,0,0,0,0,0,0,0,0,0,0,0,0,0,0,0,0,0,0,0,0,0,0,0,0,0,0,2,0,0,0,0,1,0,0,0,0,0,0,0,1,0,0,0,0,0,0,1,0,0,0,0,0,0,0,0,1,1,0,1,0,0,0,1,0,0,1,1,0,2,0,0,0,0,1,1,0,0,0,1,1,0,1,1,0,1,1,0,1,0
616,0,0,1,1,0,0,2,0,0,0,0,0,0,0,0,0,0,0,0,0,0,0,0,0,0,0,0,0,0,0,0,0,0,2,0,0,0,0,1,0,0,0,0,0,0,0,1,0,0,0,0,0,0,1,0,0,0,0,0,0,0,0,1,1,0,1,0,0,0,1,0,0,1,1,0,2,0,0,0,0,1,1,0,0,0,1,1,0,1,1,0,1,1,0,1,0
617,0,0,1,1,0,0,2,0,0,0,0,0,0,0,0,0,0,0,0,0,0,0,0,0,0,0,0,0,0,0,0,0,0,2,0,0,0,0,1,0,0,0,0,0,0,0,1,0,0,0,0,0,0,1,0,0,0,0,0,0,0,0,1,1,0,1,0,0,0,1,0,0,1,1,0,2,0,0,0,0,1,1,0,0,0,1,1,0,1,1,0,1,1,0,1,0
618,0,0,1,1,0,0,2,0,0,0,0,0,0,0,0,0,0,0,0,0,0,0,0,0,0,0,0,0,0,0,0,0,0,2,0,0,0,0,1,0,0,0,0,0,0,0,1,0,0,0,0,0,0,1,0,0,0,0,0,0,0,0,1,1,0,1,0,0,0,1,0,0,1,1,0,2,0,0,0,0,1,1,0,0,0,1,1,0,1,1,0,1,1,0,1,0
619,0,0,1,1,0,0,2,0,0,0,0,0,0,0,0,0,0,0,0,0,0,0,0,0,0,0,0,0,0,0,0,0,0,2,0,0,0,0,1,0,0,0,0,0,0,0,1,0,0,0,0,0,0,1,0,0,0,0,0,0,0,0,1,1,0,1,0,0,0,1,0,0,1,1,0,2,0,0,0,0,1,1,0,0,0,1,1,0,1,1,0,1,1,0,1,0
620,0,0,1,1,0,0,2,0,0,0,0,0,0,0,0,0,0,0,0,0,0,0,0,0,0,0,0,0,0,0,0,0,0,2,0,0,0,0,1,0,0,0,0,0,0,0,1,0,0,0,0,0,0,1,0,0,0,0,0,0,0,0,1,0,0,0,0,0,0,1,0,0,1,1,0,2,0,0,0,0,1,1,0,0,0,1,1,0,1,1,0,1,1,0,1,0
621,0,0,1,1,0,0,2,0,0,0,0,0,0,0,0,0,0,0,0,0,0,0,0,0,0,0,0,0,0,0,0,0,0,2,0,0,0,0,1,0,0,0,0,0,0,0,1,0,0,0,0,0,0,1,0,0,0,0,0,0,0,0,1,0,0,0,0,0,0,1,0,0,1,1,0,2,0,0,0,0,1,1,0,0,0,1,1,0,1,1,0,1,1,0,1,0
622,0,0,1,1,0,0,2,0,0,0,0,0,0,0,0,0,0,0,0,0,0,0,0,0,0,0,0,0,0,0,0,0,0,2,0,0,0,0,1,0,0,0,0,0,0,0,1,0,0,0,0,0,0,1,0,0,0,0,0,0,0,0,1,0,0,0,0,0,0,1,0,0,1,1,0,2,0,0,0,0,1,1,0,0,0,1,1,0,1,1,0,1,1,0,1,0
623,0,0,1,1,0,0,2,0,0,0,0,0,0,0,0,0,0,0,0,0,0,0,0,0,0,0,0,0,0,0,0,0,0,2,0,0,0,0,1,0,0,0,0,0,0,0,1,0,0,0,0,0,0,1,0,0,0,0,0,0,0,0,1,0,0,0,0,0,0,1,0,0,1,1,0,2,0,0,0,0,1,1,0,0,0,1,1,0,1,1,0,1,1,0,1,0
624,0,0,1,1,0,0,2,0,0,0,0,0,0,0,0,0,0,1,0,0,0,0,0,0,0,0,0,0,0,0,0,0,0,2,0,0,0,0,1,0,0,0,0,0,0,0,1,0,0,0,0,0,0,1,0,0,0,0,0,0,0,0,1,0,0,0,0,0,0,1,0,0,1,1,0,2,0,0,0,0,1,1,0,0,0,1,1,0,1,1,0,1,1,0,1,0
625,0,0,1,1,0,0,2,0,0,0,0,0,0,0,0,0,0,1,0,0,0,0,0,0,0,0,0,0,0,0,0,0,0,2,0,0,0,0,1,0,0,0,0,0,0,0,1,0,0,0,0,0,0,1,0,0,0,0,0,0,0,0,1,0,0,0,0,0,0,1,0,0,1,1,0,2,0,0,0,0,1,1,0,0,0,1,1,0,1,2,0,1,1,0,1,0
626,0,0,1,1,0,0,2,0,0,0,0,0,0,0,0,0,0,1,0,0,0,0,0,0,0,0,0,0,0,0,0,0,0,2,0,0,0,0,1,0,0,0,0,0,0,0,1,0,0,0,0,0,0,1,0,0,0,0,0,0,0,0,1,0,0,0,0,0,0,1,0,0,1,1,0,2,0,0,0,0,1,1,0,0,0,1,1,0,1,2,0,1,1,0,1,1
627,0,0,1,1,0,0,2,0,0,0,0,0,0,0,0,0,0,1,0,0,0,0,0,0,0,0,0,0,0,0,0,0,0,2,0,0,0,0,1,0,0,0,0,0,0,0,1,0,0,0,0,0,0,1,0,0,0,0,0,0,0,0,1,0,0,0,0,0,0,1,0,0,1,1,0,2,0,0,0,0,1,1,0,0,0,1,1,0,1,2,0,1,1,0,1,1
628,0,0,1,1,0,0,2,0,0,0,0,0,0,0,0,0,0,1,0,0,0,0,0,0,0,0,0,0,0,0,0,0,0,2,0,0,0,0,1,0,0,0,0,0,0,0,1,1,0,0,0,0,0,1,0,0,0,0,0,0,0,0,1,0,0,0,0,0,0,1,0,0,1,1,0,2,0,0,0,0,1,1,0,0,0,1,1,0,1,2,0,1,1,0,1,1
629,0,0,1,1,0,0,2,0,0,0,0,0,0,0,0,0,0,1,0,0,0,0,0,0,0,0,0,0,0,0,0,0,0,2,0,0,0,0,1,0,0,0,0,0,0,0,1,1,0,0,0,0,0,1,0,0,0,0,0,0,0,0,1,0,0,0,0,0,0,1,0,0,1,1,0,2,0,0,0,0,1,1,0,0,0,1,1,0,1,2,0,1,1,0,1,1
630,0,0,1,1,0,0,2,0,0,0,0,0,0,0,0,0,0,1,0,0,0,0,0,0,0,0,0,0,0,0,0,0,0,2,0,0,0,0,1,0,0,0,0,0,0,0,1,1,0,0,0,0,0,1,0,0,0,1,0,0,0,0,1,0,0,0,0,0,0,1,0,0,1,1,0,2,0,0,0,0,1,1,0,0,0,1,1,0,1,2,0,1,1,0,1,1
631,0,0,1,1,0,0,2,0,0,0,0,0,0,0,0,0,0,1,0,0,0,0,0,0,0,0,0,0,0,0,0,0,0,2,0,0,0,0,1,0,0,0,0,0,0,0,1,1,0,0,0,0,0,1,0,0,0,1,0,0,0,0,1,0,0,0,0,0,0,1,0,0,1,1,0,2,0,0,0,0,1,1,0,0,0,1,1,0,1,2,0,1,1,0,1,1
632,0,0,1,1,0,0,2,0,0,0,0,0,0,0,0,0,0,1,0,0,0,0,0,0,0,0,0,0,0,0,0,0,0,2,0,0,0,0,1,0,0,0,0,0,0,0,1,1,0,0,0,0,0,1,0,0,0,1,0,0,0,0,1,0,0,0,0,0,0,1,0,0,1,1,0,2,0,0,0,0,1,1,0,0,0,1,1,0,1,2,0,1,1,0,1,1
633,0,0,1,1,0,0,2,0,0,0,0,0,0,0,0,0,0,1,0,0,0,0,0,0,0,0,0,0,0,0,0,0,0,2,0,0,0,0,1,0,0,0,0,0,0,0,1,1,0,0,0,0,0,1,0,0,0,1,0,0,0,0,1,0,0,0,0,0,0,1,0,0,1,1,0,2,0,0,0,0,1,1,0,0,0,1,1,0,1,2,0,1,1,0,1,1
634,0,0,1,1,0,0,2,0,0,0,0,0,0,0,0,0,0,1,0,0,0,0,0,0,0,0,0,0,0,0,0,0,0,2,0,0,0,0,1,0,0,0,0,0,0,0,1,1,0,0,0,0,0,1,0,0,0,1,0,0,0,0,1,0,0,0,0,0,0,1,0,0,1,1,0,2,0,0,0,0,1,1,0,0,0,1,1,0,1,2,0,1,1,0,1,1
635,0,0,1,1,0,0,2,0,0,0,0,0,0,0,0,0,0,1,0,0,0,0,0,0,0,0,0,0,0,0,0,0,0,2,0,0,0,0,1,0,0,0,0,0,0,0,1,1,0,0,0,0,0,1,0,0,0,1,0,0,0,0,1,0,0,0,0,0,0,1,0,0,1,1,0,2,0,0,0,0,1,1,0,0,0,1,1,0,1,2,0,1,1,0,1,1
636,0,0,1,1,0,0,2,0,0,0,0,0,0,0,0,0,0,1,0,0,0,0,0,0,0,0,0,0,0,0,0,0,0,2,0,0,0,0,1,0,0,0,0,0,0,0,1,1,0,0,0,0,0,1,0,0,0,1,0,0,0,0,1,0,0,0,0,0,0,1,0,0,1,1,0,2,0,0,0,0,1,1,0,0,0,1,1,0,1,2,0,1,1,0,1,1
637,0,0,1,1,0,0,2,0,0,0,0,0,0,0,0,0,0,1,0,0,0,0,0,0,0,0,0,0,0,0,0,0,0,2,0,0,0,0,1,0,0,0,0,0,0,0,1,1,0,0,0,0,0,1,0,0,0,1,0,0,0,0,1,0,0,0,0,0,0,1,0,0,1,1,0,2,0,0,0,0,1,1,0,0,0,1,1,0,1,2,0,1,1,0,1,1
638,0,0,1,1,0,0,2,0,0,0,0,0,0,0,0,0,0,1,0,0,0,0,0,0,0,0,0,0,0,0,0,0,0,2,0,0,0,0,1,0,0,0,0,0,0,0,1,1,0,0,0,0,0,1,0,0,0,1,0,0,0,0,1,0,0,0,0,0,0,1,0,0,1,1,0,2,0,0,0,0,1,1,0,0,0,1,1,0,1,2,0,1,1,0,1,1
639,0,0,1,1,0,0,2,0,0,0,0,0,0,0,0,0,0,1,0,0,0,0,0,0,0,0,0,0,0,0,0,0,0,2,0,0,0,0,1,0,0,0,0,0,0,0,1,1,0,0,0,0,0,1,0,0,0,1,0,0,0,0,1,0,0,0,0,0,0,1,0,0,1,1,0,2,0,0,0,0,1,1,0,0,0,1,1,0,1,2,0,1,1,0,1,1
640,0,0,1,1,0,0,2,0,0,0,0,0,0,0,0,0,0,1,0,0,0,0,0,0,0,0,0,0,0,0,0,0,0,2,0,0,0,0,1,0,0,0,0,0,0,0,1,1,0,0,0,0,0,1,0,0,0,1,0,0,0,0,1,0,0,0,0,0,0,1,0,0,1,1,0,2,0,0,0,0,1,1,0,0,0,1,1,0,1,2,0,1,1,0,1,1
641,0,0,1,1,0,0,2,0,0,0,0,0,0,0,0,0,0,1,0,0,0,0,0,0,0,0,0,0,0,0,0,0,0,2,0,0,0,0,1,0,0,0,0,0,0,0,1,1,0,0,0,0,0,1,0,0,0,1,0,0,0,0,1,0,0,0,0,0,0,1,0,0,1,1,0,2,0,0,0,0,1,1,0,0,0,1,1,0,1,2,0,1,1,0,1,1
642,0,0,1,1,0,0,2,0,0,0,0,0,0,0,0,0,0,1,0,0,0,0,0,0,0,0,0,0,0,0,0,0,0,2,0,0,0,0,1,0,0,0,0,0,0,0,1,1,0,0,0,0,0,1,0,0,0,1,0,0,0,0,1,0,0,0,0,0,0,1,0,0,1,1,0,2,0,0,0,0,1,1,0,0,0,1,1,0,1,2,0,1,1,0,1,1
643,0,0,1,1,0,0,2,0,0,0,0,0,0,0,0,0,0,1,0,0,0,0,0,0,0,0,0,0,0,0,0,0,0,2,0,0,0,0,1,0,0,0,0,0,0,0,1,1,0,0,0,0,0,1,0,0,0,1,0,0,0,0,1,0,0,0,0,0,0,1,0,0,1,1,0,2,0,0,0,0,1,1,0,0,0,1,1,0,1,2,0,1,1,0,1,1
644,0,0,1,1,0,0,2,0,0,0,0,0,0,0,0,0,0,1,0,0,0,0,0,0,0,0,0,0,0,0,0,0,0,2,0,0,0,0,1,0,0,0,0,0,0,0,1,1,0,0,0,0,0,1,0,0,0,1,0,0,0,0,1,0,0,0,0,0,0,1,0,0,1,1,0,2,0,0,0,0,0,1,0,0,0,1,1,0,1,2,0,1,1,0,1,1
645,0,0,1,1,0,0,2,0,0,0,0,0,0,0,0,0,0,1,0,0,0,0,0,0,0,0,0,0,0,0,0,0,0,2,0,0,0,0,1,0,0,0,0,0,0,0,1,1,0,0,0,0,0,1,0,0,0,1,0,0,0,0,1,0,0,0,0,0,0,1,0,0,1,1,0,2,0,0,0,0,0,1,0,0,0,1,1,0,1,2,0,1,1,0,1,1
646,0,0,1,1,0,0,2,0,0,0,0,0,0,0,0,0,0,1,0,0,0,0,0,0,0,0,0,0,0,0,0,0,0,2,0,0,0,0,1,0,0,0,0,0,0,0,1,1,0,0,0,0,0,1,0,0,0,1,0,0,0,0,1,0,0,0,0,0,0,1,0,0,1,1,0,2,0,0,0,0,0,1,0,0,0,1,1,0,1,2,0,1,1,0,1,1
647,0,0,1,1,0,0,2,0,0,0,0,0,0,0,0,0,0,1,0,0,0,0,0,0,0,0,0,0,0,0,0,0,0,2,0,0,0,0,1,0,0,0,0,0,0,0,1,1,0,0,0,0,0,1,0,0,0,1,0,0,0,0,1,0,0,0,0,0,0,1,0,0,1,1,0,2,0,0,0,0,0,1,0,0,0,1,1,0,1,2,0,1,1,0,1,1
648,0,0,1,1,0,0,2,0,0,0,0,0,0,0,0,0,0,1,0,0,0,0,0,0,0,0,0,0,0,0,0,0,0,2,0,0,0,0,1,0,0,0,0,0,0,0,1,1,0,0,0,0,0,1,0,0,0,1,0,0,0,0,1,0,0,0,0,0,0,1,0,0,1,1,0,2,0,0,0,0,0,1,0,0,0,1,1,0,1,2,0,1,1,0,1,2
649,0,0,1,1,0,0,2,0,0,0,0,0,0,0,0,0,0,1,0,0,0,0,0,0,0,0,0,0,0,0,0,0,0,2,0,0,0,0,1,0,0,0,0,0,0,0,1,1,0,0,0,0,0,1,0,0,0,1,0,0,0,0,1,0,0,0,0,0,0,1,0,0,1,1,0,2,0,0,0,0,0,1,0,0,0,1,1,0,1,2,0,1,1,0,1,2
650,0,0,1,1,0,0,2,0,0,0,0,0,0,0,0,0,0,1,0,0,0,0,0,0,0,0,0,0,0,0,0,0,0,2,0,0,0,0,1,0,0,0,0,0,0,0,1,1,0,0,0,0,0,1,0,0,0,1,0,0,0,0,1,0,0,0,0,0,0,1,0,0,1,1,0,2,0,0,0,0,0,1,0,0,0,1,1,0,1,2,0,1,1,0,1,2
651,0,0,1,1,0,0,2,0,0,0,0,0,0,0,0,0,0,1,0,0,0,0,0,0,0,0,0,0,0,0,0,0,0,2,0,0,0,0,1,0,0,0,0,0,0,0,1,1,0,0,0,0,0,1,0,0,0,1,0,0,0,0,1,0,0,0,0,0,0,1,0,0,1,1,0,2,0,0,0,0,0,1,0,0,0,1,1,0,1,2,0,1,1,0,1,2
652,0,0,1,1,0,0,2,0,0,0,0,0,0,0,0,0,0,1,0,0,0,0,0,0,0,0,0,0,0,0,0,0,0,2,0,0,0,0,1,0,0,0,0,0,0,0,1,1,0,0,0,0,0,1,0,0,0,1,0,0,0,0,1,0,0,0,0,0,0,1,0,0,1,1,0,2,0,0,0,0,0,1,0,0,0,1,1,0,1,2,0,1,1,0,1,2
653,0,0,1,1,0,0,2,0,0,0,0,0,0,0,0,0,0,1,0,0,0,0,0,0,0,0,0,0,0,0,0,0,0,2,0,0,0,0,1,0,0,0,0,0,0,0,1,2,0,0,0,0,0,1,0,0,0,1,0,0,0,0,1,0,0,0,0,0,0,1,0,0,1,1,0,2,0,0,0,0,0,1,0,0,0,1,1,0,1,2,0,1,1,0,1,2
654,0,0,1,1,0,0,2,0,0,0,0,0,0,0,0,0,0,1,0,0,0,0,0,0,0,0,0,0,0,0,0,0,0,2,0,0,0,0,1,0,0,0,0,0,0,0,1,2,0,0,0,0,0,1,0,0,0,1,0,0,0,0,1,0,0,0,0,0,0,1,0,0,1,1,0,2,0,0,0,0,0,1,0,0,0,1,1,0,1,2,0,1,1,0,1,2
655,0,0,1,1,0,0,2,0,0,0,0,0,0,0,0,0,0,1,0,0,0,0,0,0,0,0,0,0,0,0,0,0,0,2,0,0,0,0,1,0,0,0,0,0,0,0,1,2,0,0,0,0,0,1,0,0,0,1,0,0,0,0,1,0,0,0,0,0,0,1,0,0,1,1,0,2,0,0,0,0,0,1,0,0,0,1,1,0,1,2,0,1,1,0,1,2
656,0,0,1,1,0,0,2,0,0,0,0,0,0,0,0,0,0,1,0,0,0,0,0,0,0,0,0,0,0,0,0,0,0,2,0,0,0,0,1,0,0,0,0,0,0,0,1,2,0,0,0,0,0,1,0,0,0,1,0,0,0,0,1,0,0,0,0,0,0,1,0,0,1,1,0,2,0,0,0,0,0,1,0,0,0,1,1,0,1,2,0,1,1,0,1,2
657,0,0,1,1,0,0,2,0,0,0,0,0,0,0,0,0,0,1,0,0,0,0,0,0,0,0,0,0,0,0,0,0,0,2,0,0,0,0,1,0,0,0,0,0,0,0,1,2,0,0,0,0,0,1,0,0,0,1,0,0,0,0,1,0,0,0,0,0,0,1,0,0,1,1,0,2,0,0,0,0,0,1,0,0,0,1,1,0,1,2,0,1,1,0,1,2
658,0,0,1,1,0,0,2,0,0,0,0,0,0,0,0,0,0,1,0,0,0,0,0,0,0,0,0,0,0,0,0,0,0,2,0,0,0,0,1,0,0,0,0,0,0,0,1,2,0,0,0,0,0,1,0,0,0,1,0,0,0,0,1,0,0,0,0,0,0,1,0,0,1,1,0,2,0,0,0,0,0,1,0,0,0,1,1,0,1,2,0,1,1,0,1,2
659,1,0,1,1,0,0,2,0,0,0,0,0,0,0,0,0,0,1,0,0,0,0,0,0,0,0,0,0,0,0,0,0,0,2,0,0,0,0,1,0,0,0,0,0,0,0,1,2,0,0,0,0,0,1,0,0,0,1,0,0,0,0,1,0,0,0,0,0,0,1,0,0,1,1,0,2,0,0,0,0,0,1,0,0,0,1,1,0,1,2,0,1,1,0,1,2
660,1,0,1,1,0,0,2,0,0,0,0,0,0,0,0,0,0,1,0,0,0,0,0,0,0,0,0,0,0,0,0,0,0,2,0,0,0,0,1,0,0,0,0,0,0,0,1,2,0,0,0,0,0,1,0,0,0,1,0,0,0,0,1,0,0,0,0,0,0,1,0,0,1,1,0,2,0,0,0,0,0,1,0,0,0,1,1,0,1,2,0,1,1,0,1,2
661,1,0,1,1,0,0,2,0,1,0,0,0,0,0,0,0,0,1,0,0,0,0,0,0,0,0,0,0,0,0,0,0,0,2,0,0,0,0,1,0,0,0,0,0,0,0,1,2,0,0,0,0,0,1,0,0,0,1,0,0,0,0,1,0,0,0,0,0,0,1,0,0,1,1,0,2,0,0,0,0,0,1,0,0,0,1,1,0,1,2,0,1,1,0,1,2
662,1,0,1,1,0,0,2,0,1,0,0,0,0,0,0,0,0,1,0,0,0,0,0,0,0,0,0,0,0,0,0,0,0,2,0,0,0,0,1,0,0,0,0,0,0,0,1,2,0,0,0,0,0,1,0,0,0,1,0,0,0,0,1,0,0,0,0,0,0,1,0,0,1,1,0,2,0,0,0,0,0,1,0,0,0,1,1,0,1,2,0,1,1,0,1,2
663,1,0,1,1,0,0,2,0,1,0,0,0,0,0,0,0,0,1,0,0,0,0,0,0,0,0,0,0,0,0,0,0,0,2,0,0,0,0,1,0,0,0,0,0,0,0,1,2,0,0,0,0,0,1,0,0,0,1,0,0,0,0,1,0,0,0,0,0,0,1,0,0,1,1,0,2,0,0,0,0,0,1,0,0,0,1,1,0,1,2,0,1,1,0,1,2
664,1,0,1,1,0,0,2,0,1,0,0,0,0,0,0,0,0,1,0,0,0,0,0,0,0,0,0,0,0,0,0,0,0,2,0,0,0,0,1,0,0,0,0,0,0,0,1,2,0,0,0,0,0,1,0,0,0,1,0,0,0,0,1,0,0,0,0,0,0,1,0,0,1,1,0,2,0,0,0,0,0,1,0,0,0,1,1,0,1,2,0,1,1,0,1,2
665,1,0,1,1,0,0,2,0,1,0,0,0,0,0,0,0,0,1,0,0,0,0,0,0,0,0,0,0,0,0,0,0,0,2,0,0,0,0,1,0,0,0,0,0,0,0,1,2,0,0,0,0,0,1,0,0,0,1,0,0,0,0,1,0,0,0,0,0,0,1,0,0,1,1,0,2,0,0,0,0,0,1,0,0,0,1,1,0,1,2,0,1,1,0,1,2
666,1,0,1,1,0,0,2,0,1,0,0,0,0,0,0,0,0,1,0,0,0,0,0,0,0,0,0,0,0,0,0,0,0,2,0,0,0,0,1,0,0,0,0,0,0,0,1,2,0,0,0,0,0,1,0,0,0,1,0,0,0,0,1,0,0,0,0,0,0,1,0,0,1,1,0,2,0,0,0,0,0,1,0,0,0,1,1,0,1,2,0,1,1,0,1,2
667,1,0,1,1,0,0,2,0,1,0,0,0,0,0,0,0,0,1,0,0,0,0,0,0,0,0,0,0,0,0,0,0,0,2,0,0,0,0,1,0,0,0,0,0,0,0,1,2,0,0,0,0,0,1,0,0,0,1,0,0,0,0,1,0,0,0,0,0,0,1,0,0,1,1,0,2,0,0,0,0,0,1,0,0,0,1,1,0,1,2,0,1,1,0,1,2
668,1,0,1,1,0,0,2,0,1,0,0,0,0,0,0,0,0,1,0,0,0,0,0,0,0,0,0,0,0,0,0,0,0,2,0,0,0,0,1,0,0,0,0,0,0,0,1,2,0,0,0,0,0,1,0,0,0,1,0,0,0,0,1,0,0,0,0,0,0,1,0,0,1,1,0,2,0,0,0,0,0,1,0,0,0,1,1,0,1,2,0,1,1,0,1,2
669,1,0,1,1,0,0,2,0,1,0,0,0,0,0,0,0,0,1,0,0,0,0,0,0,0,0,0,0,0,0,0,0,0,2,0,0,0,0,1,0,0,0,0,0,0,0,1,2,0,0,0,0,0,1,0,0,0,1,0,0,0,0,1,0,0,0,0,0,0,1,0,0,1,1,0,2,0,0,0,0,0,1,0,0,0,1,1,0,1,2,0,1,1,0,1,2
670,1,0,1,1,0,0,2,0,1,0,0,0,0,0,0,0,0,1,0,0,0,0,0,0,0,0,0,0,0,0,0,0,0,2,0,0,0,0,1,0,0,0,0,0,0,0,1,2,0,0,0,0,0,1,0,0,0,1,0,0,0,0,1,0,0,0,0,0,0,1,0,0,1,1,0,2,0,0,0,0,0,1,0,0,0,1,1,0,1,2,0,1,1,0,1,2
671,1,0,1,1,0,0,2,0,1,0,0,0,0,0,0,0,0,1,0,0,0,0,0,0,0,0,0,0,0,0,0,0,0,2,0,0,0,0,1,0,0,0,0,0,0,0,1,2,0,0,0,0,0,1,0,0,0,1,0,0,0,0,1,0,0,0,0,0,0,1,0,0,1,1,0,2,0,0,0,0,0,1,0,0,0,1,1,0,1,2,0,1,1,0,1,2
672,1,0,1,1,0,0,2,0,1,0,0,0,0,0,0,0,0,1,0,0,0,0,0,0,0,0,0,0,0,0,0,0,0,2,0,0,0,0,1,0,0,0,0,0,0,0,1,2,0,0,0,0,0,2,0,0,0,1,0,0,0,0,1,0,0,0,0,0,0,1,0,0,1,1,0,2,0,0,0,0,0,1,0,0,0,1,1,0,1,2,0,1,1,0,1,2
673,1,0,1,1,0,0,2,0,1,0,0,0,0,0,0,0,0,1,0,0,0,0,0,0,0,0,0,0,0,0,0,0,0,2,0,0,0,0,1,0,0,0,0,0,0,0,1,2,0,0,0,0,0,2,0,0,0,1,0,0,0,0,1,0,0,0,0,0,0,1,0,0,1,1,0,2,0,0,0,0,0,1,0,0,0,1,1,0,1,2,0,1,1,0,1,2
674,1,0,1,1,0,0,2,0,1,0,0,0,0,0,0,0,0,1,0,0,0,0,0,0,0,0,0,0,0,0,0,0,0,2,0,0,0,0,1,0,0,0,0,0,0,0,1,2,0,0,0,0,0,2,0,0,0,1,0,0,0,0,1,0,0,0,0,0,0,1,0,0,1,1,0,2,0,0,0,0,0,1,0,0,0,1,1,0,1,3,0,1,1,0,1,2
675,1,0,1,1,0,0,2,0,1,0,0,0,0,0,0,0,0,1,0,0,0,0,0,0,0,0,0,0,0,0,0,0,0,2,0,0,0,0,1,0,0,0,0,0,0,0,1,2,0,0,0,0,0,2,0,0,0,1,0,0,0,0,1,0,0,0,0,0,0,1,0,0,1,1,0,2,0,0,0,0,0,1,0,0,0,1,1,0,1,3,0,1,1,0,1,2
676,1,0,1,1,0,0,2,0,1,0,0,0,0,0,0,0,0,1,0,0,0,0,0,0,0,0,0,0,0,0,0,0,0,2,0,0,0,0,1,0,0,0,0,0,0,0,1,2,0,0,0,0,0,2,0,0,0,1,0,0,0,0,1,0,0,0,0,0,0,1,0,0,1,1,0,2,0,0,0,0,0,1,0,0,0,1,1,0,1,3,0,1,1,0,1,2
677,1,0,1,1,0,0,2,0,1,0,0,0,0,0,0,0,0,1,0,0,0,0,0,0,0,0,0,0,0,0,0,0,0,2,0,0,0,0,1,0,0,0,0,0,0,0,1,2,0,0,0,0,0,2,0,0,0,1,0,0,0,0,1,0,0,0,0,0,0,1,0,0,1,1,0,2,0,0,1,0,0,1,0,0,0,1,1,0,1,3,0,1,1,0,1,2
678,1,0,1,1,0,0,2,0,1,0,0,0,0,0,0,0,0,2,0,0,0,0,0,0,0,0,0,0,0,0,0,0,0,2,0,0,0,0,1,0,0,0,0,0,0,0,1,2,0,0,0,0,0,2,0,0,0,1,0,0,0,0,1,0,0,0,0,0,0,1,0,0,1,1,0,2,0,0,1,0,0,1,0,0,0,1,1,0,1,3,0,1,1,0,1,2
679,1,0,1,1,0,0,2,0,1,0,0,0,0,0,0,0,0,2,0,0,0,0,0,0,0,0,0,0,0,0,0,0,0,2,0,0,0,0,1,0,0,0,0,0,0,0,1,2,0,0,0,0,0,2,0,0,0,1,0,0,0,0,1,0,0,0,0,0,0,1,0,0,1,1,0,2,0,0,1,0,0,1,0,0,0,1,1,0,1,3,0,1,1,0,1,2
680,1,0,1,1,0,0,2,0,1,0,0,0,0,0,0,0,0,2,0,0,0,0,0,0,0,0,0,0,0,0,0,0,0,2,0,0,0,0,1,0,0,0,0,0,0,0,1,2,0,0,0,0,0,2,0,0,0,1,0,0,0,0,1,0,0,0,0,0,0,1,0,0,1,1,0,2,0,0,1,0,0,1,0,0,0,1,1,0,1,3,0,1,1,0,1,2
681,1,0,1,1,0,0,2,0,1,0,0,0,0,0,0,0,0,2,0,0,0,0,0,0,0,0,0,0,0,0,0,0,0,2,0,0,0,0,1,0,0,0,0,0,0,0,1,2,0,0,0,0,0,2,0,0,0,1,0,0,0,0,1,0,0,0,0,0,0,1,0,0,1,1,0,2,0,0,1,0,0,1,0,0,0,1,1,0,1,3,0,1,1,0,1,2
682,1,0,1,1,0,0,2,0,1,0,0,0,0,0,0,0,0,2,0,0,0,0,0,0,0,0,0,0,0,0,0,0,0,2,0,0,0,0,1,0,0,0,0,0,0,0,1,2,0,0,0,0,0,2,0,0,0,1,0,0,0,0,1,0,0,0,0,0,0,1,0,0,1,1,0,2,0,0,1,0,0,1,0,0,0,1,1,0,1,3,0,1,1,0,1,2
683,1,0,1,1,0,0,2,0,1,0,0,0,0,0,0,0,0,2,0,0,0,0,0,0,0,0,0,0,0,0,0,0,0,2,0,0,0,0,1,0,0,0,0,0,0,0,1,2,0,0,0,0,0,2,0,0,0,1,0,0,0,0,1,0,0,0,0,0,0,1,0,0,1,1,0,2,0,0,1,0,0,1,0,0,0,1,1,0,1,3,0,1,1,0,1,2
684,1,0,1,1,0,0,2,0,1,0,0,0,0,0,0,0,0,2,0,0,0,0,0,0,0,0,0,0,0,0,0,0,0,2,0,0,0,0,1,0,0,0,0,0,0,0,1,2,0,0,0,0,0,2,0,0,0,1,0,0,0,0,1,0,0,0,0,0,0,1,0,0,1,1,0,2,0,0,1,0,0,1,0,0,0,1,1,0,1,3,0,1,1,0,1,3
685,1,0,1,1,0,0,2,0,1,0,0,0,0,0,0,0,0,2,0,0,0,0,0,0,0,0,0,0,0,0,0,0,0,2,0,0,0,0,1,0,0,0,0,0,0,0,1,2,0,0,0,0,0,2,0,0,0,1,0,0,0,0,1,0,0,0,0,0,0,1,0,0,1,1,0,2,0,0,1,0,0,1,0,0,0,1,1,0,1,3,0,1,1,0,1,3
686,1,0,1,1,0,0,2,0,1,0,0,0,0,0,0,0,0,2,0,0,0,0,0,0,0,0,0,0,0,0,0,0,0,2,0,0,0,0,1,0,0,0,0,0,0,0,1,2,0,0,0,0,0,2,0,0,0,1,0,0,0,0,1,0,0,0,0,0,0,1,0,0,1,1,0,2,0,0,1,0,0,1,0,0,0,1,1,0,2,3,0,1,0,0,1,3
687,1,0,1,1,0,0,2,0,1,0,0,0,0,0,0,0,0,2,0,0,0,0,0,0,0,0,0,0,0,0,0,0,0,2,0,0,0,0,1,0,0,0,0,0,0,0,1,2,0,0,0,0,0,2,0,0,0,1,0,0,0,0,1,0,0,0,0,0,0,1,0,0,1,1,0,2,0,0,1,0,0,1,0,0,0,1,1,0,2,3,0,1,0,0,1,3
688,1,0,1,1,0,0,2,0,1,0,0,0,0,0,0,0,0,2,0,0,0,0,0,0,0,0,0,0,0,0,0,0,0,2,0,0,0,0,1,0,0,0,0,0,0,0,1,2,0,0,0,0,0,2,0,0,0,1,0,0,0,0,1,0,0,0,0,0,0,1,0,0,1,1,0,2,0,0,1,0,0,1,0,0,0,1,1,0,2,3,0,1,0,0,1,3
689,1,0,1,1,0,0,2,0,1,0,0,0,0,0,0,0,0,2,0,0,0,0,0,0,0,0,0,0,0,0,0,0,0,2,0,0,0,0,1,0,0,0,0,0,0,0,1,2,0,0,0,0,0,2,0,0,0,1,0,0,0,0,1,0,0,0,0,0,0,1,0,0,1,1,0,2,0,0,1,0,0,1,0,0,0,1,1,0,2,3,0,1,0,0,1,3
690,1,0,1,1,0,0,2,0,1,0,0,0,0,0,0,0,0,2,0,0,0,0,0,0,0,0,0,0,0,0,0,0,0,2,0,0,0,0,1,0,0,0,0,0,0,0,1,2,0,0,0,0,0,2,0,0,0,1,0,0,0,0,1,0,0,0,0,0,0,1,0,0,1,1,0,2,0,0,1,0,0,1,0,0,0,1,1,0,2,3,0,1,0,0,1,3
691,1,0,1,1,0,0,2,0,1,0,0,0,0,0,0,0,0,2,0,0,0,0,0,0,0,0,0,0,0,0,0,0,0,2,0,0,0,0,1,0,0,0,0,0,0,0,1,2,0,0,0,0,0,2,0,0,0,1,0,0,0,0,1,0,0,0,0,0,0,1,0,0,1,1,0,2,0,0,1,0,0,1,0,0,0,1,1,0,2,3,0,1,0,0,1,3
692,1,0,1,1,0,0,2,0,1,0,0,0,0,0,0,0,0,2,0,0,0,0,0,0,0,0,0,0,0,0,0,0,0,2,0,0,0,0,1,0,0,0,0,0,0,0,1,2,0,0,0,0,0,2,0,0,0,1,0,0,0,0,1,0,0,0,0,0,0,1,0,0,1,1,0,2,0,0,1,0,0,1,0,0,0,1,1,0,2,3,0,1,0,0,1,3
693,1,0,1,1,0,0,2,0,1,0,0,0,0,0,0,0,0,2,0,0,0,0,0,0,0,0,0,0,0,0,0,0,0,2,0,0,0,0,1,0,0,0,0,0,0,0,1,2,0,0,0,0,0,2,0,0,0,1,0,0,0,0,1,0,0,0,0,0,0,1,0,0,1,1,0,2,0,0,1,0,0,1,0,0,0,1,1,0,2,3,0,1,0,0,1,3
694,1,0,1,1,0,0,2,0,1,0,0,0,0,0,0,0,0,2,0,0,0,0,0,0,0,0,0,0,0,0,0,0,0,2,0,0,0,0,1,0,0,0,0,0,0,0,1,2,0,0,0,0,0,2,0,0,0,1,0,0,0,0,1,0,0,0,0,0,0,1,0,0,1,1,0,2,0,0,1,0,0,1,0,0,0,1,1,0,2,3,0,1,0,0,1,3
695,1,0,1,1,0,0,2,0,1,0,0,0,0,0,0,0,0,2,0,0,0,0,0,0,0,0,0,0,0,0,0,0,0,2,0,0,0,0,1,0,0,0,0,0,0,0,1,2,0,0,0,0,0,2,0,0,0,1,0,0,0,0,1,0,0,0,0,0,0,1,0,0,1,1,0,2,0,0,1,0,0,1,0,0,0,1,1,0,2,3,0,1,0,0,1,3
696,1,0,1,1,0,0,2,0,1,0,0,0,0,0,0,0,0,2,0,0,0,0,0,0,0,0,0,0,0,0,0,0,0,2,0,0,0,0,1,0,0,0,0,0,0,0,1,2,0,0,0,0,0,2,0,0,0,1,0,0,0,0,1,0,0,0,0,0,0,1,0,0,1,1,0,2,0,0,1,0,0,1,0,0,0,1,1,0,2,3,0,1,0,0,1,3
697,1,0,1,1,0,0,2,0,1,0,0,0,0,0,0,0,0,2,0,0,0,0,0,0,0,0,0,0,0,0,0,0,0,2,0,0,0,0,1,0,0,0,0,0,0,0,1,2,0,0,0,0,0,2,0,0,0,1,0,0,0,0,1,0,0,0,0,0,0,1,0,0,1,1,0,2,0,0,1,0,0,1,0,0,0,1,1,0,2,3,0,1,0,0,1,3
698,1,0,1,1,0,0,2,0,1,0,0,0,0,0,0,0,0,2,0,0,0,0,0,0,0,0,0,0,0,0,0,0,0,2,0,0,0,0,1,0,0,0,0,0,0,0,1,2,0,0,0,0,0,2,0,0,0,1,0,0,0,0,1,0,0,0,0,0,0,1,0,0,1,1,0,2,0,0,1,0,0,1,0,0,0,1,1,0,2,3,0,1,0,0,1,3
699,1,0,1,1,0,0,2,0,1,0,0,0,0,0,0,0,0,2,0,0,0,0,0,0,0,0,0,0,0,0,0,0,0,2,0,0,0,0,1,0,0,0,0,0,0,0,1,2,0,0,0,0,0,2,0,0,0,1,0,0,0,0,1,0,0,0,0,0,0,1,0,0,1,1,0,2,0,0,1,0,0,1,0,0,0,1,1,0,2,3,0,1,0,0,1,3
700,1,0,1,1,0,0,2,0,1,0,0,0,0,0,0,0,0,2,0,0,0,0,0,0,0,0,0,0,0,0,0,0,0,2,0,0,0,0,1,0,0,0,0,0,0,0,1,2,0,0,0,0,0,2,0,0,0,1,0,0,0,0,1,0,0,0,0,0,0,1,0,0,1,1,0,2,0,0,1,0,0,1,0,0,0,1,1,0,2,3,0,1,0,0,1,3
701,1,0,1,1,0,0,2,0,1,0,0,0,0,0,0,0,0,2,0,0,0,0,0,0,0,0,0,0,0,0,0,0,0,2,0,0,0,0,1,0,0,0,0,0,0,0,1,2,0,0,0,0,0,2,0,0,0,1,0,0,0,0,1,0,0,0,0,0,0,1,0,0,1,1,0,2,0,0,1,0,0,1,0,0,0,1,1,0,2,3,0,1,0,0,1,3
702,1,0,1,1,0,0,2,0,1,0,0,0,1,0,0,0,0,2,0,0,0,0,0,0,0,0,0,0,0,0,0,0,0,2,0,0,0,0,1,0,0,0,0,0,0,0,1,2,0,0,0,0,0,2,0,0,0,1,0,0,0,0,1,0,0,0,0,0,0,1,0,0,1,1,0,2,0,0,1,0,0,1,0,0,0,1,1,0,2,3,0,1,0,0,1,3
703,1,0,1,1,0,0,2,0,1,0,0,0,1,0,0,0,0,2,0,0,0,0,0,0,0,0,0,0,0,0,0,0,0,2,0,0,0,0,1,0,0,0,0,0,0,0,1,2,0,0,0,0,0,2,0,0,0,1,0,0,0,0,1,0,0,0,0,0,0,1,0,0,1,1,0,2,0,0,1,0,1,1,0,0,0,1,1,0,2,3,0,1,0,0,1,3
704,1,0,1,1,0,0,2,0,1,0,0,0,1,0,0,0,0,2,0,0,0,0,0,0,0,0,0,0,0,0,0,0,0,2,0,0,0,0,1,0,0,0,0,0,0,0,1,2,0,0,0,0,0,2,0,0,0,1,0,0,0,0,1,0,0,0,0,0,0,1,0,0,1,1,0,2,0,0,1,0,1,1,0,0,0,1,1,0,2,3,0,1,0,0,1,3
705,1,0,1,1,0,0,2,0,1,0,0,0,1,0,0,0,0,2,0,0,0,0,0,0,0,0,0,0,0,0,0,0,0,2,0,0,0,0,1,0,0,0,0,0,0,0,1,2,0,0,0,0,0,2,0,0,0,1,0,0,0,0,1,0,0,0,0,0,0,1,0,0,1,0,0,2,0,0,1,0,1,1,0,0,0,1,1,0,2,3,0,1,0,0,1,3
706,1,0,1,1,0,0,2,0,1,0,0,0,1,0,0,0,0,2,0,0,0,0,0,0,0,0,0,0,0,0,0,0,0,2,0,0,0,0,1,0,0,0,0,0,0,0,1,2,0,0,0,0,0,2,0,0,0,1,0,0,0,0,1,0,0,0,0,0,0,1,0,0,1,0,0,2,0,0,1,0,1,1,0,0,0,1,1,0,2,3,0,1,0,0,1,3
707,1,0,1,1,0,0,2,0,1,0,0,0,1,0,0,0,0,2,0,0,0,0,0,0,0,0,0,0,0,0,0,0,0,2,0,0,0,0,1,0,0,1,0,0,0,0,1,2,0,0,0,0,0,2,0,0,0,1,0,0,0,0,1,0,0,0,0,0,0,1,0,0,1,0,0,2,0,0,1,0,1,1,0,0,0,1,1,0,2,3,0,1,0,0,1,3
708,1,0,1,1,0,0,2,0,1,0,0,0,1,0,0,0,0,2,0,0,0,0,0,0,0,0,0,0,0,0,0,0,0,2,0,0,0,0,1,0,0,1,0,0,0,0,1,2,0,0,0,0,0,2,0,0,0,1,0,0,0,0,1,0,0,0,0,0,0,1,0,0,1,0,0,2,0,0,1,0,1,1,0,0,0,1,1,0,2,3,0,1,0,0,1,3
709,1,0,1,1,0,0,2,0,1,0,0,0,1,0,0,0,0,2,0,0,0,0,0,0,0,0,0,0,0,0,0,0,0,2,0,0,0,0,1,0,0,1,0,0,0,0,1,2,0,0,0,0,0,2,0,0,0,1,0,0,0,0,1,0,0,0,0,0,0,1,0,0,1,0,0,2,0,0,1,0,1,1,0,0,0,1,1,0,2,3,0,1,0,0,1,3
710,1,0,1,1,0,0,2,0,1,0,0,0,1,0,0,0,0,2,0,0,0,0,0,0,0,0,0,0,0,0,0,0,0,2,0,0,0,0,1,0,0,1,0,0,0,1,1,2,0,0,0,0,0,2,0,0,0,1,0,0,0,0,1,0,0,0,0,0,0,1,0,0,1,0,0,2,0,0,1,0,1,1,0,0,0,1,1,0,2,3,0,1,0,0,1,3
711,1,0,1,1,0,0,2,0,1,0,0,0,1,0,0,0,0,2,0,0,0,0,0,0,0,0,0,0,0,0,0,0,0,2,0,0,0,0,1,0,0,1,0,0,0,1,1,2,0,0,0,0,0,2,0,0,0,1,0,0,0,0,1,0,0,0,0,0,0,1,0,0,1,0,0,2,0,0,1,0,1,1,0,0,0,1,1,0,2,3,0,1,0,0,1,3
712,1,0,1,1,0,0,2,0,1,0,0,0,1,0,0,0,0,2,0,0,0,0,0,0,0,0,0,0,0,0,0,0,0,2,0,0,0,0,1,0,0,1,0,0,0,1,1,2,0,0,0,0,0,2,0,0,0,1,0,0,0,0,1,0,0,0,0,0,0,1,0,0,1,0,0,2,0,0,1,0,1,1,0,0,0,1,1,0,2,3,0,1,0,0,1,3
713,1,0,1,1,0,0,2,0,1,0,0,0,1,0,0,0,0,2,0,0,0,0,0,0,0,0,0,0,0,0,0,0,0,2,0,0,0,0,1,0,0,1,0,0,0,1,1,2,0,0,0,0,0,2,0,0,0,1,0,0,0,0,1,0,0,0,0,0,0,1,0,0,1,0,0,2,0,0,1,0,1,1,0,0,0,1,1,0,2,3,0,1,0,0,1,3
714,1,0,1,1,0,0,2,0,1,0,0,0,1,0,0,0,0,2,0,0,0,0,0,0,0,0,0,0,0,0,0,0,0,2,0,0,0,0,1,0,0,1,0,0,0,1,1,2,0,0,0,0,0,2,0,0,0,1,0,0,0,0,1,0,0,0,0,0,0,1,0,0,1,0,0,2,0,0,1,0,1,1,0,0,0,1,1,0,2,3,0,1,0,0,1,3
715,1,0,1,1,0,0,2,0,1,0,0,0,1,0,0,0,0,2,0,0,0,0,0,0,0,0,0,0,0,0,0,0,0,2,0,0,0,0,1,0,0,1,0,0,0,1,1,2,0,0,1,0,0,2,0,0,0,1,0,0,0,0,1,0,0,0,0,0,0,1,0,0,1,0,0,2,0,0,1,0,1,1,0,0,0,1,1,0,2,3,0,1,0,0,1,3
716,1,0,1,1,0,0,2,0,1,0,0,0,1,0,0,0,0,2,0,0,0,0,0,0,0,0,0,0,0,0,0,0,0,2,0,0,0,0,1,0,0,1,0,0,0,1,1,2,0,0,1,0,0,2,0,0,0,1,0,0,0,0,1,0,0,0,0,0,0,1,0,0,1,0,0,2,0,0,1,0,1,1,0,0,0,1,1,0,2,3,0,1,0,0,1,3
717,1,0,1,1,0,0,2,0,1,0,1,0,1,0,0,0,0,2,0,0,0,0,0,0,0,0,0,0,0,0,0,0,0,2,0,0,0,0,1,0,0,1,0,0,0,1,1,2,0,0,1,0,0,2,0,0,0,1,0,0,0,0,1,0,0,0,0,0,0,1,0,0,1,0,0,2,0,0,1,0,1,1,0,0,0,1,1,0,2,3,0,1,0,0,1,3
718,1,0,1,1,0,0,2,0,1,0,1,0,1,0,0,0,0,2,0,0,0,0,0,0,0,0,0,0,0,0,0,0,0,2,0,0,0,0,1,0,0,1,0,0,0,1,1,2,0,0,1,0,0,2,0,0,0,1,0,0,0,0,1,0,0,0,0,0,0,1,0,0,1,0,0,2,0,0,1,0,1,1,0,0,0,1,1,0,2,3,0,1,0,0,1,3
719,1,0,1,1,0,0,2,0,1,0,1,0,1,0,0,0,0,2,0,0,0,0,0,0,0,0,0,0,0,0,0,0,0,2,0,0,0,0,1,0,0,1,0,0,0,1,1,2,0,0,1,0,0,2,0,0,0,1,0,0,0,0,1,0,0,0,0,0,0,1,0,0,1,0,0,2,0,0,1,0,1,1,0,0,0,1,1,0,2,3,0,1,0,0,1,3
720,1,0,1,1,0,0,2,0,1,0,1,0,1,0,0,0,0,2,0,0,0,0,0,0,0,0,0,0,0,0,0,0,0,2,0,0,0,0,1,0,0,1,0,0,0,1,1,2,0,0,1,0,0,2,0,0,0,1,0,0,0,0,1,0,0,0,0,0,0,1,0,0,1,0,0,2,0,0,1,0,1,1,0,0,0,1,1,0,2,3,0,1,0,0,1,3
721,1,0,1,1,0,0,2,0,1,0,1,0,2,0,0,0,0,2,0,0,0,0,0,0,0,0,0,0,0,0,0,0,0,2,0,0,0,0,1,0,0,1,0,0,0,1,1,2,0,0,1,0,0,2,0,0,0,1,0,0,0,0,1,0,0,0,0,0,0,1,0,0,1,0,0,2,0,0,1,0,1,1,0,0,0,1,1,0,2,3,0,1,0,0,1,3
722,1,0,1,1,0,0,2,0,1,0,1,0,2,0,0,0,0,2,0,0,0,0,0,0,0,0,0,0,0,0,0,0,0,2,0,0,0,0,1,0,0,1,0,0,0,1,1,2,0,0,1,0,0,2,0,0,0,1,0,0,0,0,1,0,0,0,0,0,0,1,0,0,1,0,0,2,0,0,1,0,1,1,0,0,0,1,1,0,2,3,0,1,0,0,1,3
723,1,0,1,1,0,0,2,0,1,0,1,0,2,0,0,0,0,2,0,0,0,0,0,0,0,0,0,0,0,0,0,0,0,2,0,0,0,0,1,0,0,1,0,0,0,1,1,2,0,0,1,0,0,2,0,0,0,1,0,0,0,0,1,0,0,0,0,0,0,1,0,0,1,0,0,2,0,0,1,0,1,1,0,0,0,1,1,0,2,3,0,1,0,0,1,3
724,1,0,1,1,0,0,2,0,1,0,1,0,2,0,0,0,0,2,0,0,0,0,0,0,0,0,0,0,0,0,0,0,0,2,0,0,0,0,1,0,0,1,0,0,0,1,1,2,0,0,1,0,0,2,0,0,0,1,0,0,0,0,1,0,0,0,0,0,0,1,0,0,1,0,0,2,0,0,1,0,1,1,0,0,0,1,1,0,2,3,0,1,0,0,1,3
725,1,0,1,1,0,0,2,0,1,0,1,0,2,0,0,0,0,2,0,0,0,0,0,0,0,0,0,0,0,0,0,0,0,2,0,0,0,0,1,0,0,1,0,0,0,1,1,2,0,0,1,0,0,2,0,0,0,1,0,0,0,0,1,0,0,0,0,0,0,1,0,0,1,0,0,2,0,0,1,0,1,1,0,0,0,1,1,0,2,3,0,1,0,0,1,3
726,1,0,1,1,0,0,2,0,1,0,1,0,2,0,0,0,0,2,0,0,0,0,0,0,0,0,0,0,0,0,0,0,0,2,0,0,0,0,1,0,0,1,0,0,0,1,1,2,0,0,1,0,0,2,0,0,0,1,0,0,0,0,1,0,0,0,0,0,0,1,0,0,1,0,0,2,0,0,1,0,1,1,0,0,0,1,1,0,2,3,0,1,0,0,1,3
727,1,0,1,1,0,0,2,0,1,0,1,0,2,0,0,0,0,2,0,0,0,0,0,0,0,0,0,0,0,0,1,0,0,2,0,0,0,0,1,0,0,1,0,0,0,1,1,2,0,0,1,0,0,2,0,0,0,1,0,0,0,0,1,0,0,0,0,0,0,1,0,0,1,0,0,2,0,0,1,0,1,1,0,0,0,1,1,0,2,3,0,1,0,0,1,3
728,1,0,1,1,0,0,2,0,1,0,1,0,2,0,0,0,0,2,0,0,0,0,0,0,0,0,0,0,0,0,1,0,0,2,0,0,0,0,1,0,0,1,0,0,0,1,2,2,0,0,1,0,0,2,0,0,0,1,0,0,0,0,1,0,0,0,0,0,0,1,0,0,1,0,0,2,0,0,1,0,1,1,0,0,0,1,1,0,2,3,0,1,0,0,1,3
729,1,0,1,1,0,0,2,0,1,0,1,0,2,0,0,0,0,2,0,0,0,0,0,0,0,0,0,0,0,0,1,0,0,2,0,0,0,0,1,0,0,1,0,0,0,1,2,2,0,0,1,0,0,2,0,0,0,1,0,0,0,0,1,0,0,0,0,0,0,1,0,0,1,0,0,2,0,0,1,0,1,1,0,0,0,1,1,0,2,3,0,1,0,0,1,3
730,1,0,1,1,0,0,2,0,1,0,1,0,2,0,0,0,0,2,0,0,0,0,0,0,0,0,0,0,0,0,1,0,0,2,0,0,0,0,1,0,0,1,0,0,0,1,2,2,0,0,1,0,0,2,0,0,0,1,0,0,0,0,1,0,0,0,0,0,0,1,0,0,1,0,0,2,0,0,1,0,1,1,0,0,0,1,1,0,2,3,0,1,0,1,1,3
731,1,0,1,1,0,0,2,0,1,0,1,0,2,0,0,0,0,2,0,0,0,0,0,0,0,0,0,0,0,0,1,0,0,2,0,0,0,0,1,0,0,1,0,0,0,1,2,2,0,0,1,0,0,2,0,0,0,1,0,0,0,0,1,0,0,0,0,0,0,1,0,0,1,0,0,2,0,0,1,0,1,1,0,0,0,1,1,0,2,3,0,1,0,1,1,4
732,1,0,1,1,0,0,2,0,1,0,1,0,2,0,0,0,0,2,0,0,0,0,0,0,0,0,0,0,0,0,1,0,0,2,0,0,0,0,1,0,0,1,0,0,0,1,2,2,0,0,1,0,0,2,0,0,0,1,0,0,0,0,1,0,0,0,0,0,0,1,0,0,1,0,0,2,0,0,1,0,1,1,0,0,0,1,1,0,2,3,0,1,0,1,1,4
733,1,0,1,1,0,0,2,0,1,0,1,0,2,0,0,0,0,2,0,0,0,0,0,0,0,0,0,0,0,0,1,0,0,2,0,0,0,0,1,0,0,1,0,0,0,1,2,2,0,0,1,0,0,2,0,0,0,1,0,0,0,0,1,0,0,0,0,0,0,1,0,0,1,0,0,2,0,0,2,0,1,1,0,0,0,1,1,0,2,3,0,1,0,1,1,4
734,1,0,1,1,0,0,2,0,1,0,1,0,2,0,0,0,0,2,0,0,0,0,0,0,0,0,0,0,0,0,1,0,0,2,0,0,0,0,1,0,0,1,0,0,0,1,2,2,0,0,1,0,0,2,0,0,0,1,0,0,0,0,1,0,0,0,0,0,0,1,0,0,1,0,0,2,0,0,2,0,1,1,0,0,0,1,1,0,2,3,0,1,0,1,1,4
735,1,0,1,1,0,0,2,0,1,0,1,0,2,0,0,0,0,2,0,0,0,0,0,0,0,0,0,0,0,0,1,0,0,2,0,0,0,0,1,0,0,1,0,0,0,1,2,2,0,0,1,0,0,2,0,0,0,1,0,0,0,0,1,0,0,0,0,0,0,1,0,0,1,0,0,2,0,0,2,0,1,1,0,0,0,1,1,0,2,3,0,1,0,1,1,4
736,1,0,1,1,0,0,2,0,1,0,1,0,2,0,0,0,0,2,0,0,0,0,0,0,0,0,0,0,0,0,1,0,0,2,0,0,0,0,1,0,0,1,0,0,0,1,2,2,0,0,1,0,0,2,0,0,0,1,0,0,0,0,1,0,0,0,0,0,0,1,0,0,1,0,0,2,0,0,2,0,1,1,0,0,0,1,1,0,2,3,0,1,0,1,1,4
737,1,0,1,1,0,0,2,0,1,0,1,0,2,0,0,0,0,2,0,0,0,0,0,0,0,0,0,0,0,0,1,0,0,2,0,0,0,0,1,0,0,1,0,0,0,1,2,2,0,0,1,0,0,2,0,0,0,1,0,0,0,0,1,0,0,0,0,0,0,1,0,0,1,0,0,2,0,0,2,0,1,1,0,0,0,1,1,0,2,3,0,1,0,1,1,4
738,1,0,1,1,0,0,2,0,1,0,1,0,2,0,0,0,0,2,0,0,0,0,0,0,0,0,0,0,0,0,1,0,0,2,0,0,0,0,1,0,0,1,0,0,0,1,2,2,0,0,1,0,0,2,0,0,0,1,0,0,0,0,1,0,0,0,0,0,0,1,0,0,1,0,0,2,0,0,2,0,1,1,0,0,0,1,1,0,2,3,0,1,0,1,1,4
739,1,0,1,1,0,0,2,0,1,0,1,0,2,0,0,0,0,2,0,0,0,0,0,0,0,0,0,0,0,0,1,0,0,2,0,0,0,0,1,0,0,1,0,0,0,1,2,2,0,0,1,0,0,2,0,0,0,1,0,0,0,0,1,0,0,0,0,0,0,1,0,0,1,0,0,2,0,0,2,0,1,1,0,0,0,1,1,0,2,3,0,1,0,1,1,4
740,1,0,1,1,0,0,2,0,1,0,1,0,2,0,0,0,0,2,0,0,0,0,0,0,0,0,0,0,0,0,1,0,0,2,0,0,0,0,1,0,0,1,0,0,0,1,2,2,0,0,1,0,0,2,0,0,0,1,0,0,0,0,1,0,0,0,0,0,0,1,0,0,1,0,0,2,0,0,2,0,1,1,0,0,0,1,1,0,2,3,0,1,0,1,1,4
741,1,0,1,1,0,0,2,0,1,0,1,0,2,0,0,0,0,2,0,0,0,0,0,0,0,0,0,0,0,0,1,0,0,2,0,0,0,0,1,0,0,1,0,0,0,1,2,2,0,0,1,0,0,2,0,0,0,1,0,0,0,0,1,0,0,0,0,0,0,1,0,0,1,0,0,2,0,0,2,0,1,1,0,0,0,1,1,0,2,3,0,1,0,1,1,4
742,1,0,1,1,0,0,2,0,1,0,1,0,2,0,0,0,0,2,0,0,0,0,0,0,0,0,0,0,0,0,1,0,0,2,0,0,0,0,1,0,0,1,0,0,0,1,2,2,0,0,1,0,0,2,0,0,0,1,0,0,0,0,1,0,0,0,0,0,0,1,0,0,1,0,0,2,0,0,2,0,1,1,0,0,0,1,1,0,2,2,0,1,0,1,1,4
743,1,0,1,1,0,0,2,0,1,0,1,0,2,0,0,0,0,2,0,0,0,0,0,0,0,0,0,0,0,0,1,0,0,2,0,0,0,0,1,0,0,1,0,0,0,1,2,2,0,0,1,0,0,2,0,0,0,1,0,0,0,0,1,0,0,0,0,0,0,1,0,0,1,0,0,2,0,0,2,0,1,1,0,0,0,1,1,0,2,2,0,1,0,1,1,4
744,1,0,1,1,0,0,2,0,1,0,1,0,2,0,0,0,0,2,0,0,0,0,0,0,0,0,0,0,0,0,1,0,0,2,0,0,0,0,1,0,0,1,0,0,0,1,2,2,0,0,1,0,0,2,0,0,0,1,0,0,0,0,1,0,0,0,0,0,0,1,0,0,1,0,0,2,0,0,2,0,1,1,0,0,0,1,1,0,2,2,0,1,0,1,1,4
745,1,0,1,1,0,0,2,0,1,0,1,0,2,0,0,0,0,2,0,0,0,0,0,0,0,0,0,0,0,0,1,0,0,2,0,0,0,0,1,0,0,1,0,0,0,1,2,2,0,0,1,0,0,2,0,0,0,1,0,0,0,0,1,0,0,0,0,0,0,1,0,0,1,0,0,2,0,0,2,0,1,1,0,0,0,1,1,0,2,2,0,1,0,1,1,4
746,1,0,1,1,0,0,2,0,1,0,1,0,2,0,0,0,0,2,0,0,0,0,0,0,0,0,0,0,0,0,1,0,0,2,0,0,0,0,1,0,0,1,0,0,0,1,2,2,0,0,1,0,0,2,0,0,0,1,0,0,0,0,1,0,0,0,0,0,0,1,0,0,1,0,0,2,0,0,2,0,1,1,0,0,0,1,1,0,2,2,0,1,0,1,1,4
747,1,0,1,1,0,0,2,0,1,0,1,0,2,0,0,0,0,2,0,0,0,0,0,0,0,0,0,0,0,0,1,0,0,2,0,0,0,0,1,0,0,1,0,0,0,1,2,2,0,0,1,0,0,2,0,0,0,1,0,0,0,0,1,0,0,0,0,0,0,1,0,0,1,0,0,2,0,0,2,0,1,1,0,0,0,1,1,0,2,2,0,1,0,1,1,4
748,1,0,1,1,0,0,1,0,1,0,1,0,2,0,0,0,0,2,0,0,0,0,0,0,0,0,0,0,0,0,1,0,0,2,0,0,0,0,1,0,0,1,0,0,0,1,2,2,0,0,1,0,0,2,0,0,0,1,0,0,0,0,1,0,0,0,0,0,0,1,0,0,1,0,0,2,0,0,2,0,1,1,0,0,0,1,1,0,2,2,0,1,0,1,1,4
749,1,0,1,1,0,0,1,0,1,0,1,0,2,0,0,0,0,2,0,0,0,0,0,0,0,0,0,0,0,0,1,0,0,2,0,0,0,0,1,0,0,1,0,0,0,1,2,2,0,0,1,0,0,2,0,0,0,1,0,0,0,0,1,0,0,0,0,0,0,1,0,0,1,0,0,2,0,0,2,0,1,1,0,0,0,1,1,0,2,2,0,1,0,1,1,4
750,1,0,1,1,0,0,1,0,1,0,1,0,2,0,0,0,0,2,0,0,0,0,0,0,0,0,0,0,0,0,1,0,0,2,0,0,0,0,1,0,0,1,0,0,0,1,2,2,0,0,1,0,0,2,0,0,0,1,0,0,0,0,1,0,0,0,0,0,0,1,0,0,1,0,0,2,0,0,2,0,1,1,0,0,0,1,1,0,2,2,0,1,0,1,1,4
751,1,0,1,1,0,0,1,0,1,0,1,0,2,0,0,0,0,2,0,0,0,0,0,0,0,0,0,0,0,0,1,0,0,2,0,0,0,0,1,0,0,1,0,0,0,1,2,2,0,0,1,0,0,2,0,0,0,1,0,0,0,0,1,0,1,0,0,0,0,1,0,0,1,0,0,2,0,0,2,0,1,1,0,0,0,1,1,0,2,2,0,1,0,1,1,5
752,1,0,1,1,0,0,1,0,1,0,1,0,2,0,0,0,0,2,0,0,0,0,0,0,0,0,0,0,0,0,1,0,0,2,0,0,0,0,1,0,0,1,0,0,0,1,2,2,0,0,1,0,0,2,0,0,0,1,0,0,0,0,1,0,1,0,0,0,0,1,0,0,1,0,0,2,0,0,2,0,1,1,0,0,0,1,1,0,2,2,0,1,0,1,1,5
753,1,0,1,1,0,0,1,0,1,0,1,0,2,0,0,0,0,2,0,0,0,0,0,0,0,0,0,0,0,0,1,0,0,2,0,0,0,0,1,0,0,1,0,0,0,1,2,2,0,0,1,0,0,2,0,0,0,1,0,0,0,0,1,0,1,0,0,0,0,1,0,0,1,0,0,2,0,0,2,0,1,1,0,0,0,1,1,0,2,2,0,1,0,1,1,5
754,1,0,1,1,0,0,1,0,1,0,1,0,2,0,0,0,0,2,0,0,0,0,0,0,0,0,0,0,0,0,1,0,0,2,0,0,0,0,1,0,0,1,0,0,0,1,2,2,0,0,1,0,0,2,0,0,0,1,0,0,0,0,1,0,1,0,0,0,0,1,0,0,1,0,0,2,0,1,2,0,1,1,0,0,0,1,1,0,2,2,0,1,0,1,1,5
755,1,0,1,1,0,0,1,0,1,0,1,0,2,0,0,0,0,2,0,0,0,0,0,0,0,0,0,0,0,0,1,0,0,2,0,0,0,0,1,0,0,1,0,0,0,1,2,2,0,0,1,0,0,2,0,0,0,1,0,0,0,0,1,0,1,0,0,0,0,1,0,0,1,0,0,2,0,1,2,0,1,1,0,0,0,1,1,0,2,2,0,1,0,1,1,5
756,1,0,1,1,0,0,1,0,1,0,1,0,2,0,0,0,0,2,0,0,0,0,0,0,0,0,0,0,0,0,1,0,0,2,0,0,0,0,1,0,0,1,0,0,0,1,2,2,0,0,1,0,0,2,0,0,0,1,0,0,0,0,1,0,1,0,0,0,0,1,0,0,1,0,0,2,0,1,2,0,1,1,0,0,0,1,1,0,2,2,0,1,0,1,1,5
757,1,0,1,1,0,0,1,0,1,0,1,0,2,0,0,0,0,2,0,0,0,0,0,0,0,0,0,0,0,0,1,0,0,2,0,0,0,0,1,0,0,1,0,0,0,1,2,2,0,0,1,0,0,2,0,0,0,1,0,0,0,0,1,0,1,0,0,0,0,1,0,0,1,0,0,2,0,1,2,0,1,1,0,0,0,1,1,0,2,2,0,1,0,1,1,5
758,1,0,1,1,0,0,1,0,1,0,1,0,2,0,0,0,0,2,0,0,0,0,0,0,0,0,0,0,0,0,1,0,0,2,0,0,0,0,1,0,0,1,0,0,0,1,2,2,0,0,1,0,0,2,0,0,0,1,0,0,0,0,1,0,1,0,0,0,0,1,0,0,1,0,0,2,0,1,2,0,1,1,0,0,0,1,1,0,2,2,0,1,0,1,1,5
759,1,0,1,1,0,0,1,0,1,0,1,0,2,0,0,0,0,2,0,0,0,0,0,0,0,0,0,0,0,0,1,0,0,2,0,0,0,0,1,0,0,1,0,0,0,1,2,2,0,0,1,0,0,2,0,0,0,1,0,0,0,0,1,0,1,0,0,0,0,1,0,0,1,0,0,2,0,1,2,0,1,1,0,0,0,1,1,0,2,2,0,1,0,1,1,5
760,1,0,1,1,0,0,1,0,1,0,1,0,2,0,0,0,0,2,0,0,0,0,0,0,0,0,0,0,0,0,1,0,0,2,0,0,0,0,1,0,0,1,0,0,0,1,2,2,0,0,1,0,0,2,0,0,0,1,0,0,0,0,1,0,1,0,0,0,0,1,0,0,1,0,0,2,0,1,2,0,1,1,0,0,0,1,1,0,2,2,0,1,0,1,1,5
761,1,0,1,1,0,0,1,0,1,0,1,0,2,0,0,0,0,2,0,0,0,0,0,0,0,0,0,0,0,0,1,0,0,2,0,0,0,0,1,0,0,1,0,0,0,1,2,2,0,0,1,0,0,2,0,0,0,1,0,0,0,0,1,0,1,0,0,0,0,1,0,0,1,0,0,2,0,1,2,0,1,1,0,0,0,1,1,0,2,2,0,1,0,1,1,5
762,1,0,1,1,0,0,1,0,1,0,1,0,2,0,0,0,0,2,0,0,0,0,0,0,0,0,0,0,0,0,1,0,0,2,0,0,0,0,1,0,0,1,0,0,0,2,2,2,0,0,1,0,0,2,0,0,0,1,0,0,0,0,1,0,1,0,0,0,0,1,0,0,1,0,0,2,0,1,2,0,1,1,0,0,0,1,1,0,2,2,0,1,0,1,1,5
763,1,0,1,1,0,0,1,0,1,0,1,0,2,0,0,0,0,2,0,0,0,0,0,0,0,0,0,0,0,0,1,0,0,2,0,0,0,0,1,0,0,1,0,0,0,2,2,2,0,0,1,0,0,2,0,0,0,1,0,0,0,0,1,0,1,0,0,0,0,1,0,0,1,0,0,2,0,1,2,0,1,1,0,0,0,1,1,0,2,2,0,1,0,1,1,5
764,1,0,1,1,0,0,1,0,1,0,1,0,2,0,0,0,0,2,0,0,0,0,0,0,0,0,0,0,0,0,1,0,0,2,0,0,0,0,1,0,0,1,0,0,0,2,2,2,0,0,1,0,0,2,0,0,0,1,0,0,0,0,1,0,1,0,0,0,0,1,0,0,1,0,0,2,0,1,2,0,1,1,0,0,0,1,1,0,2,2,0,1,0,1,1,5
765,1,0,1,1,0,0,1,0,1,0,1,0,2,0,0,0,0,2,0,0,0,0,0,0,0,0,0,0,0,0,1,0,0,2,0,0,0,0,1,0,0,1,0,0,0,2,2,2,0,0,1,0,0,2,0,0,0,1,0,0,0,0,1,0,1,0,0,0,0,1,0,0,1,0,0,2,0,1,2,0,1,1,0,0,0,1,1,0,2,2,0,1,0,1,1,5
766,2,0,1,1,0,0,1,0,1,0,1,0,2,0,0,0,0,2,0,0,0,0,0,0,0,0,0,0,0,0,1,0,0,2,0,0,0,0,1,0,0,1,0,0,0,2,2,2,0,0,1,0,0,2,0,0,0,1,0,0,0,0,1,0,1,0,0,0,0,1,0,0,1,0,0,2,0,1,2,0,1,1,0,0,0,1,1,0,2,2,0,1,0,1,1,5
767,2,0,1,1,0,0,1,0,1,0,1,0,2,0,0,0,0,2,0,0,0,0,0,0,0,0,0,0,0,0,1,0,0,2,0,0,0,0,1,0,0,1,0,0,0,2,2,2,0,0,1,0,0,2,0,0,0,1,0,0,0,0,1,0,1,0,0,0,0,1,0,0,1,0,0,2,0,1,2,0,1,1,0,0,0,1,1,0,2,2,0,1,0,1,1,5
768,2,0,1,1,0,0,1,0,1,0,1,0,2,0,0,0,0,2,0,0,0,0,0,0,0,0,0,0,0,0,1,0,0,2,0,0,0,0,1,0,0,1,0,0,0,2,2,2,0,0,1,0,0,2,0,0,0,1,0,0,0,0,1,0,1,0,0,0,0,1,0,0,2,0,0,2,0,1,2,0,1,1,0,0,0,1,1,0,2,2,0,1,0,1,1,5
769,2,0,1,1,0,0,1,0,1,0,1,0,2,0,0,0,0,2,0,0,0,0,0,0,0,0,0,0,0,0,1,0,0,2,0,0,0,0,1,0,0,1,0,0,0,2,2,2,0,0,1,0,0,2,0,0,0,1,0,0,0,0,1,0,1,0,0,0,0,1,0,0,2,0,0,2,0,1,2,0,1,1,0,0,0,1,1,0,2,2,0,1,0,1,1,5
770,2,0,1,1,0,0,1,0,1,0,1,0,2,0,0,0,0,2,0,0,0,0,0,0,0,0,0,0,0,0,1,0,0,2,0,0,0,0,1,0,0,1,0,0,0,2,2,2,0,0,1,0,0,2,0,0,0,1,0,0,0,0,1,0,1,0,0,0,0,1,0,0,2,0,0,2,0,1,2,0,1,1,0,0,0,1,1,0,2,2,0,1,0,1,1,5
771,2,0,1,1,0,0,1,0,1,0,1,0,2,0,0,0,0,2,0,0,0,0,0,0,0,0,0,0,0,0,1,0,0,2,0,0,0,0,1,0,0,1,0,0,0,2,2,2,0,0,1,0,0,2,0,0,0,1,0,0,0,0,1,0,1,0,0,0,0,0,0,0,2,0,0,2,0,1,2,0,1,1,0,0,0,1,1,0,2,2,0,1,0,1,1,5
772,2,0,1,1,0,0,1,0,1,0,1,0,2,0,0,0,0,2,0,0,0,0,0,0,0,0,0,0,0,0,1,0,0,2,0,0,0,0,1,0,0,1,0,0,0,2,2,2,0,0,1,0,0,2,0,0,0,1,0,0,0,0,1,0,1,0,0,0,0,0,0,0,2,0,0,2,0,1,2,0,1,1,0,0,0,1,1,0,2,3,0,1,0,1,1,5
773,2,0,1,1,0,0,1,0,1,0,1,0,2,0,0,0,0,2,0,0,0,0,0,0,0,0,0,0,0,0,1,0,0,2,0,0,0,0,1,0,0,1,0,0,0,2,2,2,0,0,1,0,0,2,0,0,0,1,0,0,0,0,1,0,1,0,0,0,0,0,0,0,2,0,0,2,0,1,2,0,1,1,0,0,0,1,1,0,3,3,0,1,0,1,1,5
774,2,0,1,1,0,0,1,0,1,0,1,0,2,0,0,0,0,2,0,0,0,0,0,0,0,0,0,0,0,0,1,0,0,2,0,0,0,0,1,0,0,0,0,0,0,2,2,2,0,0,1,0,0,2,0,0,0,1,0,0,0,0,1,0,1,0,0,0,0,0,0,0,2,0,0,2,0,1,2,0,1,0,0,0,0,1,1,0,3,3,0,1,0,1,1,5
775,2,0,1,1,0,0,1,0,1,0,1,0,2,0,0,0,0,2,0,0,0,0,0,0,0,0,0,0,0,0,1,0,0,2,0,0,0,0,1,0,0,0,0,0,0,2,2,2,0,0,1,0,0,2,0,0,0,1,0,0,0,0,1,0,1,0,0,0,0,0,0,0,2,0,0,2,0,1,2,0,1,0,0,0,0,1,1,0,3,3,0,1,0,1,1,5
776,2,0,1,1,0,0,1,0,1,0,1,0,2,0,0,0,0,2,0,0,0,0,0,0,0,0,0,0,0,0,1,0,0,2,0,0,0,0,1,0,0,0,0,0,0,2,2,2,0,0,1,0,0,2,0,0,0,1,0,0,0,0,1,0,1,0,0,0,0,0,0,0,2,0,0,2,0,1,2,0,1,0,0,0,0,1,1,0,3,3,0,1,0,1,1,5
777,2,0,1,1,0,0,1,0,1,0,1,0,2,0,0,0,0,2,0,0,0,0,0,0,0,0,0,0,0,0,1,0,0,2,0,0,0,0,1,0,0,0,0,0,0,2,2,2,0,0,1,0,0,2,0,0,0,1,0,0,0,0,1,0,1,0,0,0,0,0,0,0,2,0,0,2,0,1,2,0,1,0,0,0,0,1,1,0,3,3,0,1,0,1,1,5
778,2,0,1,1,0,0,1,0,1,0,1,0,2,0,0,0,0,2,0,0,0,0,0,0,0,0,0,0,0,0,1,0,0,2,0,0,0,0,1,0,0,0,0,0,0,2,2,2,0,0,1,0,0,2,0,0,0,1,0,0,0,0,1,0,1,0,0,0,0,0,0,0,2,0,0,2,0,1,2,0,1,0,0,0,0,1,1,0,3,3,0,1,0,1,1,5
779,2,0,1,1,0,0,1,0,1,0,1,0,2,0,0,0,0,2,0,0,0,0,0,0,0,0,0,0,0,0,1,0,0,2,0,0,0,0,1,0,0,0,0,0,0,2,2,2,0,0,1,0,0,2,0,0,0,1,0,0,0,0,1,0,1,0,0,0,0,0,0,0,2,0,0,2,0,1,2,0,1,0,0,0,0,1,1,0,3,3,0,1,0,1,1,5
780,2,0,1,1,0,0,1,0,1,0,1,0,2,0,0,0,0,2,0,0,0,0,0,0,0,0,0,0,0,0,1,0,0,2,0,0,0,0,1,0,0,0,0,0,0,2,2,2,0,0,1,0,0,2,0,0,0,1,0,0,0,0,1,0,1,0,0,0,0,0,0,0,2,0,0,2,0,1,2,0,1,0,0,0,0,1,1,0,3,3,0,1,0,1,1,5
781,2,0,1,1,0,0,1,0,1,0,1,0,2,0,0,0,0,2,0,0,0,0,0,0,0,0,0,0,0,0,1,0,0,2,0,0,0,0,1,0,0,0,0,0,0,2,2,2,0,0,1,0,0,2,0,0,0,1,0,0,0,0,1,0,1,0,0,0,0,0,0,0,2,0,0,2,0,1,2,0,1,0,0,0,0,2,1,0,3,3,0,1,0,1,1,5
782,2,0,1,1,0,0,1,0,1,0,1,0,2,0,0,0,0,2,0,0,0,0,0,0,0,0,0,0,0,0,1,0,0,2,0,0,0,0,1,0,0,0,0,0,0,2,2,2,0,0,1,0,0,2,0,0,0,1,0,0,0,0,1,0,1,0,0,0,0,0,0,0,2,0,0,2,0,1,2,0,1,0,0,0,0,2,1,0,3,3,0,1,0,1,1,5
783,2,0,1,1,0,0,1,0,1,0,1,0,2,0,0,0,0,2,0,0,0,0,0,0,0,0,0,0,0,0,1,0,0,2,0,0,0,0,1,0,0,0,0,0,0,2,2,2,0,0,1,0,0,2,0,0,0,1,0,0,0,0,1,0,1,1,0,0,0,0,0,0,2,0,0,2,0,1,2,0,1,0,0,0,0,2,1,0,3,3,0,1,0,1,1,5
784,2,0,1,1,0,0,1,0,1,0,1,0,2,0,0,0,0,2,0,0,0,0,0,0,0,0,0,0,0,0,1,0,0,2,0,0,0,0,1,0,0,0,0,0,0,2,2,2,0,0,1,0,0,2,0,0,0,1,0,0,0,0,1,0,1,1,0,0,0,0,0,0,2,0,0,2,0,1,2,0,1,0,0,0,0,2,2,0,3,3,0,1,0,1,1,5
785,2,0,1,1,0,0,1,0,1,0,1,0,2,0,0,0,0,2,0,0,0,0,1,0,0,0,0,0,0,0,1,0,0,2,0,0,0,0,1,0,0,0,0,0,0,2,2,2,0,0,1,0,0,2,0,0,0,1,0,0,0,0,1,0,1,1,0,0,0,0,0,0,2,0,0,2,0,1,2,0,1,0,0,0,0,2,2,0,3,3,0,1,0,1,1,5
786,2,0,1,1,0,0,1,0,1,0,1,0,2,0,0,0,0,2,0,0,0,0,1,0,0,0,0,0,0,0,1,0,0,2,0,0,0,0,1,0,0,0,0,0,0,2,2,2,0,0,1,0,0,2,0,0,0,1,0,0,0,0,1,0,1,1,0,0,0,0,0,0,2,0,0,2,0,1,2,0,1,0,0,0,0,2,2,0,3,3,0,1,0,1,1,5
787,2,0,1,1,0,0,1,0,1,0,1,0,2,0,0,0,0,2,0,0,0,0,1,0,0,0,0,0,0,0,1,0,0,2,0,0,0,0,1,0,0,0,0,0,0,2,2,2,0,0,1,0,0,2,0,0,0,1,0,0,0,0,1,0,1,1,0,0,0,0,0,0,2,0,0,2,0,1,2,0,1,0,0,0,0,2,2,0,3,3,0,1,0,1,1,5
788,1,0,1,1,0,0,1,0,1,0,1,0,2,0,0,0,0,2,0,0,0,0,1,0,0,0,0,0,0,0,2,0,0,2,0,0,0,0,1,0,0,0,0,0,0,2,2,2,0,0,1,0,0,2,0,0,0,1,0,0,0,0,1,0,1,1,0,0,0,0,0,0,2,0,0,2,0,1,2,0,1,0,0,0,0,2,2,0,3,3,0,1,0,1,1,5
789,1,0,1,1,0,0,1,0,1,0,1,0,2,0,0,0,0,2,0,0,0,0,1,0,0,0,0,0,0,0,2,0,0,2,0,0,0,0,1,0,0,0,0,0,0,2,2,2,0,0,1,0,0,2,0,0,0,1,0,0,0,0,1,0,1,1,0,0,0,0,0,0,2,0,0,2,0,1,2,0,1,0,0,0,0,2,2,0,3,3,0,1,0,1,1,5
790,1,0,1,1,0,0,1,0,1,0,1,0,2,0,0,0,0,2,0,0,0,0,1,0,0,0,0,0,0,0,2,0,0,2,0,0,0,0,1,0,0,0,0,0,0,2,2,2,0,0,1,0,0,2,0,0,0,1,0,0,0,0,1,0,1,1,0,0,0,0,0,0,2,0,0,2,0,1,2,0,1,0,0,0,0,2,2,0,3,3,0,1,0,1,1,5
791,1,0,1,1,0,0,1,0,1,0,1,0,2,0,0,0,0,2,0,0,0,0,1,0,0,0,0,0,0,0,2,0,0,2,0,0,0,0,1,0,0,0,0,0,0,2,2,2,0,0,1,0,0,2,0,0,0,1,0,0,0,0,1,0,1,1,0,0,0,0,0,0,2,0,0,2,0,1,2,0,1,0,0,0,0,2,2,0,3,3,0,1,0,1,1,5
792,1,0,1,1,0,0,1,0,1,0,1,0,2,0,0,0,0,2,0,0,0,0,1,0,0,0,0,0,0,0,2,0,0,2,0,0,0,0,1,0,0,0,0,0,0,2,1,2,0,0,1,0,0,2,0,0,0,1,0,0,0,0,1,0,1,1,0,0,0,0,0,0,2,0,0,2,0,1,2,0,1,0,0,0,0,2,2,0,3,3,0,1,0,1,1,5
793,1,0,1,1,0,0,1,0,1,0,1,0,2,0,0,0,0,2,0,0,0,0,1,0,0,0,0,0,0,0,2,0,0,2,0,0,0,0,1,0,0,0,0,0,0,2,1,2,0,0,1,0,0,2,0,0,0,1,0,0,0,0,1,0,1,1,0,0,0,0,0,0,2,0,0,2,0,1,2,0,1,0,0,0,0,2,2,0,3,3,0,1,0,1,1,5
794,1,0,1,1,0,0,2,0,1,0,1,0,2,0,0,0,0,2,0,0,0,0,1,0,0,0,0,0,0,0,2,0,0,2,0,0,0,0,1,0,0,0,0,0,0,2,1,2,0,0,1,0,0,2,0,0,0,1,0,0,0,0,1,0,1,1,0,0,0,0,0,0,2,0,0,2,0,1,2,0,1,0,0,0,0,2,2,0,3,3,0,1,0,1,1,5
795,1,0,1,1,0,0,2,0,1,0,1,0,2,0,0,0,0,2,0,0,0,0,1,0,0,0,0,0,0,0,2,0,0,2,0,0,0,0,1,0,0,0,0,0,0,2,1,2,0,0,1,0,0,2,0,0,0,1,0,0,0,0,1,0,1,1,0,0,0,0,0,0,2,0,0,2,0,1,2,0,1,0,0,0,0,2,2,0,3,3,0,1,0,1,1,5
796,1,0,1,1,0,0,2,0,1,0,1,0,2,0,0,0,0,2,0,0,0,0,1,0,0,0,0,0,0,0,2,0,0,2,0,0,0,0,1,0,0,0,0,0,0,2,1,2,0,0,1,0,0,2,0,0,0,1,0,0,0,0,1,0,1,1,0,0,0,0,0,0,2,0,0,2,0,1,2,0,1,0,0,0,0,2,2,0,3,3,0,1,0,1,1,5
797,1,0,1,1,0,0,2,0,1,0,1,0,2,0,0,0,0,2,0,0,0,0,1,0,0,0,0,0,0,0,2,0,0,2,0,0,0,0,1,0,0,0,0,0,0,2,1,2,0,0,1,0,0,2,0,0,0,1,0,0,0,0,1,0,1,1,0,0,0,0,0,0,2,0,0,2,0,1,2,0,1,0,0,0,0,2,2,0,3,3,0,1,0,1,1,5
798,1,0,1,1,0,0,2,0,1,0,2,0,2,0,0,0,0,2,0,0,0,0,1,0,0,0,0,0,0,0,2,0,0,2,0,0,0,0,1,0,0,0,0,0,0,2,1,2,0,0,1,0,0,2,0,0,0,1,0,0,0,0,1,0,1,1,0,0,0,0,0,0,2,0,0,2,0,1,2,0,1,0,0,0,0,2,2,0,3,3,0,1,0,1,1,5
799,1,0,1,1,0,0,2,0,1,0,2,0,2,0,0,0,0,2,0,0,0,0,1,0,0,0,0,0,0,0,2,0,0,2,0,0,0,0,1,0,0,0,0,0,0,2,1,2,0,0,1,0,0,2,0,0,0,1,0,0,0,0,1,0,1,1,0,0,0,0,0,0,2,0,0,2,0,1,2,0,1,0,0,0,0,2,2,1,3,3,0,1,0,1,1,5
800,1,0,1,1,0,0,2,0,1,0,2,0,2,0,0,0,0,2,0,0,0,0,1,0,0,0,0,0,0,0,2,0,0,2,0,0,0,0,1,0,0,0,0,0,0,2,1,2,0,0,1,0,0,2,0,0,0,1,0,0,0,0,1,0,1,1,0,0,0,0,0,0,2,0,0,2,0,1,2,0,1,0,0,0,0,2,2,1,3,3,0,1,0,1,1,5
801,1,0,1,1,0,0,2,0,1,0,2,0,2,0,0,0,0,2,0,0,0,0,1,0,0,0,0,0,0,0,2,0,0,2,0,0,0,0,1,0,0,0,0,0,0,2,1,2,0,0,1,0,0,2,0,0,0,1,0,0,0,1,1,0,1,1,1,0,0,0,0,0,2,0,0,2,0,1,2,0,1,0,0,0,0,2,2,1,3,3,0,1,0,1,1,5
802,1,0,1,1,0,0,2,0,2,0,2,0,2,0,0,0,0,2,0,0,0,0,1,0,0,0,0,0,0,0,2,0,0,2,0,0,0,0,1,0,0,0,0,0,0,2,1,2,0,0,1,1,0,2,0,0,0,1,0,0,0,1,1,0,1,1,1,0,0,0,0,0,2,0,0,2,0,1,2,0,1,0,0,0,0,2,2,1,3,3,0,1,0,1,1,5
803,1,0,1,1,0,0,2,0,2,0,2,0,2,0,0,0,0,2,0,0,0,0,1,0,0,0,0,0,0,0,2,0,0,2,0,0,0,0,1,0,0,0,0,0,0,2,1,2,0,0,1,1,0,2,0,0,0,1,0,0,0,1,1,0,1,1,1,0,0,0,0,0,2,0,0,2,0,1,2,0,1,0,0,0,0,2,2,1,3,3,0,1,0,1,1,5
804,1,0,1,1,0,0,2,0,2,0,2,0,2,0,0,0,0,2,0,0,0,0,1,0,0,0,0,0,0,0,2,0,0,2,0,0,0,0,1,0,0,0,0,0,0,2,1,2,0,0,1,1,0,2,0,0,0,1,0,0,0,1,1,0,1,1,1,0,0,0,0,0,2,0,0,2,0,1,2,0,1,0,0,0,0,2,2,1,3,4,0,1,0,1,1,5
805,1,0,1,1,0,0,2,0,2,0,2,0,2,0,0,0,0,2,0,0,0,0,1,0,0,0,0,0,0,0,2,0,0,2,0,0,0,0,1,0,0,0,0,0,0,2,1,2,0,0,1,1,0,2,0,0,0,1,0,0,0,1,1,0,1,1,1,0,0,0,0,0,2,0,0,2,0,1,2,0,1,0,0,0,0,2,2,1,3,4,0,1,0,1,1,5
806,1,0,1,1,0,0,2,0,2,0,2,0,2,0,0,0,0,2,0,0,0,0,1,0,0,0,0,0,0,0,2,0,0,2,0,0,0,0,1,0,0,0,0,0,0,2,1,2,0,0,1,1,0,2,0,0,0,1,0,0,0,1,1,0,1,1,1,0,0,0,0,0,2,0,0,2,0,1,2,0,1,0,0,0,0,2,2,1,3,4,0,1,0,1,1,5
807,1,0,1,1,0,0,2,0,2,0,2,0,2,0,0,0,0,2,0,0,0,0,1,0,0,0,0,0,0,0,2,0,0,2,0,0,0,0,1,0,0,0,0,0,0,2,1,2,0,0,1,1,0,2,0,0,0,1,0,0,0,1,1,0,1,1,1,0,0,0,0,0,2,0,0,2,0,1,2,0,1,0,0,0,0,2,2,1,3,4,0,1,0,1,1,5
808,1,0,1,1,0,0,2,0,2,0,2,0,2,0,0,0,0,2,0,0,0,0,1,0,0,0,0,0,0,0,2,0,0,2,0,0,0,0,1,0,0,0,0,0,0,2,1,2,0,0,1,1,0,2,0,0,0,1,0,0,0,1,1,0,1,1,1,0,0,0,0,0,2,0,0,2,0,1,2,0,1,0,0,0,0,2,2,1,3,4,0,1,0,1,1,5
809,1,0,1,1,0,0,2,0,2,0,2,0,2,0,0,0,0,2,0,0,0,0,1,0,0,0,0,0,0,0,2,0,0,2,0,0,0,0,1,0,0,0,0,0,0,2,1,2,0,0,1,1,0,2,0,0,0,1,0,0,0,1,1,0,1,1,1,0,0,0,0,0,2,0,0,2,0,1,2,0,1,0,0,0,0,2,2,1,3,4,0,1,0,1,1,5
810,1,0,1,1,0,0,2,0,2,0,2,0,2,0,0,0,0,2,0,0,0,0,1,0,0,0,0,0,0,0,2,0,0,2,0,0,0,0,1,0,0,0,0,0,0,2,1,2,0,0,1,1,0,2,0,0,0,1,0,0,0,1,1,0,1,1,1,0,0,0,0,0,2,0,0,2,0,1,2,0,1,0,0,0,0,2,2,1,3,4,0,1,0,1,1,5
811,2,0,1,1,0,0,2,0,2,0,2,0,2,0,0,0,0,2,0,0,0,0,1,0,0,0,0,0,0,0,2,0,0,2,0,0,0,0,1,0,0,0,0,0,0,2,1,2,0,0,1,1,0,2,0,0,0,1,0,0,0,1,1,0,1,1,1,0,0,0,0,0,2,0,0,2,0,1,2,0,1,0,1,0,0,2,2,1,3,4,0,1,0,1,1,5
812,2,0,1,1,0,0,2,0,2,0,2,0,2,0,0,0,0,2,0,0,0,0,1,0,0,0,0,0,0,0,2,0,0,2,0,0,0,0,1,0,0,0,0,0,0,2,1,2,0,0,1,1,0,2,0,0,0,1,0,0,0,1,1,0,1,1,1,0,0,0,0,0,2,0,0,2,0,1,2,0,1,0,1,0,0,2,2,1,3,4,0,1,0,1,1,5
813,2,0,1,1,0,0,2,0,2,0,2,0,2,0,0,0,0,2,0,0,0,0,1,0,0,0,0,0,0,0,2,0,0,2,0,0,0,0,1,0,0,0,0,0,0,2,1,2,0,0,1,1,0,2,0,0,0,1,0,0,0,1,1,0,1,1,1,0,0,0,0,0,2,0,0,2,0,2,2,0,1,0,1,0,0,2,2,1,3,4,0,1,0,1,1,5
814,2,0,1,1,0,0,2,0,2,0,2,0,2,0,0,0,0,2,0,0,0,0,1,0,0,0,0,0,0,0,2,0,0,2,0,0,0,0,1,0,0,0,0,0,0,2,1,2,0,0,1,1,0,2,0,0,0,1,0,0,0,1,1,0,1,1,1,0,0,0,0,0,2,0,0,2,0,2,2,0,1,0,1,0,0,2,2,1,3,4,0,1,0,1,1,5
815,2,0,1,1,0,0,2,0,2,0,2,0,2,0,0,0,0,2,0,0,0,0,1,0,0,0,0,0,0,0,2,0,0,2,0,0,0,0,1,0,0,0,0,0,0,2,1,2,0,0,1,1,0,2,0,0,0,1,0,0,0,1,1,0,1,1,1,0,0,0,0,0,2,0,0,2,0,2,2,0,1,0,1,0,0,2,2,1,3,4,0,1,0,1,1,5
816,2,0,1,1,0,0,2,0,2,0,2,0,2,0,0,0,0,2,0,0,0,0,1,0,0,0,0,0,0,0,2,0,0,2,0,0,0,0,1,0,0,0,0,0,0,2,1,2,0,0,1,1,0,2,0,0,0,1,0,0,0,1,1,0,1,1,1,0,0,0,0,0,2,0,0,2,0,2,2,0,1,0,1,0,0,2,2,1,3,4,0,1,0,1,1,5
817,2,0,1,1,0,0,2,0,2,0,2,0,2,0,0,0,0,2,0,0,0,0,1,0,0,0,0,0,0,0,2,0,0,2,0,0,0,0,1,0,0,0,0,0,0,2,1,2,0,0,1,1,0,2,0,0,0,1,0,0,0,1,1,0,1,1,1,0,0,0,0,0,2,0,0,2,0,2,2,0,1,0,1,0,0,2,2,1,3,4,0,1,0,1,1,5
818,2,0,1,1,0,0,2,0,2,0,2,0,2,0,0,0,0,2,0,0,0,0,1,0,0,0,0,0,0,0,2,0,0,2,0,0,0,0,1,0,0,0,0,0,0,2,1,2,0,0,1,1,0,2,0,0,0,1,0,0,0,1,1,0,1,1,1,0,0,0,0,0,2,0,0,2,0,2,2,0,1,0,1,0,0,2,2,1,3,4,0,1,0,1,1,5
819,2,0,1,1,0,0,2,0,2,0,2,0,2,0,0,0,0,2,0,0,0,0,1,0,0,0,0,0,0,0,2,0,0,2,0,0,0,0,1,0,0,0,0,0,0,2,1,2,0,0,1,1,0,2,0,0,0,1,0,0,0,1,1,0,1,1,1,0,0,0,0,0,2,0,0,2,0,2,2,0,1,0,1,0,0,2,2,1,3,4,0,1,0,1,1,5
820,2,0,1,1,0,0,2,0,2,0,2,0,2,0,0,0,0,2,0,0,0,0,1,0,0,0,0,0,0,0,2,0,0,2,0,0,0,0,1,0,0,0,0,0,0,2,1,2,0,0,1,1,0,2,0,0,0,1,0,0,0,1,1,0,1,1,1,0,0,0,0,0,2,0,0,2,0,2,2,0,1,0,1,0,0,2,2,1,3,4,0,1,0,1,1,5
821,2,0,1,1,0,0,2,0,2,0,2,0,2,0,0,0,0,2,0,0,0,0,1,0,0,0,0,0,0,0,2,0,0,2,0,0,0,0,1,0,0,0,0,0,0,2,1,2,0,0,1,1,0,2,0,0,0,1,0,0,0,1,1,0,1,1,1,0,0,0,0,0,2,0,0,2,0,2,2,0,1,0,1,0,0,2,2,1,3,4,0,1,0,1,1,5
822,2,0,1,1,0,0,2,0,2,0,2,0,2,0,0,0,0,2,0,0,0,0,1,0,0,0,0,0,0,0,2,0,0,2,0,0,0,0,1,0,0,1,0,0,0,2,1,2,0,0,1,1,0,2,0,0,0,1,0,0,0,1,1,0,1,1,1,0,0,0,0,0,2,0,0,2,0,2,2,0,1,0,1,0,0,2,2,1,3,4,0,1,0,1,1,5
823,2,0,1,1,0,0,2,0,2,0,2,0,2,0,0,0,0,2,0,0,0,0,1,0,0,0,0,0,0,0,2,0,0,2,0,0,0,0,1,0,0,1,0,0,0,2,1,2,0,0,1,1,0,2,0,0,0,1,0,0,0,1,1,0,1,2,1,0,0,0,0,0,2,0,0,2,0,2,2,0,1,0,1,0,0,2,2,1,3,4,0,1,0,1,1,5
824,2,0,1,1,0,0,1,0,2,0,2,0,2,0,0,0,0,2,0,0,0,0,1,0,0,0,0,0,0,0,2,0,0,2,0,0,0,0,1,0,0,1,0,0,0,2,1,2,0,0,1,1,0,2,0,0,0,1,0,0,0,1,1,0,1,2,1,0,0,0,0,0,2,0,0,2,0,2,2,0,1,0,1,0,0,2,2,1,3,4,0,1,0,1,1,5
825,2,0,1,1,0,0,1,0,2,0,2,0,2,0,0,0,0,2,0,0,0,0,1,0,0,0,0,0,0,0,2,0,0,2,0,0,0,0,1,0,0,1,0,0,0,2,1,2,0,0,1,1,0,2,0,0,0,1,0,0,0,1,1,0,1,2,1,0,0,0,0,0,2,0,0,2,0,2,2,0,1,0,1,0,0,2,2,1,3,4,0,1,0,1,1,5
826,2,0,1,1,0,0,1,0,2,0,2,1,2,0,0,0,0,2,0,0,0,0,1,0,0,0,0,0,0,0,2,0,0,2,0,0,0,0,1,0,0,1,0,0,0,2,1,2,0,0,1,1,0,2,0,0,0,1,0,0,0,1,1,0,1,2,1,0,0,0,0,0,2,0,0,2,0,2,2,0,1,0,1,0,0,2,2,1,3,4,0,1,0,1,1,5
827,2,0,1,1,0,0,1,0,2,0,2,1,2,0,0,0,0,2,0,0,0,0,1,0,0,0,0,0,0,0,2,0,0,2,0,0,0,0,1,0,0,1,0,0,0,2,1,2,0,0,1,1,0,2,0,0,0,1,0,0,0,1,1,0,1,2,1,0,0,0,0,0,2,0,0,2,0,2,2,0,1,0,1,0,0,2,2,1,3,4,0,1,0,1,1,5
828,2,0,1,1,0,0,1,0,2,0,2,1,2,0,0,0,0,2,0,0,0,0,1,0,0,0,0,0,0,0,2,0,0,2,0,0,0,0,1,0,0,1,0,0,0,2,1,2,0,0,1,1,0,2,0,0,0,1,0,0,0,1,1,0,1,2,1,0,0,0,0,0,2,0,0,2,0,2,2,0,1,0,1,0,0,2,2,1,3,4,0,1,0,1,1,5
829,2,0,1,1,0,0,1,0,2,0,2,1,2,0,0,0,0,2,0,0,0,0,1,0,0,0,0,0,0,0,2,0,0,2,0,0,0,0,1,0,0,1,0,0,0,2,1,2,0,0,1,1,0,2,0,0,0,1,0,0,0,1,1,0,1,2,1,0,0,0,0,0,2,0,0,2,0,2,2,0,1,0,1,0,0,2,2,1,3,4,0,1,0,1,1,5
830,2,0,1,1,0,0,1,0,2,0,2,1,2,0,0,0,0,2,0,0,0,0,1,0,0,0,0,0,0,0,2,0,0,2,0,0,0,0,1,0,0,1,0,0,0,2,1,2,0,0,1,1,0,2,0,0,0,1,0,0,0,1,1,0,1,2,1,0,0,0,0,0,2,0,0,2,0,2,2,0,1,0,2,0,0,2,2,1,3,4,0,1,0,1,1,5
831,2,0,1,1,0,0,1,0,2,0,2,1,2,0,0,0,0,2,0,0,0,0,1,0,0,0,0,0,0,0,2,0,0,2,0,0,0,0,1,0,0,1,0,0,0,2,1,2,0,0,1,1,0,2,0,1,0,1,0,0,0,1,1,0,1,2,1,0,0,0,0,0,2,0,0,2,0,2,2,0,1,0,2,0,0,2,2,1,3,4,0,1,0,1,1,5
832,2,0,1,1,0,0,1,0,2,0,2,1,2,0,0,0,0,2,0,0,0,0,1,0,0,0,0,0,0,0,2,0,0,2,0,0,0,0,1,0,0,1,0,0,0,2,1,2,0,0,1,1,0,2,0,1,0,1,0,0,0,1,1,0,1,2,1,0,0,0,0,0,2,0,0,2,0,3,2,0,1,0,2,0,0,2,2,1,3,4,0,1,0,1,1,5
833,2,0,1,1,0,0,1,0,2,0,2,1,2,0,0,0,0,2,0,0,0,0,1,0,0,0,0,0,0,0,2,0,0,2,0,0,0,0,1,0,0,1,0,0,0,2,1,2,0,0,1,1,0,2,1,1,0,1,0,0,0,1,1,0,1,2,1,0,0,0,0,0,2,0,0,3,0,3,2,0,1,0,2,0,0,2,2,1,3,4,0,1,0,1,1,5
834,2,0,1,1,0,0,1,0,2,0,2,1,2,0,0,0,0,2,0,0,0,0,1,0,0,0,0,0,0,0,2,0,0,2,0,0,0,0,1,0,0,1,0,0,0,2,1,2,0,0,1,1,0,2,1,1,0,1,0,0,0,1,1,0,1,2,1,0,0,0,0,0,2,0,0,3,0,3,2,0,1,0,2,0,0,2,2,1,3,4,0,1,0,1,1,5
835,2,0,1,1,0,1,1,0,2,0,2,1,2,0,0,0,0,2,0,0,0,0,1,0,0,0,0,1,0,0,2,0,0,2,0,0,0,0,1,0,0,1,0,0,0,2,1,2,0,0,1,1,0,2,1,1,0,1,0,0,0,1,1,0,1,2,1,0,0,0,0,0,2,0,0,3,0,3,2,0,1,0,2,0,0,2,2,1,3,4,0,1,0,1,1,5
836,2,0,1,1,0,1,1,0,2,0,2,1,2,0,0,0,0,2,0,0,0,0,1,0,0,0,0,1,0,0,2,0,0,2,0,0,0,0,1,0,0,1,0,0,0,2,1,2,0,0,1,1,0,2,1,1,0,1,0,0,0,1,1,0,1,2,1,0,0,0,0,0,2,0,0,3,0,3,2,0,1,0,2,0,0,2,2,1,3,4,0,1,0,1,1,5
837,2,0,1,1,0,1,1,0,2,0,2,1,2,0,0,0,0,2,0,0,0,0,1,0,0,0,0,1,0,0,2,0,0,2,0,0,0,0,1,0,0,1,0,0,0,2,1,2,0,0,1,1,0,2,1,1,0,1,0,0,0,1,1,0,1,2,1,0,0,0,0,0,2,0,0,3,0,3,2,0,1,0,2,0,0,2,2,1,3,4,0,1,0,1,2,5
838,2,0,1,1,0,1,1,0,2,0,2,1,2,0,0,0,0,2,0,0,0,0,1,0,0,0,0,1,0,0,2,0,0,2,0,0,0,0,1,0,0,1,0,0,0,2,1,2,0,0,1,1,0,2,1,1,0,1,0,0,0,1,1,0,1,2,1,0,0,0,0,0,2,0,0,3,0,3,2,0,1,0,2,0,0,2,2,1,3,4,0,1,0,1,2,5
839,2,0,1,1,0,1,1,0,2,0,2,1,2,0,0,0,0,2,0,0,0,0,1,0,0,0,0,1,0,0,2,0,0,2,0,0,0,0,1,0,0,1,0,0,0,2,1,2,0,0,1,1,0,2,1,1,0,1,0,0,0,1,1,0,1,2,1,0,0,0,0,0,2,0,0,3,0,3,2,0,1,0,2,0,0,2,2,1,3,4,0,1,0,1,2,5
840,2,0,1,1,0,1,1,0,2,0,2,1,2,0,0,0,0,2,0,0,0,0,1,0,0,0,0,1,1,0,2,0,0,2,0,0,0,0,1,0,0,1,0,0,0,2,1,2,0,0,1,1,0,2,1,1,0,1,0,0,0,1,1,0,1,2,1,0,0,0,0,0,2,0,0,3,0,3,2,0,1,0,2,0,0,2,2,1,3,4,0,1,0,1,2,5
841,2,0,1,1,0,1,1,0,2,0,2,1,2,0,0,0,0,2,0,0,0,0,1,0,0,0,0,1,1,0,2,0,0,2,0,0,0,0,1,0,0,1,0,0,0,2,1,2,0,0,1,1,0,2,1,1,0,1,0,0,0,1,1,0,1,2,1,0,0,0,0,0,2,0,0,3,0,3,2,0,1,0,2,0,0,2,2,1,3,4,0,1,0,1,2,5
842,2,0,1,1,0,1,1,0,2,0,2,1,2,0,0,0,0,2,0,0,0,0,1,0,0,0,0,1,1,0,2,0,0,2,0,0,0,0,1,0,0,1,0,0,0,2,1,2,0,0,1,1,0,2,1,1,0,1,0,0,0,1,1,0,1,2,1,0,0,0,0,0,2,0,0,3,0,3,2,0,1,0,2,0,0,2,2,1,3,4,0,1,0,1,2,5
843,2,0,1,1,0,1,1,0,2,0,2,1,2,0,0,0,0,2,0,0,0,0,1,0,0,0,0,1,1,0,2,0,0,2,0,0,0,0,1,0,0,1,0,0,0,2,1,2,0,0,1,1,0,2,1,1,0,1,0,0,0,1,1,0,1,2,1,0,0,0,0,0,2,0,0,3,0,3,2,0,1,0,2,0,0,2,2,1,3,4,0,1,0,1,2,5
844,2,0,1,1,0,1,1,0,2,0,2,1,2,0,0,0,0,2,0,0,0,0,1,0,0,0,0,1,1,0,2,0,0,2,0,0,0,0,1,0,0,1,0,0,0,2,1,2,0,0,1,1,0,2,1,1,0,1,0,0,0,1,1,0,1,2,1,0,0,0,0,0,2,0,0,3,0,3,2,0,1,0,2,0,0,2,3,1,3,4,0,1,0,1,2,5
845,2,0,1,1,0,1,1,0,2,0,2,1,2,0,0,0,0,2,0,0,0,0,1,0,0,0,0,1,1,0,2,0,0,2,0,0,0,0,1,0,0,1,0,0,0,2,1,2,0,0,1,1,0,2,1,1,0,1,0,0,0,1,1,0,1,2,1,0,0,0,0,0,2,0,0,3,0,3,2,0,1,0,2,0,0,2,3,1,3,4,0,1,0,1,2,5
846,2,0,1,1,0,1,1,0,1,0,2,1,2,0,0,0,0,2,0,0,0,0,1,0,0,0,0,1,1,0,2,0,0,2,0,0,0,0,1,0,0,1,0,0,0,2,1,2,0,0,1,1,0,2,1,1,0,1,0,0,0,1,1,0,1,2,1,0,0,0,0,0,2,0,0,3,0,3,2,0,1,0,2,0,0,2,3,1,3,4,0,2,0,1,2,5
847,2,0,1,1,0,1,1,0,1,0,2,1,2,0,0,0,1,2,0,0,0,0,1,0,0,0,0,1,1,0,2,0,0,2,0,0,0,0,1,0,0,1,0,0,0,2,1,2,0,0,1,1,0,2,1,1,0,1,0,0,0,1,1,0,1,2,1,0,0,0,0,0,2,0,0,3,0,3,2,0,1,0,2,0,0,2,3,1,3,4,0,2,0,1,2,5
848,2,0,1,1,0,1,1,0,1,0,2,1,2,0,0,1,1,2,0,0,0,0,1,0,0,0,0,1,1,0,2,0,0,2,0,0,0,0,1,0,0,1,0,0,0,2,1,2,0,0,1,1,0,2,1,1,0,1,0,0,0,1,1,0,1,2,1,0,0,0,0,0,2,0,0,3,0,3,2,0,1,0,2,0,0,2,3,1,3,4,0,2,0,1,2,5
849,2,0,1,1,0,1,1,0,1,0,2,1,2,0,0,1,1,2,0,0,0,0,1,0,0,0,0,1,1,0,2,0,0,2,0,0,0,0,1,0,0,1,0,0,0,2,1,2,0,0,1,1,0,2,1,1,0,1,0,0,0,1,1,0,1,2,1,0,0,0,0,0,2,0,0,3,0,3,2,0,1,0,2,0,0,2,3,1,3,4,0,2,0,1,2,5
850,2,0,1,1,0,1,1,0,1,0,2,1,2,0,0,1,1,2,0,0,0,0,1,0,0,0,0,1,1,0,2,0,0,2,0,0,0,0,1,0,0,1,0,0,0,2,1,2,0,0,1,1,0,2,1,1,0,1,0,0,0,2,1,0,1,2,1,0,0,0,0,0,2,0,0,3,0,3,2,0,1,0,2,0,0,2,3,1,3,4,0,2,0,1,2,5
851,2,0,1,1,0,1,1,0,1,0,2,1,2,0,0,1,1,2,0,0,0,0,1,0,0,0,0,1,1,0,2,0,0,2,0,0,0,0,1,0,0,1,0,0,0,2,1,2,0,0,1,1,0,2,1,1,0,1,0,0,0,2,1,0,1,2,1,0,0,0,0,0,2,0,0,3,0,3,2,0,1,0,2,0,0,2,3,1,3,4,0,2,0,1,2,5
852,2,0,1,1,0,1,1,0,1,0,2,1,2,0,0,0,1,2,0,0,0,0,1,0,0,0,0,1,1,0,2,0,0,2,0,0,0,1,1,0,0,1,0,0,0,2,1,2,0,0,1,1,0,2,1,1,0,1,0,0,0,2,1,0,1,2,1,0,0,0,0,0,2,0,0,3,0,3,2,0,1,0,2,0,0,2,3,1,3,4,0,2,0,1,2,5
853,2,0,1,1,0,1,1,0,1,0,2,1,2,0,0,0,1,2,0,0,0,0,1,0,0,0,0,1,1,0,2,0,0,2,0,0,0,1,1,0,0,1,0,0,0,2,1,2,0,0,1,1,0,2,1,1,0,1,0,0,0,2,1,0,1,2,1,0,0,0,0,0,2,0,0,3,0,3,2,0,1,0,2,0,0,2,3,1,3,4,0,2,0,1,2,5
854,2,0,1,1,0,1,1,0,1,0,2,1,2,0,0,0,1,2,0,0,0,0,1,0,0,0,0,1,1,0,2,0,0,2,0,0,0,1,1,0,0,1,0,0,0,2,1,2,0,0,1,1,0,2,1,1,0,1,0,0,0,2,1,0,1,2,1,0,0,0,0,0,2,0,0,3,0,3,2,0,1,0,2,0,0,2,3,1,3,4,0,2,0,1,2,5
855,2,0,1,1,0,1,1,0,1,0,2,1,2,0,0,0,1,2,0,0,0,0,1,0,0,0,0,1,1,0,2,0,0,2,0,0,0,1,1,0,0,1,0,0,0,2,1,2,0,0,1,1,0,2,1,1,0,1,0,0,0,2,1,0,1,2,1,0,0,0,0,0,2,0,0,3,0,3,2,0,1,0,2,0,0,2,3,1,3,4,0,2,0,1,2,5
856,2,0,1,1,0,1,1,0,1,0,2,1,2,0,0,0,1,2,0,0,0,0,1,0,0,0,0,1,1,0,2,0,0,2,0,0,0,1,1,0,0,1,0,0,0,2,1,2,0,0,1,1,0,2,1,1,0,2,0,0,0,2,1,0,1,2,1,0,0,0,0,0,2,0,0,3,0,3,2,0,1,0,2,0,0,2,3,1,3,4,0,2,0,1,2,5
857,2,0,1,1,0,1,1,0,1,0,2,1,2,0,0,0,1,2,0,0,0,0,1,0,0,0,0,1,1,0,2,0,0,2,0,0,0,1,1,0,0,1,0,0,0,2,1,2,0,0,1,1,0,2,1,1,0,2,0,0,0,2,1,0,1,2,1,0,0,0,0,0,2,0,0,3,0,4,2,0,1,0,2,0,0,2,3,1,3,4,0,2,0,1,2,5
858,2,0,1,1,0,1,1,0,1,0,2,1,2,0,0,0,1,2,0,0,0,0,1,0,0,0,0,1,1,0,3,0,0,2,0,0,0,1,1,0,0,1,0,0,0,2,1,2,0,0,1,1,0,2,1,1,0,2,0,0,0,2,1,0,1,2,1,0,0,0,0,0,2,0,0,3,0,4,2,0,1,0,2,0,0,2,3,1,3,4,0,2,0,1,2,5
859,2,0,1,1,0,1,1,0,1,0,2,1,2,0,0,0,1,2,0,0,0,0,1,0,0,0,0,1,1,0,3,0,0,2,0,0,0,1,1,0,0,1,0,0,0,2,1,2,0,0,1,1,0,2,1,1,0,2,0,0,0,2,1,0,1,2,1,0,0,0,0,0,2,0,0,3,0,4,2,0,1,0,2,0,0,2,3,1,3,4,0,2,0,1,2,5
860,2,0,1,1,0,1,1,0,1,0,2,1,2,0,0,0,1,2,0,0,0,0,1,0,0,0,0,1,1,0,3,0,0,2,0,0,0,1,1,0,0,1,0,0,0,2,1,2,0,0,1,1,0,2,1,1,0,2,0,0,0,2,1,0,1,2,1,0,0,0,0,0,2,0,0,3,0,4,2,0,1,0,2,0,0,2,3,1,3,4,0,2,0,1,2,5
861,2,0,1,1,0,1,1,0,1,0,2,1,2,0,0,0,1,2,0,0,0,0,1,0,0,0,0,1,1,0,3,0,0,2,0,0,0,2,1,0,0,1,0,0,0,2,1,2,0,0,1,1,0,2,1,1,0,2,0,0,0,2,1,0,1,2,1,0,0,0,0,0,2,0,0,3,0,4,2,0,1,0,2,0,0,2,3,1,3,4,0,2,0,1,2,5
862,2,0,1,1,0,1,1,0,1,0,2,1,2,0,0,0,1,2,0,0,0,0,1,0,0,0,0,1,1,0,3,0,0,2,0,0,0,2,1,0,0,1,0,0,0,2,1,2,0,0,1,1,0,2,1,1,0,2,0,0,0,2,1,0,1,2,1,0,0,0,0,0,2,0,0,3,0,3,2,0,1,0,2,0,0,2,3,1,3,4,0,2,0,1,2,5
863,2,0,1,1,0,1,1,0,1,0,2,1,2,0,0,0,1,2,0,0,0,0,1,0,0,0,0,1,1,0,3,0,0,2,0,0,0,2,1,0,0,1,0,0,0,2,1,2,0,0,1,1,0,2,1,1,0,2,0,0,0,2,1,0,1,2,1,0,0,0,0,0,2,0,0,3,0,3,2,0,1,0,2,0,0,2,3,1,3,4,0,2,0,1,2,5
864,2,0,1,1,0,1,1,0,1,0,2,1,2,0,0,0,1,2,0,0,0,0,1,0,0,0,0,1,1,0,3,0,0,2,0,0,0,2,1,0,0,1,0,0,0,2,1,2,0,0,1,1,0,2,1,1,0,2,0,0,0,2,1,0,1,2,1,0,0,0,0,0,2,0,0,3,0,3,2,0,1,0,2,0,0,2,3,1,3,4,0,2,0,1,2,5
865,2,0,1,1,0,1,1,0,1,0,2,1,2,0,0,0,1,2,0,0,0,0,1,0,0,0,0,1,1,0,3,0,0,2,0,0,0,2,1,0,0,1,0,0,0,2,1,2,0,0,1,1,0,2,1,1,0,2,0,0,0,2,1,0,1,2,1,0,0,0,0,0,2,0,0,3,0,3,2,0,1,0,2,0,0,2,3,1,3,4,0,2,0,1,2,5
866,2,0,1,1,0,1,1,0,1,0,2,1,2,0,0,0,1,2,0,0,0,0,1,0,0,0,0,1,1,0,3,0,0,2,0,0,0,2,1,0,0,1,0,0,0,2,1,2,0,0,1,1,0,2,1,1,0,2,0,0,0,2,1,0,1,2,1,0,0,0,0,0,2,0,0,3,0,3,2,0,1,0,2,0,0,2,3,1,3,4,0,2,0,1,2,5
867,2,0,1,1,0,1,1,0,1,0,2,1,2,0,0,0,1,2,0,0,0,0,1,0,0,0,0,1,1,0,3,0,0,2,0,0,0,2,1,0,0,1,0,0,0,2,1,2,0,0,1,1,0,2,1,1,0,2,0,0,0,2,1,0,1,2,1,0,0,0,0,0,2,0,0,3,0,3,2,0,1,0,2,0,0,2,4,1,3,4,0,2,0,1,2,5
868,2,0,1,1,0,1,1,0,1,0,2,1,2,1,0,0,1,2,0,0,0,0,1,0,0,0,0,1,1,0,3,0,0,2,0,0,0,2,1,0,0,1,0,0,0,2,1,2,0,0,1,1,0,2,1,1,0,2,0,0,0,2,1,0,1,2,1,0,0,0,0,0,2,0,0,3,0,3,2,0,1,0,2,0,0,2,4,1,3,4,0,2,0,1,2,5
869,2,0,1,1,0,1,1,0,1,0,2,1,2,1,0,0,1,2,0,0,0,0,1,0,0,0,0,1,1,0,3,0,0,2,0,0,0,2,1,0,0,1,0,0,0,2,1,2,0,0,1,1,0,2,1,1,0,2,0,0,0,2,1,0,1,2,1,0,0,0,0,0,2,0,0,3,0,3,2,0,1,0,2,0,0,2,4,1,3,4,0,2,0,1,2,5
870,2,0,1,1,0,1,1,0,1,0,2,1,2,1,0,0,1,2,0,0,0,0,1,0,0,0,0,1,1,0,3,0,0,2,0,0,0,2,1,0,0,1,0,0,0,2,1,2,0,0,1,1,0,2,1,1,0,2,0,0,0,2,1,0,1,2,1,0,0,0,0,0,2,0,0,3,0,3,2,0,1,0,2,0,0,2,4,1,3,4,0,2,0,1,2,5
871,2,0,1,1,0,1,1,0,1,0,2,1,2,1,0,0,1,2,0,0,0,0,1,0,0,0,0,1,1,0,3,0,0,2,0,0,0,2,1,0,0,1,0,0,0,2,1,2,0,0,1,1,0,2,1,1,0,2,0,0,0,2,1,0,1,2,1,0,0,0,0,0,2,0,0,3,0,3,2,0,1,0,2,0,0,1,4,1,3,4,0,2,0,1,2,5
872,2,0,1,1,0,1,1,0,1,0,2,1,2,1,0,0,1,2,0,0,0,0,1,0,0,0,0,1,1,0,3,0,0,2,0,0,0,2,1,0,0,1,0,0,0,2,1,2,0,0,1,1,0,2,1,1,0,2,0,0,0,2,1,0,1,2,1,0,0,0,0,0,2,0,0,3,0,3,2,0,1,0,2,0,0,1,4,1,3,4,0,2,0,1,2,5
873,2,0,1,1,0,1,1,0,1,0,2,1,2,1,0,0,1,2,0,0,0,0,1,0,0,0,0,1,1,0,3,0,0,2,0,0,0,2,1,0,0,1,0,0,0,2,1,2,0,0,1,1,0,2,1,1,0,2,0,0,0,2,1,0,1,2,1,0,0,0,0,0,2,0,0,3,0,3,2,0,1,0,2,0,0,1,4,1,3,4,0,2,0,1,2,5
874,2,0,1,1,0,1,1,0,1,0,2,1,2,1,0,0,1,2,0,0,0,0,1,0,0,0,0,1,1,0,3,0,0,2,0,0,0,2,1,0,0,1,0,0,0,2,1,2,0,0,1,1,0,2,1,1,0,2,0,0,0,2,1,0,1,2,1,0,0,0,0,0,2,0,0,3,0,3,2,0,1,0,2,0,0,1,4,1,3,4,0,2,0,1,2,4
875,2,0,1,1,0,1,1,0,1,0,2,1,2,1,0,0,1,2,0,0,0,0,1,0,0,0,0,1,1,0,3,0,0,2,0,0,0,2,1,0,0,1,0,0,0,2,1,2,0,0,1,1,0,2,2,1,0,2,0,0,0,2,1,0,1,2,1,0,0,0,0,0,2,0,0,3,0,3,2,0,1,0,2,0,0,1,4,1,3,4,0,2,0,1,2,4
876,2,0,1,1,0,1,1,0,1,0,2,1,2,1,0,0,1,2,0,0,0,0,1,0,0,0,0,1,1,0,3,0,0,2,0,0,0,2,1,0,0,1,0,0,0,2,1,2,0,0,1,1,0,2,2,1,0,2,0,0,0,2,1,0,1,2,1,0,0,0,0,0,2,0,0,3,0,3,2,0,1,0,2,0,0,1,4,1,3,4,0,2,0,1,2,4
877,2,0,1,1,0,2,1,0,1,0,2,1,2,1,0,0,1,2,0,0,0,0,1,0,0,0,0,1,1,0,3,0,0,2,0,0,0,2,1,0,0,1,0,0,0,2,1,2,0,0,1,1,0,2,2,1,0,2,0,0,0,2,1,0,1,2,1,0,0,0,0,0,2,0,0,3,0,3,2,0,1,0,2,0,0,1,4,1,3,4,0,2,0,1,2,4
878,2,0,1,1,0,2,1,0,1,0,2,1,2,1,0,0,1,2,0,0,0,0,1,0,0,0,0,1,1,0,3,0,0,2,0,0,0,2,1,0,0,1,0,0,0,2,1,2,0,0,1,1,0,2,2,1,0,2,0,0,0,2,1,0,1,2,1,0,0,0,0,0,2,0,0,3,0,3,2,0,1,0,2,0,0,1,4,1,3,4,0,2,0,1,2,4
879,2,0,1,1,0,2,1,0,1,0,2,1,2,1,0,0,1,2,0,0,0,0,1,0,0,0,0,1,1,0,3,0,0,2,0,0,0,2,1,0,0,1,0,0,0,2,1,2,0,0,1,1,0,2,2,1,0,2,0,0,0,2,1,0,1,2,1,0,0,0,0,0,2,0,0,3,0,3,2,0,1,0,2,0,0,1,4,1,3,4,0,2,0,1,2,4
880,2,0,1,1,0,2,1,0,1,0,2,1,2,1,0,0,1,2,0,0,0,0,1,0,0,0,0,1,1,0,3,0,0,2,0,0,0,2,1,0,0,1,0,0,0,2,1,2,0,0,1,1,0,2,2,1,0,2,0,0,0,2,1,0,0,2,1,0,0,0,0,0,2,0,0,3,0,3,2,0,1,0,2,0,0,1,4,1,3,4,0,2,0,1,2,4
881,2,0,1,1,0,2,1,0,1,0,2,1,2,1,0,0,1,2,0,0,0,0,1,0,0,0,0,1,1,0,3,0,0,2,0,0,0,2,1,0,0,1,0,0,0,2,1,2,0,0,1,1,0,2,2,1,0,2,0,0,0,2,1,0,0,2,1,0,0,0,0,0,2,0,0,3,0,3,2,0,1,0,2,0,0,1,4,1,3,4,0,2,0,1,2,4
882,2,0,1,1,0,2,1,0,1,0,2,1,2,1,0,0,1,2,0,0,0,0,1,0,0,0,0,1,1,0,3,0,0,2,0,0,0,2,1,0,0,1,0,0,0,2,1,2,0,0,1,1,0,2,2,1,0,2,0,0,0,2,1,0,0,2,1,0,0,0,0,0,2,0,0,3,0,3,2,0,1,0,2,0,0,1,4,1,3,4,0,2,0,1,2,4
883,2,0,1,1,0,2,1,0,1,0,2,1,2,1,0,0,1,2,0,0,0,0,1,0,0,0,0,1,1,0,3,0,0,2,0,0,0,2,1,0,0,1,0,0,0,2,1,2,0,0,1,1,0,2,2,1,0,2,0,0,0,2,1,0,0,2,1,0,0,0,0,0,2,0,0,3,0,3,2,0,1,0,2,0,0,1,4,1,3,4,0,2,0,1,2,4
884,2,0,1,1,0,2,1,0,1,0,2,1,2,1,0,0,1,2,0,0,0,0,1,0,0,0,0,1,1,0,3,0,0,2,0,0,0,2,1,0,0,1,0,0,0,2,1,2,0,0,1,1,0,2,2,1,0,2,0,0,0,2,1,0,0,2,1,0,0,0,0,0,2,0,0,3,0,3,2,0,1,0,2,0,0,1,4,1,3,4,0,2,0,1,2,4
885,2,0,1,1,0,2,1,0,1,0,2,1,2,1,0,0,1,2,0,0,0,0,1,0,0,0,0,1,1,0,3,0,0,2,0,0,0,2,1,0,0,1,0,0,0,2,1,2,0,0,1,1,0,2,2,1,0,2,0,0,0,2,1,0,0,2,1,0,0,0,0,0,2,0,0,3,0,3,2,0,1,1,2,0,0,1,4,1,3,4,0,2,0,1,2,4
886,2,0,1,1,0,2,1,0,1,0,2,1,2,1,0,0,1,2,0,0,0,0,1,0,0,0,0,1,1,0,3,0,0,2,0,0,0,2,1,0,0,1,0,0,0,2,1,2,0,0,1,1,0,2,2,1,0,2,0,0,0,2,1,0,0,2,1,0,0,0,0,0,2,0,0,3,0,3,2,0,1,1,2,0,0,1,4,1,3,4,0,2,0,1,2,4
887,2,0,1,1,0,2,1,0,1,0,2,1,2,1,0,0,1,2,0,0,0,0,1,0,0,0,0,1,1,0,3,0,0,2,0,0,0,2,1,0,0,1,0,0,0,2,1,2,0,0,1,1,0,2,2,1,0,2,0,0,0,2,1,0,0,2,1,0,0,0,0,0,2,0,0,3,0,3,2,0,1,1,2,0,0,1,4,1,3,4,0,2,0,1,2,4
888,2,0,1,1,0,2,1,0,1,0,2,1,2,1,0,0,1,2,0,0,0,0,1,0,0,0,0,1,1,0,3,0,0,2,0,0,0,2,1,0,0,1,0,0,0,2,1,2,0,0,1,1,0,2,2,1,0,2,0,0,0,2,1,0,0,2,1,0,0,0,0,0,2,0,0,3,0,3,2,0,1,1,2,0,0,1,4,1,3,4,0,2,0,1,2,4
889,2,0,1,1,0,2,1,0,1,0,2,1,2,1,0,0,1,2,0,0,0,0,1,0,0,0,0,1,1,0,3,0,0,2,0,0,0,2,1,0,0,1,0,0,0,2,1,2,0,0,1,1,0,2,2,1,0,2,0,0,0,2,1,0,0,2,1,0,0,0,0,0,2,0,0,3,0,3,2,0,1,1,2,0,0,1,4,1,3,4,0,2,0,1,2,4
890,2,0,1,1,0,2,1,0,1,0,2,1,2,1,0,0,1,2,0,0,0,0,1,0,0,0,0,1,1,0,3,0,0,2,0,0,0,2,1,0,0,1,0,0,0,2,1,2,0,0,1,1,0,2,2,1,0,2,0,0,0,2,1,0,0,2,1,0,0,0,0,0,2,0,0,3,0,4,2,0,1,1,2,0,0,1,4,1,3,4,0,2,0,1,2,4
891,2,0,1,1,0,2,1,0,1,0,2,1,2,1,0,0,1,2,0,0,0,0,1,0,0,0,0,1,1,0,3,0,0,2,0,0,0,2,1,0,0,1,0,0,0,2,1,2,0,0,1,1,0,2,2,1,0,2,0,0,0,2,1,0,0,2,1,0,0,0,0,0,2,0,0,3,0,4,2,0,1,1,1,0,0,1,4,1,3,4,0,2,0,1,2,4
892,2,0,1,1,0,2,1,0,1,0,2,1,2,1,0,0,1,2,0,0,0,0,1,0,0,0,0,1,1,0,3,0,0,2,0,0,0,2,1,0,0,1,0,0,0,2,1,2,0,0,1,1,0,2,2,1,0,2,0,0,0,2,1,0,0,2,1,0,0,0,0,0,2,0,0,3,0,4,2,0,1,1,1,0,0,1,4,1,3,4,0,2,0,1,2,4
893,2,0,1,1,0,2,1,0,1,0,2,1,2,1,0,0,1,2,0,0,0,0,1,0,0,0,0,1,1,0,3,0,0,2,0,0,0,2,1,0,0,1,0,0,0,2,1,2,0,0,1,1,0,2,2,1,0,2,0,0,0,2,1,0,0,2,1,0,0,0,0,0,2,0,0,3,0,4,2,0,1,1,1,0,0,1,4,1,3,4,0,2,0,1,2,4
894,2,0,1,1,0,2,1,0,1,0,2,1,2,1,0,0,1,2,0,0,0,0,1,0,0,0,0,1,1,0,3,0,0,2,0,0,0,2,1,0,0,1,0,0,0,2,1,2,0,0,1,1,0,2,2,1,0,2,0,0,0,2,1,0,0,2,1,0,0,0,0,0,2,0,0,3,0,4,2,0,1,1,1,0,0,1,4,1,3,4,0,2,0,1,2,4
895,2,0,1,2,0,2,1,0,1,0,2,1,2,1,0,0,1,2,0,0,0,0,1,0,0,0,0,1,1,0,3,0,0,2,0,0,0,2,1,0,0,1,0,0,0,2,1,2,0,0,1,1,0,2,2,1,0,2,0,0,0,2,1,0,0,2,1,0,0,0,0,0,2,0,0,3,0,4,2,0,1,1,1,0,0,1,4,1,3,4,0,2,0,1,2,4
896,2,0,1,2,0,2,1,0,1,0,2,1,2,1,0,0,1,2,0,0,0,0,1,0,0,0,0,1,1,0,3,0,0,2,0,0,0,2,2,0,0,1,0,0,0,2,1,2,0,0,1,1,0,2,2,1,0,2,0,0,0,2,1,0,0,2,1,0,0,0,0,0,2,0,0,3,0,4,2,0,1,1,1,0,0,1,4,1,3,4,0,2,0,1,2,4
897,2,0,1,2,0,2,1,0,1,0,1,1,2,1,0,0,1,2,0,0,0,0,1,0,0,0,0,1,1,0,3,0,0,2,0,0,0,2,2,0,0,1,0,0,0,2,1,2,0,0,1,1,0,2,2,2,0,2,0,0,0,2,1,0,0,2,1,0,0,0,0,0,2,0,0,3,0,4,2,0,1,1,1,0,0,1,4,1,3,4,0,2,0,1,2,4
898,2,0,1,2,0,2,1,0,1,0,1,1,2,1,0,0,1,2,0,0,0,0,1,0,0,0,0,1,1,0,3,0,0,2,0,0,0,2,2,0,0,1,0,0,0,2,1,2,0,0,1,1,0,2,2,2,0,2,0,0,0,2,1,0,0,2,1,0,0,0,0,0,2,0,0,3,0,4,2,0,1,1,1,0,0,1,4,1,3,4,0,2,0,1,2,4
899,2,0,1,2,0,2,1,0,1,0,1,1,2,1,0,0,1,2,0,0,0,0,1,0,0,0,0,1,1,0,3,0,0,2,0,0,0,2,2,0,0,1,0,0,0,2,1,2,0,0,1,1,0,2,2,2,0,3,0,0,0,2,1,0,0,2,1,0,0,0,0,0,2,0,0,3,0,4,2,0,1,1,1,0,0,1,4,1,3,4,0,2,0,1,2,4
900,2,0,1,2,0,2,1,0,1,0,1,1,2,1,0,0,1,2,0,0,0,0,1,0,0,0,0,1,1,0,3,0,0,2,0,0,0,2,2,0,0,1,0,0,0,2,1,2,0,0,1,1,0,2,2,2,0,3,0,0,0,2,1,0,0,2,1,0,0,0,0,0,2,0,0,3,0,4,2,0,1,1,1,0,0,1,4,1,3,4,0,2,0,1,2,4
901,2,0,1,2,0,2,1,0,1,0,1,1,2,1,0,0,1,2,0,0,0,0,1,0,0,0,0,1,1,0,3,0,0,2,0,0,0,2,2,0,0,1,0,0,0,2,1,2,0,0,1,1,0,2,2,2,0,3,0,0,0,2,1,0,1,2,1,0,0,0,0,0,2,0,0,3,0,4,2,0,1,1,1,0,0,1,4,1,3,4,0,2,0,1,2,4
902,2,0,1,2,0,2,1,0,1,0,1,1,2,1,0,0,1,2,0,0,0,0,1,0,0,0,0,1,1,0,3,0,0,2,0,0,0,2,2,0,0,1,0,0,0,2,1,2,0,0,1,1,0,2,2,2,0,3,0,0,0,2,1,0,2,2,1,0,0,0,0,0,2,0,0,3,0,4,2,0,1,1,1,0,0,1,4,1,3,4,0,2,0,1,2,4
903,2,0,1,2,0,2,1,0,1,0,1,1,2,1,0,0,1,2,0,0,0,0,1,0,0,0,0,1,1,0,3,0,0,2,0,0,0,2,2,0,0,1,0,0,0,2,1,2,0,0,1,1,0,2,2,2,0,3,0,0,0,2,1,0,2,2,1,0,0,0,0,0,2,0,0,3,0,4,2,0,1,1,1,0,0,1,4,1,3,4,0,2,0,1,2,4
904,2,0,1,2,0,2,1,0,2,0,1,1,2,1,0,0,1,2,0,0,0,0,1,0,0,0,0,1,1,0,3,0,0,2,0,0,0,2,2,0,0,1,0,0,0,2,1,2,0,0,1,1,0,2,2,2,0,3,0,0,0,2,1,0,2,2,1,0,0,0,0,0,2,0,0,3,0,4,2,0,1,1,1,0,0,1,4,1,3,4,0,2,0,1,2,4
905,2,0,1,2,0,2,1,0,2,0,1,1,2,1,0,0,1,2,0,0,0,0,1,0,0,0,0,1,1,0,3,0,0,2,0,0,0,2,2,0,0,1,0,0,0,2,1,2,0,0,1,1,0,2,2,2,0,3,0,0,0,2,1,0,2,2,1,0,0,0,0,0,2,0,0,3,0,4,2,0,1,1,1,0,0,1,4,1,3,4,0,2,0,1,2,4
906,2,0,1,2,0,2,1,0,2,0,1,1,2,1,0,0,1,2,0,0,0,0,1,0,0,0,0,1,1,0,3,0,0,2,0,0,0,2,2,0,0,1,0,0,0,2,1,2,0,0,1,1,0,2,2,2,0,3,0,0,0,2,1,0,2,2,1,0,0,0,0,0,2,0,0,3,0,4,2,0,1,1,1,0,0,1,4,1,3,4,0,2,0,1,2,4
907,2,0,1,2,0,2,1,0,2,0,1,1,2,1,0,0,1,2,0,0,0,0,1,0,0,0,0,1,1,0,3,0,0,2,0,0,0,2,2,0,0,1,0,0,0,2,1,2,0,0,1,1,0,2,2,2,0,3,0,0,0,2,1,0,2,2,1,0,0,0,0,0,2,0,0,3,0,4,2,0,1,1,1,0,0,1,4,1,3,4,0,2,0,1,2,4
908,2,0,1,2,0,2,1,0,2,0,1,1,2,1,0,0,1,2,0,0,0,0,1,0,0,0,0,1,1,0,3,0,0,2,0,0,0,2,2,0,0,1,0,0,0,2,1,2,0,0,1,1,0,2,2,2,0,3,0,0,0,2,1,0,2,2,1,0,0,0,0,0,2,0,0,3,0,4,2,0,1,1,1,0,0,1,4,1,4,4,0,2,0,1,2,4
909,2,0,1,2,0,2,1,0,2,0,1,1,2,1,0,0,1,2,0,0,0,0,1,0,0,0,0,1,1,0,3,0,0,2,0,0,0,2,2,0,0,1,0,0,0,2,1,2,0,0,1,1,0,2,2,2,0,3,0,0,0,2,1,0,2,2,1,0,0,0,0,0,2,0,0,3,0,4,2,0,1,1,1,0,0,1,4,1,4,4,0,2,0,1,2,4
910,2,0,1,2,0,2,1,0,2,0,1,1,2,1,0,0,1,2,0,0,0,0,1,0,0,0,0,1,1,0,3,0,0,2,0,0,0,2,2,0,0,1,0,0,0,2,1,2,0,0,1,1,0,2,2,2,0,3,0,0,0,2,1,0,2,2,1,0,0,0,0,0,2,0,0,3,0,4,2,0,1,1,1,0,0,1,4,1,4,4,0,2,0,1,2,4
911,2,0,1,2,0,2,1,0,2,0,1,1,2,1,0,0,1,2,0,0,0,0,1,0,0,0,0,1,1,0,3,0,0,2,0,0,0,2,2,0,0,1,0,0,0,2,1,2,0,0,1,1,0,2,2,3,0,3,0,0,0,2,1,0,2,2,1,0,0,0,0,0,2,0,0,3,0,4,2,0,1,1,1,0,0,1,4,1,4,4,0,2,0,1,2,4
912,2,0,1,2,0,2,1,0,2,0,1,1,2,1,0,0,1,2,0,0,0,0,1,0,0,0,0,1,1,0,3,0,0,2,0,0,0,2,2,0,0,1,0,0,0,2,1,2,0,0,1,1,0,2,2,3,0,3,0,0,0,2,1,0,2,2,1,0,0,0,0,0,2,0,0,3,0,4,2,0,1,1,1,0,0,1,4,1,4,4,0,2,0,1,2,4
913,2,0,1,2,0,2,1,0,2,0,1,1,2,1,0,0,1,2,0,0,0,0,1,0,0,0,0,1,1,0,3,0,0,2,0,0,0,2,2,0,0,1,0,0,0,2,1,2,0,0,1,1,0,2,2,3,0,3,0,0,0,2,1,0,2,2,1,0,0,0,0,0,2,0,0,3,0,4,2,0,1,1,1,0,0,1,4,1,4,4,0,2,0,1,2,4
914,2,0,1,2,0,2,1,0,2,0,1,1,2,1,0,0,1,2,0,0,0,0,1,0,0,0,0,1,1,0,3,0,0,2,0,0,0,2,2,0,0,1,0,0,0,2,1,2,0,0,1,1,0,2,2,3,0,3,0,0,0,2,1,0,2,2,1,0,0,0,0,0,2,0,0,3,0,4,2,0,1,1,1,0,0,1,4,1,4,4,0,2,0,1,2,4
915,2,0,1,2,0,2,1,0,2,0,1,1,2,1,0,0,1,2,0,0,0,0,1,0,0,0,0,1,1,0,3,0,0,2,0,0,0,2,2,0,0,1,0,0,0,2,1,2,0,0,1,1,0,2,2,3,0,3,0,0,0,2,1,0,2,2,1,0,0,0,0,0,2,0,0,3,0,4,2,0,1,1,1,0,0,1,4,1,4,4,0,2,0,1,2,4
916,2,0,1,2,0,2,1,0,2,0,1,1,2,1,0,0,1,2,0,0,0,0,1,0,0,0,0,1,1,0,3,0,0,2,0,0,0,2,2,0,0,1,0,0,0,2,1,2,0,0,1,1,0,2,2,3,0,3,0,0,0,2,1,0,2,2,1,0,0,0,0,0,2,0,0,3,0,4,2,0,1,1,1,0,0,1,4,1,4,4,0,2,0,1,2,4
917,2,0,1,2,0,2,1,0,2,0,1,1,2,1,0,0,1,2,0,0,0,0,1,0,0,0,0,1,1,0,3,0,0,2,0,0,0,2,2,0,0,2,0,0,0,2,1,2,0,0,1,1,0,2,2,3,0,3,0,0,0,2,1,0,2,2,1,0,0,0,0,0,2,0,0,3,0,4,2,0,1,1,1,0,0,1,4,1,4,4,0,2,0,1,2,4
918,2,0,1,2,0,2,1,0,2,0,1,1,2,1,0,0,1,2,0,1,0,0,1,0,0,0,0,1,1,0,3,0,0,2,0,0,0,2,2,0,0,2,0,0,0,2,1,1,0,0,1,1,0,2,2,3,0,3,0,0,0,2,1,0,2,2,1,0,0,0,0,0,2,0,0,3,0,4,2,0,1,1,1,0,0,1,4,1,4,4,0,2,0,1,2,4
919,2,0,1,2,0,2,1,0,2,0,1,1,2,1,0,0,1,2,0,1,0,0,1,0,0,0,0,1,1,0,3,0,0,2,0,0,0,2,2,0,0,2,0,0,0,2,1,1,0,0,1,1,0,2,2,3,0,3,0,0,0,2,1,0,2,2,1,0,0,0,0,0,2,0,0,3,0,4,2,0,1,1,1,0,0,1,4,1,4,4,0,2,0,1,2,4
920,2,0,1,2,0,2,1,0,2,0,1,1,2,1,0,0,1,2,0,1,0,0,1,0,0,0,0,1,1,0,3,0,0,2,0,0,0,2,2,0,0,2,0,0,0,2,1,1,0,0,1,1,0,2,2,3,0,3,0,0,0,2,1,0,2,2,1,0,0,0,0,0,2,0,0,2,0,4,2,0,1,1,1,0,0,1,4,1,4,4,0,2,0,1,2,4
921,2,0,1,2,0,2,1,0,2,0,1,1,2,1,0,0,1,2,0,1,0,0,1,0,0,0,0,1,1,0,3,0,0,2,0,0,0,2,2,0,0,2,0,0,0,2,1,1,0,0,1,1,0,2,2,3,0,3,0,0,0,2,1,0,2,2,1,0,0,0,0,0,2,0,0,2,0,4,2,0,1,1,1,0,0,1,4,1,4,4,0,2,0,1,2,4
922,2,0,1,2,0,2,1,0,2,0,1,1,2,1,0,0,1,2,0,1,0,0,1,0,0,0,0,1,1,0,3,0,0,2,0,0,0,2,2,0,0,2,0,0,0,2,1,1,0,0,1,1,0,2,2,3,0,3,0,0,0,2,1,0,2,2,1,0,0,0,0,0,2,0,0,2,0,4,2,0,1,1,1,0,0,1,4,1,4,4,0,2,0,1,2,4
923,2,0,1,2,0,2,1,0,2,0,1,1,2,1,0,0,1,2,0,1,0,0,1,0,0,0,0,1,1,0,3,0,0,2,0,0,0,2,2,0,0,2,0,0,0,2,1,1,0,0,1,1,0,2,2,3,0,3,0,0,0,2,1,0,2,2,1,0,0,0,0,0,2,0,0,2,0,5,2,0,1,1,1,0,0,1,4,1,4,4,0,2,0,1,2,4
924,2,0,1,2,0,2,1,0,2,0,1,1,2,1,0,0,1,2,0,1,0,0,1,0,0,0,0,1,1,0,3,0,0,2,0,0,0,2,2,0,0,2,0,0,0,2,1,1,0,0,1,1,0,2,2,3,0,3,0,0,0,2,1,0,2,2,1,0,0,0,0,0,1,0,0,2,0,5,2,0,1,1,1,0,0,1,4,1,4,4,0,2,0,1,2,4
925,2,0,1,2,0,2,1,0,2,0,1,1,2,1,0,0,1,2,0,1,0,0,1,0,0,0,0,1,1,0,3,0,0,2,0,0,0,2,2,0,0,2,0,0,0,2,1,1,0,0,1,1,0,2,2,3,0,3,0,0,0,2,1,0,2,2,1,0,0,0,0,0,1,0,0,2,0,5,2,0,1,1,1,0,0,1,4,1,4,4,0,2,0,1,2,4
926,2,0,1,2,0,2,1,0,2,0,1,1,2,1,0,0,1,2,0,1,0,0,1,0,0,0,0,1,1,0,3,0,0,2,0,0,0,2,2,0,0,2,0,0,0,2,1,1,0,0,1,1,0,2,2,3,0,3,0,0,0,2,1,0,2,2,1,0,0,0,0,0,1,0,0,2,0,5,2,0,1,1,1,0,0,1,4,1,4,4,0,2,0,1,2,4
927,2,0,1,2,0,2,1,0,2,0,1,1,2,1,0,0,1,2,0,1,0,0,1,0,0,0,0,1,1,0,3,0,0,2,0,0,0,2,2,0,0,2,0,0,0,2,1,1,0,0,1,1,0,2,2,3,0,3,0,0,0,2,1,0,2,2,1,0,0,0,0,0,1,0,0,2,0,5,2,0,1,1,1,0,0,1,4,1,4,4,0,2,0,1,2,4
928,2,0,1,2,0,2,1,0,2,0,1,1,2,1,0,0,1,2,0,1,0,0,1,0,0,0,0,1,1,0,3,0,0,2,0,0,0,2,2,0,0,2,0,0,0,2,1,1,0,0,1,1,0,2,2,3,0,3,0,0,0,2,1,0,2,2,1,0,0,0,0,0,1,0,0,2,0,5,2,0,1,1,1,0,0,1,4,1,4,4,0,2,0,1,2,4
929,2,0,1,1,0,2,1,0,2,0,1,1,2,1,0,0,1,2,0,1,0,0,1,0,0,0,0,1,1,0,3,0,0,2,0,0,0,2,2,0,0,2,0,0,0,2,1,1,0,0,1,1,0,2,2,3,0,3,0,0,0,2,1,0,2,2,1,0,0,0,0,0,1,0,0,2,0,5,2,0,1,1,1,0,0,1,4,1,4,4,0,2,0,1,2,4
930,2,0,1,1,0,2,1,0,2,0,1,1,2,1,0,0,1,2,0,1,0,0,1,0,0,0,0,1,1,0,3,0,0,2,0,0,0,2,2,0,0,2,0,0,0,2,1,1,0,0,1,1,0,2,2,3,0,3,0,0,0,2,1,0,2,2,1,0,0,0,0,0,1,0,0,1,0,5,2,0,1,1,1,0,0,1,4,1,4,4,0,2,0,1,2,4
931,2,0,1,1,0,1,1,0,2,0,1,1,2,1,0,0,1,2,0,1,0,0,1,0,0,0,0,1,1,0,3,0,0,2,0,0,0,2,2,0,0,2,0,0,0,2,1,1,0,0,1,1,0,2,2,3,0,3,0,0,0,2,1,0,2,2,1,0,0,0,0,0,1,0,0,1,0,5,2,0,1,1,1,0,0,1,4,1,4,4,0,2,0,1,2,4
932,2,0,1,1,0,1,1,0,2,0,1,1,2,1,0,0,1,2,0,1,0,0,1,0,0,0,0,1,1,0,3,0,0,2,0,0,0,2,2,0,0,2,0,0,0,2,1,1,0,0,1,1,0,2,2,3,0,3,0,0,0,2,1,0,2,2,1,0,0,0,0,0,1,0,0,1,0,5,2,0,1,1,1,0,0,1,4,1,4,4,0,2,0,1,2,4
933,3,0,1,1,0,1,1,0,2,0,1,1,2,1,0,0,1,2,0,1,0,0,1,0,0,0,0,1,1,0,3,0,0,2,0,0,0,2,2,0,0,2,0,0,0,2,1,1,0,0,1,1,0,2,2,2,0,3,0,0,0,2,1,0,2,2,1,0,0,0,0,0,1,0,0,1,0,5,2,0,1,1,1,0,0,1,4,1,4,4,0,2,0,1,2,4
934,3,0,1,1,0,1,1,0,2,0,1,1,2,1,0,0,1,2,0,1,0,0,1,0,0,0,0,1,1,0,3,0,0,2,0,0,0,2,2,0,0,2,0,0,0,2,1,1,0,0,1,1,0,2,2,2,0,3,0,0,0,2,1,0,2,2,1,0,0,0,0,0,1,0,1,1,0,5,2,0,1,1,1,0,0,1,4,1,4,4,0,2,0,1,2,4
935,3,0,1,1,0,1,1,0,2,0,1,1,2,1,0,0,1,2,0,1,0,0,1,0,0,0,0,1,1,0,3,0,0,2,0,0,0,2,2,0,0,2,0,0,0,2,1,1,0,0,1,1,0,2,2,2,0,3,0,0,0,2,1,0,2,2,1,0,0,0,0,0,1,0,1,1,0,5,2,0,1,1,1,0,0,1,4,1,4,4,0,2,0,1,2,4
936,3,0,1,1,0,1,1,0,2,0,1,1,2,1,0,0,1,2,0,1,0,0,1,0,0,0,0,1,1,0,3,0,0,2,0,0,0,2,2,0,0,2,0,0,0,2,1,1,0,0,1,1,0,2,2,2,0,3,0,0,0,2,1,0,2,2,1,0,0,0,0,0,1,0,1,1,0,5,2,0,1,1,1,0,0,1,4,1,4,4,0,2,0,1,2,4
937,3,0,1,1,0,1,1,0,2,0,1,1,2,1,0,0,1,2,0,1,0,0,1,0,0,0,0,1,1,0,3,0,0,2,0,0,0,2,2,0,0,2,0,0,0,2,1,1,0,0,1,1,0,2,2,2,0,3,0,0,0,2,1,0,2,2,1,0,0,0,0,0,1,0,1,1,0,5,2,0,1,1,1,0,0,1,4,1,4,4,0,2,0,1,2,4
938,3,0,1,1,0,1,1,0,2,0,1,1,2,1,0,0,1,2,0,1,0,0,1,0,0,0,0,1,1,0,3,0,0,2,0,0,0,2,2,0,0,2,0,0,0,2,1,1,0,0,1,1,0,2,2,2,0,3,0,0,0,2,1,0,2,2,1,0,0,0,0,0,1,0,1,1,0,5,2,0,1,1,1,0,0,1,4,1,4,4,0,2,0,1,2,4
939,3,0,1,1,0,1,1,0,2,0,1,1,2,1,0,0,1,2,0,1,0,0,1,0,0,0,0,1,1,0,3,0,0,2,0,0,0,2,2,0,0,2,0,0,0,2,1,1,0,0,1,1,0,2,2,2,0,3,0,0,0,1,1,0,2,2,1,0,0,0,0,0,1,0,1,1,0,5,2,0,1,1,1,0,0,1,4,1,4,4,0,2,0,1,2,4
940,3,0,1,1,0,1,1,0,2,0,1,1,2,1,0,0,1,2,0,1,0,0,1,0,0,0,0,1,1,0,3,0,0,2,0,0,0,2,2,0,0,2,0,0,0,2,1,1,0,0,1,1,0,2,2,2,0,3,0,0,0,1,1,0,2,2,1,0,0,0,0,0,1,0,1,1,0,5,2,0,1,1,1,0,0,1,4,1,4,4,0,2,0,1,2,4
941,3,0,1,1,0,1,1,0,2,0,1,1,2,1,0,0,1,2,0,1,0,0,1,0,0,0,0,1,1,0,3,0,0,2,0,0,0,2,2,0,0,2,0,0,0,2,1,1,0,0,1,1,0,2,2,2,0,3,0,0,0,1,1,0,2,3,1,0,0,0,0,0,1,0,1,1,0,5,2,0,1,1,1,0,0,1,4,1,4,4,0,2,0,1,2,4
942,3,0,1,1,0,1,1,0,2,1,1,1,2,1,0,0,1,2,0,1,0,0,1,0,0,0,0,1,1,0,3,0,0,2,0,0,0,2,2,0,0,2,0,0,0,2,1,1,0,0,1,1,0,2,2,2,0,3,0,0,0,1,1,0,2,3,1,0,0,0,0,0,1,0,1,1,0,5,2,0,1,1,1,0,0,1,4,1,4,4,0,2,0,1,2,4
943,3,0,1,1,0,1,1,0,2,1,1,1,2,1,0,0,1,2,0,1,0,0,1,0,0,0,0,1,1,0,3,0,0,2,0,0,0,2,2,0,0,2,0,0,0,2,1,1,0,0,1,1,0,2,2,2,0,3,0,0,0,1,1,0,2,3,1,0,0,0,0,0,1,0,1,1,0,5,2,0,1,1,1,0,0,1,4,1,4,4,0,2,0,1,2,4
944,3,0,1,1,0,1,1,0,2,1,1,1,2,1,0,0,1,2,0,1,0,0,1,0,0,0,0,1,1,0,3,0,0,2,0,0,0,2,2,0,0,2,0,0,0,2,1,1,0,0,1,1,0,2,2,2,0,3,0,0,0,1,1,0,2,3,1,0,0,0,0,0,1,0,1,1,0,5,2,0,1,1,1,0,0,1,4,1,4,4,0,2,0,1,2,4
945,3,0,1,1,0,1,1,0,2,1,1,1,2,1,0,0,1,2,0,1,0,0,1,0,0,0,0,1,1,0,3,0,0,2,0,0,0,2,2,0,0,2,0,0,0,2,1,0,0,0,1,1,0,2,2,2,0,3,0,0,0,1,1,0,2,3,1,0,0,0,0,0,1,0,1,1,0,5,2,0,1,1,1,0,0,1,4,1,4,4,0,2,0,1,2,4
946,3,0,1,1,0,1,1,0,2,1,1,1,2,1,0,0,1,2,0,1,0,0,1,0,0,0,0,1,1,0,3,0,0,2,0,0,0,2,2,0,0,2,0,0,1,2,1,0,0,0,1,1,0,2,2,2,0,3,0,0,0,1,1,0,2,3,1,0,0,0,0,0,1,0,1,1,0,5,2,0,1,1,1,0,0,1,4,1,4,4,0,2,0,1,2,4
947,3,0,1,1,0,1,1,0,2,1,1,1,2,1,0,0,1,2,0,1,0,0,1,0,0,0,0,1,1,0,3,0,0,2,0,0,0,2,2,0,0,2,0,0,1,2,1,0,0,0,1,1,0,2,2,2,0,3,0,0,0,1,1,0,2,3,1,0,0,0,0,0,1,0,1,1,0,5,2,0,1,1,1,0,0,1,4,1,4,4,0,2,0,1,2,4
948,3,0,1,1,0,1,1,0,2,1,1,1,2,1,0,0,1,2,0,1,0,0,1,0,0,0,0,1,1,0,3,0,0,2,0,0,0,2,2,0,0,2,0,0,1,2,1,0,0,0,1,1,0,2,2,2,0,3,1,0,0,1,1,0,2,3,1,0,0,0,0,0,1,0,1,1,0,5,2,0,1,1,1,0,0,1,4,1,4,4,0,2,0,1,2,4
949,3,0,1,1,0,1,1,0,2,1,1,1,2,1,0,0,1,2,0,1,0,0,1,0,0,0,0,1,1,0,3,0,0,2,0,0,0,2,2,0,0,2,0,0,1,2,1,0,0,0,1,1,0,2,2,2,0,3,1,0,0,1,1,0,2,3,1,0,0,0,0,0,1,0,1,1,0,5,2,0,1,1,1,0,0,1,4,1,4,4,0,2,0,1,2,4
950,3,0,1,1,0,1,1,0,2,1,1,1,2,1,0,0,1,2,0,1,0,0,1,0,0,0,0,1,1,0,3,0,0,2,0,0,0,2,2,0,0,2,0,0,1,2,1,0,0,0,1,1,0,2,2,2,0,3,1,0,0,1,1,0,2,3,1,0,0,0,0,0,1,0,1,1,0,5,2,0,1,1,1,0,0,1,4,1,4,4,0,2,0,1,2,4
951,3,0,1,1,0,1,1,0,2,1,1,1,2,1,0,0,1,2,0,1,0,0,1,0,0,0,0,1,1,0,3,0,0,2,0,0,0,2,2,0,0,2,0,0,1,2,1,0,0,0,1,1,0,2,2,2,0,3,1,0,0,1,1,0,2,3,1,0,0,0,0,0,1,0,1,1,0,5,2,0,1,1,1,0,0,1,4,1,4,4,0,2,0,1,3,4
952,3,0,1,1,0,1,1,0,2,1,1,1,2,1,0,0,1,2,0,1,0,0,1,0,0,0,0,1,1,0,3,0,0,2,0,0,0,2,2,0,0,2,0,0,1,2,1,0,0,0,1,1,0,2,2,2,0,3,1,0,0,1,1,0,2,3,1,0,0,0,0,0,1,0,1,1,0,5,2,0,1,1,1,0,0,1,4,1,4,4,0,2,0,1,3,4
953,3,0,1,1,0,1,1,0,2,1,1,1,2,1,0,0,1,2,0,1,0,0,1,0,0,0,0,1,1,0,3,0,0,2,0,0,0,2,2,0,0,2,0,0,1,2,1,0,0,0,1,1,0,2,2,2,0,3,1,0,0,1,1,0,2,3,1,0,0,0,0,0,1,0,1,1,0,5,2,0,1,1,1,0,0,1,4,1,4,4,0,2,0,1,3,4
954,3,0,1,1,0,1,1,0,2,1,1,1,2,2,0,0,1,2,0,1,0,0,1,0,0,0,0,1,1,0,3,0,0,2,0,0,0,2,2,0,0,2,0,0,0,2,1,0,0,0,1,1,0,2,2,2,0,3,1,0,0,1,1,0,2,3,1,0,0,0,0,0,1,0,1,1,0,5,2,0,1,1,1,0,0,1,4,1,4,4,1,2,0,1,3,4
955,3,0,1,1,0,1,1,0,2,1,1,1,2,2,0,0,1,2,0,1,0,0,1,0,0,0,0,1,1,0,3,0,0,2,0,0,0,2,2,0,0,2,0,0,0,2,1,0,0,0,1,1,0,2,2,2,0,3,1,0,0,1,1,0,2,3,1,0,0,0,0,0,1,0,1,1,0,5,2,0,1,1,1,0,0,1,4,1,4,4,1,2,0,1,3,4
956,3,0,1,1,0,1,1,0,2,0,1,1,2,2,0,0,1,2,0,1,0,0,1,0,0,0,0,1,1,0,3,0,0,2,0,0,0,2,2,0,0,2,0,0,0,2,1,0,0,0,1,1,0,2,2,2,0,3,1,0,0,1,1,0,2,3,1,0,0,0,0,0,1,0,1,1,0,5,2,0,1,1,1,0,0,1,4,1,4,4,1,2,0,1,3,4
957,3,0,1,1,0,1,1,0,2,0,1,1,2,2,0,0,1,2,0,1,0,0,1,0,0,0,0,1,1,0,3,1,0,2,0,0,0,2,2,0,0,2,0,0,0,2,1,0,0,0,1,1,0,2,2,2,0,3,1,0,0,1,1,0,2,3,1,0,0,0,0,0,1,0,1,1,0,5,2,0,1,1,1,0,0,1,4,1,4,4,1,2,0,1,3,4
958,3,0,1,1,0,1,1,0,2,0,1,1,2,2,0,0,1,2,0,1,0,0,1,0,0,0,0,1,1,0,3,1,0,2,0,0,0,2,2,0,0,2,0,0,0,2,1,0,0,0,1,1,0,1,2,2,0,3,1,0,0,1,1,0,2,3,1,0,0,0,0,0,1,0,1,1,0,5,2,0,1,1,1,0,0,1,4,1,4,4,1,2,0,1,3,4
959,3,0,1,1,0,1,1,0,2,0,1,1,2,2,0,0,1,2,0,1,0,0,1,0,0,0,0,1,1,0,3,1,0,2,0,0,0,2,2,0,0,2,0,0,0,2,1,0,0,0,1,1,0,1,2,2,0,3,1,0,0,1,1,0,2,3,1,0,0,0,0,0,1,0,1,1,0,5,2,0,1,1,1,0,0,1,4,1,4,4,1,2,0,1,3,4
960,3,0,1,1,0,1,1,0,2,0,1,1,2,2,0,0,1,2,0,1,0,0,1,0,0,0,0,1,1,0,3,1,0,2,0,0,0,2,2,0,0,2,0,0,0,2,1,0,0,0,1,1,0,1,2,2,0,3,1,0,0,1,1,0,2,3,1,0,0,0,0,0,1,0,1,1,0,5,2,0,2,1,1,0,0,1,4,1,4,4,1,2,0,1,3,4
961,3,0,1,1,0,1,1,0,2,0,1,1,2,2,0,0,1,2,0,1,0,0,1,0,0,0,0,1,1,0,3,1,0,2,0,0,0,2,2,0,0,2,0,0,0,2,1,0,0,0,1,1,0,1,2,2,0,3,1,0,0,1,1,1,2,3,1,0,0,0,0,0,1,0,1,1,0,5,2,0,2,1,1,0,0,1,4,1,4,4,1,2,0,1,3,4
962,3,0,1,1,0,1,1,0,2,0,1,1,2,2,0,0,1,2,0,1,0,0,1,0,0,0,0,1,1,0,3,1,0,2,0,0,0,2,2,0,0,2,0,0,0,2,1,0,0,0,1,1,0,1,2,2,0,3,1,0,0,1,1,1,2,3,1,0,0,0,0,0,1,0,1,1,0,5,2,0,2,1,1,0,0,1,4,1,4,4,1,2,0,1,3,4
963,3,0,1,1,0,1,1,0,2,0,1,1,2,2,0,0,1,2,0,1,0,0,1,0,0,0,0,1,1,0,3,1,0,2,0,0,0,2,2,0,0,2,0,0,0,2,1,0,0,0,1,1,0,1,2,2,0,3,1,0,0,1,1,1,2,3,1,0,0,0,0,0,1,0,1,1,0,5,2,0,2,1,1,0,0,1,4,1,4,4,1,2,0,1,3,4
964,3,0,1,1,0,1,1,0,2,0,1,1,2,2,0,0,1,2,0,1,0,0,1,0,0,0,0,1,1,0,3,1,0,2,0,0,0,2,2,0,0,2,0,0,0,2,1,0,0,0,1,1,0,1,2,2,0,3,1,0,0,1,1,1,2,3,1,0,0,0,0,0,1,0,1,1,0,5,2,0,2,1,1,0,0,1,4,1,4,4,1,2,0,1,3,4
965,3,0,1,1,0,1,1,0,2,0,1,1,2,2,0,0,1,2,0,1,0,0,1,0,0,0,0,1,1,0,3,1,0,2,0,0,0,2,2,0,0,2,0,0,0,2,1,0,0,0,1,1,0,1,2,2,0,3,1,0,0,1,1,1,2,3,1,0,0,0,0,0,1,0,1,1,0,5,2,0,2,1,1,0,0,1,4,1,5,4,1,2,0,1,3,4
966,3,0,1,1,0,1,1,0,2,0,1,1,2,2,0,0,1,2,0,1,0,0,1,0,0,0,0,1,1,0,3,1,0,2,0,0,0,2,2,0,0,2,0,0,0,2,1,0,0,0,1,1,0,1,2,2,0,3,1,0,0,1,1,1,2,3,1,0,0,0,0,0,1,0,1,1,0,5,2,0,2,1,1,0,0,1,4,1,5,4,1,2,0,1,3,4
967,3,0,1,1,0,1,1,0,2,0,1,1,2,2,0,0,1,2,0,1,0,0,1,0,0,0,0,1,1,0,3,1,0,2,0,0,0,2,2,0,0,2,0,0,0,2,1,0,0,0,1,1,0,1,2,2,0,3,1,0,0,1,1,1,2,3,1,0,0,0,0,0,1,0,1,1,0,5,2,0,2,1,1,0,0,1,4,1,5,4,1,2,0,1,3,4
968,3,0,1,1,0,1,1,0,2,0,1,1,2,2,0,0,1,2,0,1,0,0,1,0,0,0,0,1,1,0,3,1,0,2,0,0,0,2,2,0,0,2,0,0,0,2,0,0,0,0,1,1,0,1,2,2,0,2,1,0,0,1,1,1,2,3,1,0,0,0,0,0,1,0,1,1,0,5,2,0,2,1,1,0,0,1,4,1,5,4,1,2,0,1,3,4
969,3,0,1,1,0,1,1,0,2,0,1,1,2,2,0,0,1,2,0,1,0,0,1,0,0,0,0,1,1,0,3,1,0,2,0,0,0,2,2,0,0,2,0,0,0,2,0,0,0,0,1,1,0,1,2,2,0,2,1,0,0,1,1,1,2,3,1,0,0,0,0,0,1,0,1,1,0,5,2,0,2,1,1,0,0,1,4,1,5,4,1,2,0,1,3,4
970,3,0,1,1,0,1,1,0,2,0,1,1,2,2,0,0,1,2,0,1,0,0,1,0,0,0,0,1,1,0,3,1,0,2,0,0,0,2,2,0,0,2,0,0,0,2,0,0,0,0,1,1,0,1,2,2,0,2,1,0,0,1,1,1,2,3,1,0,0,0,0,0,1,0,1,1,0,5,2,0,2,1,1,0,0,1,4,1,5,4,1,2,0,1,3,4
971,3,0,1,1,0,1,1,0,2,0,1,1,2,2,0,0,1,2,0,1,0,0,1,0,0,0,0,1,1,0,3,1,0,2,0,0,0,2,2,0,0,2,0,0,0,2,0,0,0,0,1,1,0,1,2,2,0,2,1,0,0,1,1,1,2,3,1,0,0,0,0,0,1,0,2,1,0,5,2,0,2,1,1,0,0,1,4,1,5,4,1,2,0,1,3,4
972,3,0,1,1,0,1,1,0,2,0,1,1,2,2,0,0,1,2,0,1,0,0,1,0,0,0,0,1,1,0,3,1,0,2,0,0,0,2,2,0,0,2,0,0,0,2,0,0,0,0,1,1,0,1,2,2,0,2,1,0,0,1,1,1,2,3,1,0,0,0,0,0,1,0,2,1,0,5,2,0,2,1,1,0,0,1,4,1,5,4,1,2,0,1,3,4
973,3,0,1,1,0,1,1,0,2,0,1,1,2,2,0,0,1,2,0,1,0,0,1,0,0,0,0,1,1,0,3,1,0,2,0,0,0,2,2,0,0,2,0,0,0,2,0,0,0,0,1,1,0,1,2,2,0,2,1,0,0,1,1,1,2,3,1,0,0,0,0,0,1,0,2,1,0,5,2,0,2,1,1,0,0,1,4,1,5,4,1,2,0,1,3,4
974,3,0,1,1,0,1,1,0,2,0,1,1,2,2,0,0,1,2,0,1,0,0,1,0,0,0,0,1,1,0,3,1,0,2,0,0,0,2,2,0,0,2,0,1,0,2,0,0,0,0,1,1,0,1,2,2,0,2,1,0,0,1,1,1,2,3,1,0,0,0,0,0,1,0,2,1,0,5,2,0,2,1,1,0,0,1,4,1,5,4,1,2,0,1,3,4
975,3,0,1,1,0,1,1,0,2,0,1,1,2,2,0,0,1,2,0,1,0,0,1,0,0,0,0,1,1,0,3,1,0,2,0,0,0,2,2,0,0,2,0,1,0,2,0,0,0,0,1,1,0,1,2,2,0,2,1,0,0,2,1,1,2,3,1,0,0,0,0,0,1,0,2,1,0,5,2,0,2,1,1,0,0,1,4,1,5,4,1,2,0,1,3,4
976,3,0,1,1,0,1,1,0,2,0,1,1,2,2,0,0,1,2,0,1,0,0,1,0,0,0,0,1,1,0,3,1,0,2,0,0,0,2,2,0,0,2,0,1,0,2,0,0,0,0,1,1,0,1,2,2,0,2,1,0,0,2,1,1,2,3,1,0,0,0,0,0,1,0,2,1,0,5,2,0,2,1,1,0,0,1,4,1,5,4,1,2,0,1,3,4
977,3,0,1,1,0,1,1,0,2,0,1,1,2,2,0,0,1,2,0,1,0,0,1,0,0,0,0,1,1,0,3,1,0,2,0,0,0,2,2,0,0,2,0,1,0,2,0,0,0,0,1,1,0,1,2,2,0,2,1,0,0,2,1,1,2,3,1,0,0,0,0,0,1,0,2,1,0,5,2,0,2,1,1,0,0,1,4,1,5,4,1,2,0,1,3,4
978,3,0,1,1,0,1,1,0,2,0,1,1,2,2,0,0,1,2,0,1,0,0,1,0,0,0,0,1,1,0,3,1,0,2,0,0,0,2,2,0,0,2,0,1,0,2,0,0,0,0,1,1,0,1,2,2,0,2,1,0,0,2,1,1,2,3,1,0,0,0,0,0,1,0,2,1,0,5,2,0,2,1,1,0,0,1,4,1,6,4,1,2,0,1,3,4
979,3,0,1,1,0,1,1,0,2,0,1,1,2,2,0,0,1,2,0,1,0,0,1,0,0,0,0,1,1,0,3,1,0,2,0,0,0,1,2,0,0,2,0,1,0,2,0,0,0,0,1,1,0,1,2,2,0,2,1,0,0,2,1,1,2,3,1,0,0,0,0,0,1,0,2,1,0,5,2,0,2,1,1,0,0,1,4,1,6,4,1,2,0,1,3,4
980,3,0,1,1,0,1,1,0,2,0,1,1,2,2,0,0,1,2,0,1,0,0,1,0,0,0,0,1,1,0,3,1,0,2,0,0,0,1,2,0,0,2,0,1,0,2,0,0,0,0,1,1,0,1,2,2,0,2,1,0,0,2,1,1,2,3,1,0,0,0,0,0,1,0,2,1,0,5,2,0,2,1,1,0,0,1,4,1,6,4,1,2,0,1,3,4
981,3,0,1,1,0,1,1,0,2,0,1,1,2,2,0,0,1,2,0,1,0,0,1,0,0,0,0,1,1,0,3,1,0,2,0,0,0,1,2,0,0,2,0,1,0,2,0,0,0,0,1,1,0,1,2,2,0,2,1,0,0,2,1,1,2,3,1,0,0,0,0,0,1,0,2,1,0,5,2,0,2,1,1,0,0,1,4,1,6,4,1,2,0,1,3,4
982,3,0,1,1,0,1,1,0,2,0,1,1,2,2,0,0,1,2,0,1,0,0,1,0,0,0,0,1,1,0,3,1,0,2,0,0,0,1,2,0,0,3,0,1,0,2,0,0,0,0,1,1,0,1,2,2,0,2,1,0,0,2,1,1,2,3,1,0,0,0,0,0,1,0,2,1,0,5,2,0,2,1,1,0,0,1,4,1,6,4,1,2,0,1,3,4
983,3,0,1,1,0,1,1,0,2,0,1,1,2,2,0,0,1,2,0,1,0,0,1,0,0,0,0,1,1,0,3,1,0,2,0,0,0,1,2,0,0,3,0,1,0,2,0,0,0,0,1,1,0,1,2,2,0,2,1,0,0,2,1,1,2,3,1,0,0,0,0,0,1,0,2,1,0,5,2,0,2,1,1,0,0,1,4,1,6,4,1,2,0,1,3,4
984,3,0,1,1,0,1,1,0,2,0,1,1,2,2,0,0,1,3,0,1,0,0,1,0,0,0,0,1,1,0,3,1,0,2,0,0,0,1,2,0,0,3,0,1,0,2,0,0,0,0,1,1,0,1,2,2,0,2,1,0,0,2,1,1,2,3,1,0,0,0,0,0,1,0,2,1,0,5,2,0,2,1,1,0,0,1,4,1,6,4,1,2,0,1,3,4
985,3,0,1,1,0,1,1,0,2,0,1,1,2,3,0,0,1,3,0,1,0,0,1,0,0,0,0,1,1,0,3,1,0,2,0,0,0,1,2,0,0,3,0,1,0,2,0,0,0,0,1,1,0,1,2,2,0,2,1,0,0,2,1,1,2,3,1,0,0,0,0,0,1,0,2,1,0,5,2,0,2,1,1,0,0,1,4,1,6,4,1,2,0,1,3,4
986,3,0,1,1,0,1,1,0,2,0,1,1,2,3,0,0,1,3,0,1,0,0,1,0,0,0,0,1,1,0,3,1,0,2,0,0,0,1,2,0,0,3,0,1,0,2,0,0,0,0,1,1,0,1,2,2,0,2,1,0,0,2,1,1,2,3,1,0,0,0,0,0,1,0,2,1,0,5,2,0,2,1,1,0,0,1,4,1,6,4,1,2,0,1,3,4
987,3,0,1,1,0,1,1,0,2,0,1,1,2,3,0,0,1,3,0,1,0,0,1,0,0,0,0,1,1,0,3,1,0,2,0,0,0,1,2,0,0,3,0,1,0,2,0,0,0,0,1,1,0,1,2,2,0,2,1,0,0,2,1,1,2,3,1,0,0,0,0,0,1,0,2,1,0,5,2,0,2,1,1,0,0,1,4,1,6,4,1,2,0,1,3,4
988,3,0,1,1,0,1,1,0,2,0,1,1,2,3,0,0,1,3,0,1,0,0,1,0,0,1,0,1,1,0,3,1,0,2,0,0,0,1,2,0,0,3,0,1,0,2,0,0,0,0,1,1,0,1,2,2,0,2,1,0,0,2,1,1,2,3,1,0,0,0,0,0,1,0,2,1,0,5,2,0,2,1,1,0,0,1,4,1,6,4,1,2,0,1,3,4
989,3,0,1,1,0,1,1,0,2,0,1,1,2,3,0,0,1,3,0,1,0,0,1,0,0,1,0,1,1,0,3,1,0,2,0,0,0,1,2,0,0,3,0,1,0,2,0,0,0,0,1,1,0,1,2,2,0,2,1,0,0,2,1,1,2,3,1,0,0,0,0,0,1,0,2,1,0,5,2,0,2,1,1,0,0,1,4,1,6,4,1,2,0,1,3,4
990,3,0,1,1,0,1,1,0,2,0,1,1,2,3,0,0,1,3,0,1,0,0,1,0,0,1,0,1,1,0,3,1,0,2,0,0,0,1,2,0,0,3,0,1,0,2,0,0,0,0,1,1,0,1,2,2,0,2,1,0,0,2,1,1,2,3,1,0,0,0,0,0,1,0,2,1,0,5,2,0,2,1,1,0,0,1,4,1,6,4,1,2,0,1,3,4
991,3,0,1,1,0,1,1,0,2,0,1,1,2,3,0,0,1,3,0,1,0,0,1,0,0,1,0,1,1,0,3,1,0,2,0,0,0,1,2,0,0,3,0,1,0,1,0,0,0,0,1,1,0,1,2,2,0,2,1,0,0,2,1,1,2,3,1,0,0,0,0,0,1,0,2,1,0,5,2,0,2,1,1,0,0,1,4,1,6,4,1,2,0,1,3,4
992,3,0,1,1,0,1,1,0,2,0,1,1,2,3,0,0,1,3,0,1,1,0,1,0,0,1,0,1,1,0,3,1,0,2,0,0,0,1,2,0,0,3,0,1,0,1,0,0,0,0,1,1,0,1,2,2,0,2,1,0,0,2,0,1,2,3,1,0,0,0,0,0,1,0,2,1,0,5,2,0,2,1,1,0,0,1,4,1,6,4,1,2,0,1,3,4
993,3,0,1,1,0,1,1,0,2,0,1,1,2,3,0,0,1,3,0,1,1,0,1,0,0,1,0,1,1,0,3,1,0,2,0,0,0,1,2,0,0,3,0,1,0,1,0,0,0,0,1,1,0,1,2,2,0,2,1,0,0,2,0,1,2,3,1,0,0,0,0,0,1,0,2,1,0,5,2,0,2,1,1,0,0,1,4,1,6,4,1,2,0,1,3,4
994,3,0,1,1,0,1,1,0,2,0,1,1,2,3,1,0,1,3,0,1,1,0,0,0,0,1,0,1,1,0,3,1,0,2,0,0,0,1,2,0,0,3,0,1,0,1,0,0,0,0,1,1,0,1,2,2,0,2,1,0,0,2,0,1,2,3,1,0,0,0,0,0,1,0,2,1,0,5,2,0,2,1,1,0,0,1,4,1,6,4,1,2,0,1,3,4
995,3,0,1,1,0,1,1,0,2,0,1,1,2,3,1,0,1,3,0,1,1,0,0,0,0,1,0,1,1,0,3,1,0,2,0,0,0,1,2,0,0,3,0,1,0,1,0,0,0,0,1,1,0,1,2,2,0,2,1,0,0,2,0,1,2,3,1,0,0,0,0,0,1,0,2,1,0,5,2,0,2,1,1,0,0,1,4,1,6,4,1,2,0,1,3,4
996,3,0,1,1,0,1,1,0,2,0,1,1,2,3,1,0,1,3,0,1,1,0,0,0,0,1,0,1,1,0,3,1,0,2,0,0,0,1,2,0,0,3,0,1,0,1,0,0,0,0,1,1,0,1,2,2,0,2,1,0,0,2,0,1,2,3,1,0,0,0,0,0,1,0,2,1,0,5,2,0,2,1,1,0,0,1,4,1,6,4,1,2,0,1,3,4
997,3,0,1,1,0,1,1,0,2,0,1,1,2,3,1,0,1,3,0,1,1,0,0,0,0,1,0,1,1,0,3,1,0,2,0,0,0,1,2,0,0,3,0,1,0,1,0,0,0,0,1,1,0,1,2,2,0,2,1,0,0,2,0,1,2,3,1,0,0,0,0,0,1,0,2,1,0,5,2,0,2,1,1,0,0,1,4,1,6,4,1,2,0,1,3,4
998,3,0,1,1,0,1,1,0,2,0,1,1,2,3,1,0,1,3,0,1,1,0,0,0,0,1,0,1,1,0,3,1,0,2,0,0,0,1,2,0,0,3,0,1,0,1,0,0,0,0,1,1,0,1,2,2,0,2,1,0,0,2,0,1,2,3,1,0,0,0,0,0,1,0,2,0,0,5,2,0,2,1,1,0,0,1,4,1,6,4,1,2,0,1,3,4
999,3,0,1,1,0,1,1,0,2,0,1,1,2,3,1,0,1,3,0,1,1,0,0,0,0,1,0,1,1,0,3,1,0,2,0,0,0,1,2,0,0,3,0,1,0,1,0,0,0,0,1,1,0,1,2,2,0,2,1,0,0,2,0,1,2,3,1,0,0,0,0,0,1,0,2,0,0,5,2,0,2,1,1,0,0,1,4,1,6,4,1,2,0,1,3,4
1000,3,0,1,1,0,1,1,0,2,0,1,1,2,3,1,0,1,3,0,1,1,0,0,0,0,1,0,1,1,0,3,1,0,2,0,0,0,1,2,0,0,3,0,1,0,1,0,0,0,0,1,1,0,1,2,2,0,2,1,0,0,2,0,1,2,3,1,0,0,0,0,0,1,0,2,0,0,5,2,0,2,1,1,0,0,1,4,1,6,4,1,2,0,1,3,4
1001,3,0,1,1,0,1,1,0,2,0,1,1,2,3,1,0,1,3,0,1,1,0,0,0,0,1,0,1,1,0,3,1,0,2,0,0,0,1,2,0,0,3,0,1,0,1,0,0,0,0,1,1,0,1,2,2,0,2,1,0,0,2,0,1,2,3,1,0,0,0,0,0,1,0,2,0,0,5,2,0,2,1,1,0,0,1,4,1,6,4,1,2,0,1,3,4
1002,3,0,1,1,0,1,1,0,2,0,1,1,2,3,1,0,1,3,0,1,1,0,0,0,0,1,0,1,1,0,3,1,0,2,0,0,0,1,2,0,0,3,0,1,0,1,0,0,0,0,1,1,0,1,2,2,0,2,1,0,0,2,0,1,2,3,1,0,1,0,0,0,1,0,2,0,0,5,2,0,2,1,1,0,0,1,4,1,6,4,1,2,0,1,3,4
1003,3,0,1,1,0,1,1,0,2,0,1,1,2,3,1,0,1,3,0,1,1,0,0,0,0,1,0,1,1,0,3,1,0,2,0,0,0,1,2,0,0,3,0,1,0,1,0,0,0,0,1,1,0,1,2,2,0,2,1,0,0,2,0,1,2,3,1,0,1,0,0,0,1,0,2,0,0,5,2,0,2,1,1,0,0,1,4,1,6,4,1,2,0,1,3,4
1004,3,0,1,1,0,1,1,0,2,0,1,1,2,3,1,0,1,3,0,1,1,0,0,0,0,1,0,1,1,0,3,1,0,2,0,0,0,1,2,0,0,3,0,1,0,1,0,0,0,0,1,1,0,1,2,2,0,2,1,0,0,2,0,1,2,3,1,0,1,0,0,0,1,0,2,0,0,5,2,0,2,1,1,0,0,1,4,1,6,4,1,2,0,1,3,4
1005,3,0,1,1,0,1,1,0,2,0,1,1,2,3,1,0,1,3,0,1,1,0,0,0,0,1,0,1,1,0,3,1,0,2,0,0,0,1,2,0,0,3,0,1,0,1,0,0,0,0,1,1,0,1,2,2,0,2,1,0,0,2,0,1,2,3,1,0,1,0,0,0,1,0,2,0,0,5,2,0,2,1,1,0,0,1,4,1,6,4,1,2,0,1,3,4
1006,3,0,1,1,0,1,1,0,2,0,1,1,2,3,1,0,1,3,0,1,1,0,0,0,0,1,0,1,1,0,3,1,0,2,0,0,0,1,2,0,0,3,0,1,0,1,0,0,0,0,1,1,0,1,2,2,0,2,1,0,0,2,0,1,2,3,1,0,1,0,0,0,1,0,2,0,0,5,2,0,2,1,1,0,0,1,4,1,6,4,1,2,0,1,3,4
1007,3,0,1,1,0,1,1,0,2,0,1,1,2,3,1,0,1,3,0,1,1,0,0,0,0,1,0,1,1,0,3,1,0,2,0,0,0,1,2,0,0,3,0,1,0,1,0,0,0,0,1,1,0,1,2,2,0,2,1,0,0,2,0,1,2,3,1,0,1,0,0,0,1,0,2,0,0,5,2,0,2,1,1,0,0,1,4,1,6,4,1,2,0,1,3,4
1008,3,0,1,1,0,1,1,0,2,0,1,1,2,3,1,0,1,3,0,1,1,0,0,0,0,1,0,0,1,0,3,1,0,2,0,0,0,1,2,0,0,3,0,1,0,1,0,0,0,0,1,1,0,1,2,2,0,2,1,0,0,2,0,1,2,3,1,0,1,0,0,0,1,0,2,0,0,5,2,0,2,2,1,0,0,1,4,1,6,4,1,2,0,1,3,4
1009,3,0,1,1,0,1,1,0,2,0,1,1,2,3,1,0,1,3,0,1,1,0,0,0,0,1,0,0,1,0,3,1,0,2,0,0,0,1,2,0,0,3,0,1,0,1,0,0,0,0,1,1,0,1,2,2,0,2,1,0,0,2,0,1,2,3,1,0,1,0,0,0,1,0,2,0,0,5,2,0,2,2,1,0,0,1,4,1,6,4,1,2,0,1,3,4
1010,3,0,1,1,0,1,1,0,2,0,1,1,2,3,1,0,1,3,0,1,1,0,0,0,0,1,0,0,1,0,3,1,0,2,0,0,0,1,2,0,0,3,0,1,0,1,0,0,0,0,1,1,0,1,2,2,0,2,1,0,0,2,0,1,2,3,1,0,1,0,0,0,1,0,2,0,0,5,2,0,2,2,1,0,0,1,4,1,6,4,1,2,0,1,3,4
1011,3,0,1,1,0,1,1,0,2,0,1,1,2,3,1,0,1,3,0,1,1,0,0,0,0,1,0,0,1,0,3,1,0,2,0,0,0,1,2,0,0,3,0,1,0,1,0,0,0,0,1,1,0,1,2,2,0,2,1,0,0,2,0,1,2,3,1,0,1,0,0,0,1,0,2,0,0,5,2,0,2,2,1,0,0,1,4,1,6,4,1,2,0,1,3,4
1012,3,0,1,1,0,1,1,0,2,0,1,1,2,3,1,0,1,3,0,1,1,0,0,0,0,1,0,0,1,0,3,1,0,2,0,0,0,1,2,0,0,3,0,1,0,1,0,0,0,0,1,1,0,1,2,2,0,2,1,0,0,2,0,1,2,3,1,0,1,0,0,0,1,0,2,0,0,5,2,0,2,1,1,0,0,1,4,1,6,4,1,2,0,1,3,4
1013,3,0,1,1,0,1,1,0,2,0,1,1,2,3,1,0,1,3,0,1,1,0,0,0,0,1,0,0,1,0,3,1,0,2,0,0,0,1,2,0,0,3,0,1,0,1,0,0,0,0,1,1,0,1,2,2,0,2,1,0,0,2,0,1,2,3,1,0,1,0,0,0,1,0,2,0,0,5,2,0,2,1,1,0,0,1,4,1,6,4,1,2,0,1,3,4
1014,3,0,1,1,0,1,1,0,2,0,1,1,2,3,1,0,1,3,0,1,1,0,0,0,0,1,0,0,1,0,3,1,0,2,0,0,0,1,2,0,0,3,0,1,0,1,0,0,0,0,1,1,0,1,2,2,0,2,1,0,0,2,0,1,2,3,1,0,1,0,0,0,1,0,2,0,0,5,2,0,2,1,1,0,0,1,4,1,6,4,1,2,0,1,3,4
1015,3,0,1,1,0,1,1,0,2,0,1,1,2,3,1,0,1,3,0,1,1,0,0,0,0,1,0,0,1,0,3,1,0,2,0,0,0,1,2,0,0,3,0,1,0,1,0,0,0,0,1,1,0,1,2,2,0,2,1,0,0,2,0,1,2,2,1,0,1,0,0,0,1,0,2,0,0,5,2,0,2,1,1,0,0,1,4,1,6,4,1,2,0,1,3,4
1016,3,0,1,1,0,1,1,0,2,0,1,1,2,3,1,0,1,3,0,1,1,0,0,0,0,1,0,0,1,0,3,1,0,2,0,0,0,1,2,0,0,3,0,1,0,1,0,0,0,0,1,1,0,1,2,2,0,2,1,0,0,2,0,1,2,2,1,0,1,0,0,0,1,0,2,0,0,5,2,0,2,1,1,0,0,1,4,1,6,4,1,2,0,1,3,4
1017,3,0,1,1,0,1,1,0,3,0,1,1,2,3,1,0,1,3,0,1,1,0,0,0,0,1,0,0,1,0,3,1,0,2,0,0,0,1,2,0,0,3,0,1,0,1,0,0,0,0,1,1,0,1,2,2,0,2,1,0,0,2,0,1,2,2,1,0,1,0,0,0,1,0,2,0,0,5,2,0,2,1,1,0,0,1,4,1,6,4,1,2,0,1,3,4
1018,3,0,1,1,0,1,1,0,3,0,1,1,2,3,1,0,1,3,0,1,1,0,0,0,0,1,0,0,1,0,3,1,0,2,0,0,0,1,2,0,0,3,0,1,0,1,1,0,0,0,1,1,0,1,2,2,0,2,1,0,0,2,0,1,2,2,1,0,1,0,0,0,1,0,2,0,0,5,3,0,2,1,1,0,0,1,4,1,6,4,1,2,0,1,3,4
1019,3,0,1,1,0,1,1,0,3,0,1,1,2,3,1,0,1,3,0,1,1,0,0,0,0,1,0,0,1,0,3,1,0,2,0,0,0,1,2,0,0,3,0,1,0,1,1,0,0,0,1,1,0,1,2,2,0,2,1,0,0,2,0,1,2,2,1,0,1,0,0,0,1,0,2,0,0,5,3,0,3,1,1,0,0,1,4,1,6,5,1,2,0,1,3,4
1020,3,0,1,1,0,1,1,0,3,0,1,1,2,3,1,0,1,3,0,1,1,0,0,0,0,1,0,0,1,0,3,1,0,2,0,0,0,1,2,0,0,3,0,1,0,1,1,0,0,0,1,1,0,1,2,2,0,2,1,0,0,2,0,1,2,2,1,0,1,0,0,0,1,0,2,0,0,5,3,0,3,1,1,0,0,1,4,1,6,5,1,2,0,1,3,4
1021,3,0,1,1,0,1,1,0,3,0,1,1,2,3,1,0,1,3,0,1,1,0,0,0,0,1,0,0,1,0,3,1,0,2,0,0,0,1,2,0,0,3,0,1,0,1,1,0,0,0,1,1,0,1,2,2,0,2,1,0,0,2,0,1,2,2,1,0,1,0,0,0,1,0,2,0,0,5,3,0,3,1,1,0,0,1,4,1,6,5,1,2,0,1,3,4
1022,3,0,1,1,0,1,1,0,3,0,1,1,2,3,1,0,1,3,0,1,1,0,0,0,0,1,0,0,1,0,3,1,0,2,0,0,0,1,2,0,0,3,0,1,0,1,1,0,0,0,1,1,0,1,2,2,0,2,1,0,0,2,0,1,2,2,1,0,1,0,0,0,1,0,2,0,0,5,3,0,3,1,1,0,0,1,4,1,6,5,1,2,0,1,3,4
1023,3,0,1,1,0,1,1,0,3,0,1,1,2,3,1,0,1,3,0,1,1,0,0,0,0,1,0,0,1,0,3,1,0,2,0,0,0,1,2,0,0,3,0,1,0,1,1,0,0,0,1,1,0,1,2,2,0,2,1,0,0,2,0,1,2,2,1,0,1,0,0,0,1,0,2,0,0,5,3,0,3,1,1,0,0,1,4,1,6,5,1,2,0,1,3,4
1024,3,0,1,1,0,1,1,0,3,0,1,1,2,3,1,0,1,3,0,1,1,0,0,0,0,1,0,0,1,0,3,1,0,2,0,0,0,1,2,0,0,3,0,1,0,1,1,0,0,0,1,1,0,1,2,2,0,2,1,0,0,2,0,1,2,2,1,0,1,0,0,0,1,0,2,0,0,5,3,0,3,1,1,0,0,1,4,1,6,4,1,2,0,1,3,4
1025,3,0,1,1,0,1,1,0,3,0,1,1,2,3,1,0,1,3,0,1,1,0,0,0,0,1,0,0,1,0,3,1,0,2,0,0,0,1,2,0,0,3,0,1,0,1,2,0,0,0,1,1,0,1,2,2,0,2,1,0,0,2,0,1,2,2,1,0,1,0,0,0,1,0,2,0,0,5,3,0,3,1,1,0,0,1,4,1,6,4,1,2,0,1,3,4
1026,3,0,1,1,0,1,1,0,3,0,1,1,2,3,1,0,1,3,0,1,1,0,0,0,0,1,0,0,1,0,3,1,0,2,0,0,0,1,2,0,0,3,0,1,0,1,2,0,0,0,1,1,0,1,2,2,0,2,1,0,0,2,0,1,2,2,1,0,1,0,0,0,1,0,2,0,0,5,3,0,3,1,1,0,0,1,4,1,6,4,1,2,0,1,3,5
1027,3,0,1,1,0,1,1,0,3,0,1,1,2,3,1,0,1,3,0,1,1,0,0,0,0,1,0,0,1,0,3,1,0,2,0,0,0,1,2,0,0,3,0,1,0,1,3,0,0,0,1,1,0,1,2,2,0,2,1,0,0,2,0,1,2,2,1,0,1,0,0,0,1,0,2,0,0,5,3,0,3,1,1,0,0,1,4,1,6,4,1,2,0,1,3,6
1028,3,0,1,1,0,1,1,0,3,0,1,1,2,3,1,0,1,3,0,1,1,0,0,0,0,1,0,0,1,0,3,1,0,2,0,0,0,1,2,0,0,3,0,1,0,1,3,0,0,0,1,1,0,1,2,1,0,2,1,0,0,2,0,1,2,2,1,0,1,0,0,0,1,0,2,0,0,5,3,0,3,1,1,0,0,1,4,1,6,4,1,2,0,1,3,6
1029,3,0,1,1,0,1,1,0,3,0,1,1,2,3,1,0,1,3,0,1,1,0,0,0,0,1,0,0,1,0,3,1,0,2,0,0,0,1,2,0,0,3,0,1,0,1,3,0,0,0,1,1,0,1,2,1,0,2,1,0,0,2,0,1,2,2,1,0,1,0,0,0,1,0,2,0,0,5,3,0,3,1,1,0,0,1,4,1,6,4,1,2,0,1,3,6
1030,3,0,1,1,0,1,1,0,3,0,1,1,2,3,1,0,1,3,0,1,1,0,0,0,0,1,0,0,1,0,3,1,0,2,0,0,0,1,2,0,0,3,0,1,0,2,3,0,0,0,1,1,0,1,2,1,0,2,1,0,0,2,0,1,2,2,1,0,1,0,0,0,1,0,2,0,0,5,3,0,3,1,1,0,0,1,4,1,6,4,1,2,0,1,3,6
1031,3,0,1,1,0,1,1,0,3,0,1,1,2,3,1,0,1,3,0,1,1,0,0,0,0,1,0,0,1,0,3,1,0,2,0,0,0,1,2,0,0,3,0,1,0,2,3,0,0,0,1,1,0,1,2,1,0,2,1,0,0,2,0,1,2,2,1,0,1,0,0,0,1,0,2,0,0,5,3,0,3,1,1,0,0,1,4,1,6,4,1,2,0,1,3,6
1032,3,0,1,1,0,1,1,0,3,0,1,1,2,3,1,0,1,2,0,1,1,0,0,0,0,1,0,0,1,0,3,1,0,2,0,0,0,1,2,0,0,3,0,1,0,2,3,0,0,0,1,1,0,1,2,1,0,2,1,0,0,2,0,1,2,2,1,0,1,0,0,0,1,0,2,0,0,5,3,0,3,1,1,0,0,1,4,1,6,4,1,2,0,1,3,6
1033,4,0,1,1,0,1,1,0,3,0,1,1,2,3,1,0,1,2,0,1,1,0,0,0,0,1,0,0,1,0,3,1,0,2,0,0,0,1,2,0,0,3,0,1,0,2,3,0,0,0,1,1,0,1,2,1,0,2,1,0,0,2,0,1,2,2,1,0,1,0,0,0,1,0,2,0,0,5,3,0,3,1,1,0,0,1,4,1,6,4,1,2,0,1,3,6
1034,4,0,1,1,0,1,1,0,3,0,1,1,2,3,1,0,1,2,0,1,1,0,0,0,0,1,0,0,1,0,3,1,0,2,0,0,0,1,2,0,0,3,0,1,0,2,3,0,0,0,1,1,0,1,2,1,0,2,1,0,0,2,0,1,2,2,1,0,1,0,0,0,1,0,2,0,0,5,3,0,3,1,1,0,0,1,4,1,6,4,1,2,0,1,3,6
1035,4,0,1,1,0,1,1,0,3,0,1,1,2,3,1,0,1,2,0,1,1,0,0,0,0,1,0,0,1,0,3,1,0,2,0,0,0,1,2,0,0,3,0,1,0,2,3,0,0,0,1,1,0,1,2,1,0,2,1,0,0,2,0,1,2,2,1,0,1,0,0,0,1,0,2,0,0,5,3,0,3,1,1,0,0,1,4,1,6,4,1,2,0,1,3,6
1036,4,0,1,1,0,1,1,0,3,0,1,1,2,3,1,0,1,2,0,1,1,0,0,0,0,1,0,0,1,0,3,1,0,2,0,0,0,1,2,0,0,3,0,1,0,2,3,0,0,0,1,1,0,1,2,1,0,2,1,0,0,2,0,1,2,2,1,0,1,0,0,0,1,0,2,0,0,5,3,0,3,1,1,0,0,1,4,1,6,4,0,2,0,1,3,6
1037,4,0,1,1,0,1,1,0,3,0,1,1,2,3,1,0,1,2,0,1,1,0,0,0,0,1,0,0,1,0,3,1,0,2,0,0,0,1,2,0,0,3,0,1,0,2,3,0,0,0,1,1,0,1,2,1,0,2,1,0,0,2,0,1,2,2,1,0,1,0,0,0,1,0,2,0,0,5,3,0,3,1,2,0,0,1,4,1,6,4,0,2,0,1,3,6
1038,4,0,1,1,0,2,1,0,3,0,1,1,2,3,1,0,1,2,0,1,1,0,0,0,0,1,0,0,1,0,3,1,0,2,0,0,0,1,2,0,0,3,0,1,0,2,3,0,0,0,0,1,0,1,2,1,0,2,1,0,0,2,0,1,2,2,1,0,1,0,0,0,1,0,2,0,0,5,3,0,3,1,2,0,0,1,4,1,6,4,0,2,0,1,3,6
1039,5,0,1,1,0,2,1,0,3,0,1,1,2,3,1,0,1,2,0,1,1,0,0,0,0,1,0,0,1,0,3,1,0,2,0,0,0,1,2,0,0,3,0,1,0,2,3,0,0,0,0,1,0,1,2,1,0,2,1,0,0,2,0,1,2,2,1,0,1,0,0,0,2,0,2,0,0,5,3,0,3,1,2,0,0,1,4,1,6,4,0,2,0,1,3,6
1040,5,0,1,1,0,2,1,0,3,0,1,1,2,3,1,0,1,2,0,1,1,0,0,0,0,1,0,0,1,0,3,1,0,2,0,0,0,1,2,0,0,3,0,1,0,2,3,0,0,0,0,1,0,1,2,1,0,2,1,0,0,2,0,1,2,2,1,0,1,0,0,0,2,0,2,0,0,5,3,0,3,1,2,0,0,1,4,1,6,4,0,2,0,1,3,6
1041,5,0,1,1,0,2,1,0,3,0,1,1,2,3,1,0,1,2,0,1,1,0,0,0,0,1,0,0,1,0,3,1,0,2,0,0,0,1,2,0,0,3,0,1,0,2,3,0,0,0,0,1,0,1,2,1,0,2,1,0,0,2,0,1,2,2,1,0,1,0,0,0,2,0,2,0,0,5,3,0,4,1,2,1,0,1,4,1,6,4,0,2,0,1,3,6
1042,5,0,1,1,0,2,1,0,3,0,1,1,2,3,1,0,1,2,0,1,1,0,0,0,0,1,0,0,1,0,2,1,0,2,0,0,0,1,2,0,0,3,0,1,0,2,3,0,0,0,0,1,0,1,2,1,0,2,1,0,0,2,0,1,2,2,1,0,1,0,0,0,2,0,2,0,0,5,3,0,4,1,2,1,0,1,4,1,6,4,0,2,0,1,3,6
1043,5,0,1,1,0,2,1,0,3,0,1,1,2,3,1,0,1,2,0,1,1,0,0,0,0,1,0,0,1,0,2,1,0,2,0,0,0,1,2,0,0,3,0,1,0,2,3,0,0,0,0,1,0,1,2,1,0,2,1,0,0,2,0,1,2,2,1,0,1,0,0,0,2,0,2,0,0,5,3,0,4,1,2,1,0,1,4,1,6,4,0,2,0,1,3,6
1044,5,0,1,1,0,2,1,0,3,0,1,1,2,3,1,0,1,2,0,1,1,0,0,0,0,1,0,0,1,0,3,1,0,2,0,0,0,2,2,0,0,3,0,1,0,2,3,0,0,0,0,1,0,1,2,1,0,2,1,0,0,2,0,1,2,2,1,0,1,0,0,0,2,0,2,0,0,5,3,0,4,1,2,1,0,1,4,1,6,4,0,2,0,1,3,6
1045,5,0,1,1,0,2,1,0,3,0,1,1,2,3,1,0,1,2,0,1,1,0,0,0,0,1,0,0,1,0,3,1,0,2,0,0,0,2,2,0,0,3,0,1,0,2,3,0,0,0,0,1,0,1,2,1,0,2,1,0,0,3,0,1,2,2,1,0,1,0,0,0,2,0,2,0,0,5,3,0,4,1,2,1,0,1,4,1,6,4,0,2,0,1,3,6
1046,5,0,1,1,0,2,1,0,3,0,1,1,2,3,1,0,1,2,0,1,1,0,0,0,0,1,0,0,1,0,3,1,0,2,0,0,0,2,2,0,0,3,0,1,0,2,3,0,0,0,0,1,0,1,2,1,0,2,1,0,0,3,0,1,2,2,1,0,1,0,0,0,2,0,2,0,0,5,3,0,4,1,2,1,0,1,4,1,6,4,0,2,0,1,3,6
1047,5,0,1,1,0,2,1,0,3,0,1,1,2,3,1,0,1,2,0,1,1,0,0,0,0,1,0,0,1,0,3,1,0,2,0,0,0,2,2,0,0,3,0,1,0,2,3,0,0,0,0,1,0,1,2,1,0,3,1,0,0,3,0,1,2,2,1,0,1,0,0,0,2,0,2,0,0,5,3,0,4,1,2,1,0,1,4,1,6,4,0,2,0,1,3,6
1048,5,0,1,1,0,2,1,0,2,0,1,1,2,3,1,0,1,2,0,1,1,0,0,0,0,1,0,0,1,0,3,1,0,2,0,0,0,2,2,0,0,3,0,1,0,2,3,0,0,0,0,1,0,1,2,1,0,3,1,0,0,3,0,1,2,2,1,0,1,0,0,0,2,0,2,0,0,5,3,0,4,1,2,1,0,1,4,1,6,4,0,2,0,1,3,6
1049,5,0,1,1,0,2,1,0,2,0,1,1,2,3,1,0,1,2,0,1,1,0,0,0,0,1,0,0,1,0,3,1,0,2,0,0,0,2,2,0,0,3,0,1,0,2,3,0,0,0,0,1,0,1,2,1,0,3,1,0,0,3,0,1,2,2,1,0,1,0,0,0,2,0,2,0,0,5,3,0,4,1,2,1,0,1,4,1,6,4,0,2,0,1,3,6
1050,5,0,1,1,0,2,1,0,2,0,1,1,2,3,1,0,1,2,0,1,1,0,0,0,0,1,0,0,1,0,3,1,0,2,0,0,0,2,2,0,0,3,0,1,0,2,3,0,0,0,0,1,0,1,2,1,0,3,1,0,0,3,0,1,2,2,1,0,1,0,0,0,2,0,2,0,0,5,3,0,4,1,2,1,0,1,4,1,6,4,0,2,0,1,3,6
1051,5,0,1,1,0,2,1,0,2,0,1,1,2,3,1,0,1,2,0,1,1,0,0,0,0,1,0,0,1,0,3,1,0,2,0,0,0,2,2,0,0,3,0,1,0,2,3,0,0,0,0,1,0,1,2,1,0,3,1,0,0,3,0,1,2,2,1,0,1,0,0,0,2,0,2,0,0,5,3,0,4,1,2,1,0,1,4,1,6,4,0,2,0,1,3,6
1052,5,0,1,1,0,2,1,0,2,0,1,1,2,3,1,0,1,1,0,1,1,0,0,0,0,1,0,0,1,0,3,1,0,2,0,0,0,2,2,0,0,3,0,1,0,2,3,0,0,0,0,1,0,1,2,1,0,3,1,0,0,3,0,1,2,2,1,0,1,0,0,0,2,0,2,0,0,5,3,0,4,1,2,1,0,1,4,1,6,4,0,2,0,1,3,6
1053,5,0,1,1,0,2,1,0,2,0,1,1,3,3,1,0,1,1,0,1,1,0,0,0,0,1,0,0,1,0,3,1,0,2,0,0,0,2,2,0,0,3,0,1,0,2,3,0,0,0,0,1,0,1,2,1,0,3,1,0,0,3,0,1,2,2,1,0,1,0,0,0,2,0,2,0,0,5,3,0,4,1,2,1,0,1,4,1,6,4,0,2,0,1,3,6
1054,5,0,1,1,0,2,1,0,2,0,1,1,3,3,1,0,1,1,0,1,1,0,0,0,0,1,0,0,1,0,3,1,0,2,0,0,0,2,2,0,0,3,0,1,0,2,3,0,0,0,0,1,0,1,2,1,0,3,1,0,0,3,0,1,2,2,1,0,1,0,0,0,2,0,2,0,0,5,3,0,4,1,2,1,0,1,4,1,6,4,0,2,1,1,3,6
1055,5,0,1,1,0,2,1,0,2,0,1,1,3,3,1,0,1,1,0,1,1,0,0,0,0,1,0,0,1,0,3,1,0,2,0,0,0,2,2,0,0,3,0,1,0,2,3,0,0,0,0,1,0,1,2,1,0,3,1,0,0,3,0,1,2,2,1,0,1,0,0,0,2,0,2,0,0,5,3,0,4,1,2,1,0,1,4,1,6,4,0,2,1,1,3,6
1056,5,0,1,1,0,2,1,0,2,0,1,1,3,3,1,0,1,1,0,1,1,1,0,0,0,1,0,0,1,0,3,1,0,2,0,0,0,2,2,0,0,3,0,1,0,2,3,0,0,0,0,1,0,1,2,1,0,3,1,0,0,3,0,1,2,2,1,0,1,0,0,0,2,0,2,0,0,5,3,0,4,1,2,1,0,1,4,1,6,4,0,2,1,1,3,6
1057,5,0,1,1,0,2,1,0,2,0,1,0,3,4,1,0,1,1,0,1,1,1,0,0,0,1,0,0,1,0,3,1,0,2,0,0,0,2,2,0,0,3,0,1,0,2,3,0,0,0,0,1,0,1,2,1,0,3,1,0,0,3,0,1,2,2,1,0,1,0,0,0,1,0,2,0,0,5,3,0,4,1,2,1,0,1,4,1,6,4,0,2,1,1,3,6
1058,5,0,1,1,0,2,1,0,2,0,1,0,3,4,1,0,1,1,0,1,1,1,0,0,0,1,0,0,1,0,3,1,0,2,0,0,0,2,2,0,0,3,0,1,0,2,3,0,0,0,0,1,0,1,2,1,0,3,1,0,0,3,0,1,2,2,1,0,1,0,0,0,1,0,2,0,0,5,3,0,4,1,2,1,0,1,4,1,6,4,0,2,1,1,3,6
1059,5,0,1,1,0,2,1,0,2,0,1,0,3,4,1,0,1,1,0,1,1,1,0,0,0,1,0,0,1,0,3,1,0,2,0,0,0,2,3,0,0,3,0,1,0,2,3,0,0,0,0,1,0,1,2,1,0,3,1,0,0,3,0,1,2,2,1,0,1,0,0,0,1,0,2,0,0,5,3,0,4,1,2,1,0,1,4,1,6,4,0,2,1,1,3,6
1060,5,0,1,1,0,2,1,0,2,0,1,0,3,4,1,0,1,1,0,1,1,1,0,0,0,1,0,0,1,0,3,1,0,2,0,0,0,2,3,0,0,3,0,1,0,2,3,0,0,0,0,1,0,1,2,1,0,3,1,0,0,3,0,1,2,2,1,0,1,0,0,0,1,0,2,0,0,5,3,0,4,1,2,1,0,1,4,1,6,4,0,2,1,1,3,6
1061,5,0,1,1,0,2,1,0,2,0,1,0,3,4,1,0,1,1,0,1,1,1,0,0,0,1,0,0,1,0,3,1,0,2,0,0,0,2,3,0,0,3,0,1,0,2,3,0,0,0,0,1,0,1,2,1,0,3,1,0,0,3,0,1,2,2,1,0,1,0,0,0,1,0,2,0,0,5,3,0,4,1,2,1,0,1,4,1,6,4,0,2,1,1,3,6
1062,5,0,1,1,0,2,1,0,2,0,1,0,3,4,1,0,1,1,0,1,1,1,0,0,0,1,0,0,1,0,3,1,0,2,0,0,0,2,3,0,0,3,0,1,0,2,3,0,0,0,0,1,0,1,2,1,0,3,1,0,0,3,0,1,2,2,1,0,1,0,0,0,1,0,2,0,0,5,3,0,4,1,2,1,0,1,4,1,6,4,0,2,1,1,3,6
1063,5,0,1,1,0,2,1,0,2,0,1,0,3,4,1,0,1,1,0,1,1,1,0,0,0,1,0,0,1,0,2,1,0,2,0,0,0,2,3,0,0,3,0,1,0,2,3,0,0,0,0,1,0,1,2,1,0,3,1,0,0,3,0,1,2,2,1,0,1,0,0,0,1,0,2,0,0,5,3,0,4,1,2,1,0,1,4,1,6,4,0,2,1,1,3,6
1064,5,0,1,1,0,2,1,0,2,0,1,0,3,4,1,0,1,1,0,1,1,1,0,0,0,1,0,0,1,0,2,1,0,2,0,0,0,2,2,0,0,3,0,1,0,2,3,0,0,0,0,1,0,1,2,1,0,3,1,0,0,3,0,1,2,2,1,0,1,0,0,0,1,0,2,0,0,6,3,0,4,1,2,1,0,1,3,1,6,4,0,2,1,1,3,6
1065,5,0,1,1,0,2,1,0,2,0,1,0,3,4,1,0,1,1,0,1,1,1,0,0,0,1,0,0,1,0,2,1,0,2,0,0,0,2,2,0,0,3,0,1,0,2,3,0,0,0,0,1,0,1,2,1,0,3,1,0,0,3,0,1,2,2,1,0,1,0,0,0,1,0,2,0,0,6,3,0,4,1,2,1,0,1,3,1,6,4,0,2,1,1,3,6
1066,5,0,1,1,0,2,1,0,2,0,1,0,3,4,1,0,1,1,0,1,1,1,0,0,0,1,0,0,1,0,2,1,0,2,0,0,0,2,2,0,0,3,0,1,0,2,3,0,0,0,0,1,0,1,2,1,0,3,1,0,0,3,0,1,2,2,1,0,1,0,0,0,1,0,2,0,0,6,3,0,4,1,2,1,0,1,3,1,6,4,0,2,1,1,3,6
1067,5,0,1,1,0,2,1,0,2,0,1,0,3,4,1,0,1,1,0,1,1,1,0,0,0,1,0,0,1,0,2,1,0,2,0,0,0,2,2,0,0,3,0,1,0,2,3,0,0,0,0,1,0,1,2,1,0,3,1,0,0,3,0,1,2,2,1,0,1,0,0,0,1,0,2,0,0,6,3,0,4,1,2,1,0,1,3,1,6,4,0,2,1,1,4,6
1068,5,0,1,1,0,2,1,0,2,0,1,0,3,3,1,0,1,1,0,1,1,1,0,0,0,1,0,0,1,0,2,1,0,2,0,0,0,2,2,0,0,3,0,1,0,2,3,0,0,0,0,1,0,1,2,1,0,3,1,0,0,3,0,1,2,2,1,0,1,0,0,0,1,0,2,0,0,6,3,0,4,1,2,1,0,0,3,1,6,4,0,2,2,1,4,6
1069,5,0,1,1,0,3,1,0,2,0,1,0,3,3,1,0,1,1,0,1,1,1,0,0,0,1,0,0,1,0,2,1,0,2,0,0,0,2,2,0,0,3,0,1,0,2,3,0,0,0,0,1,0,1,2,1,0,3,1,0,0,3,0,1,2,2,1,0,1,0,0,0,1,0,2,0,0,6,3,0,4,1,2,1,0,0,3,1,5,4,0,2,2,1,4,6
1070,5,0,1,1,0,3,1,0,2,0,1,0,3,3,1,0,1,1,0,1,1,1,0,0,0,1,0,0,1,0,2,1,0,1,0,0,0,2,2,0,0,3,0,1,0,2,3,0,0,0,0,1,0,1,2,1,0,3,1,0,0,3,0,1,2,2,1,0,1,0,0,0,1,0,2,0,0,6,3,0,4,1,2,1,0,0,3,1,5,4,0,2,2,1,4,6
1071,5,0,1,1,0,3,1,0,2,0,1,0,3,3,1,0,1,1,0,1,1,1,0,0,0,1,0,0,1,0,2,1,0,1,0,0,0,2,2,0,0,4,0,1,0,2,3,0,0,0,0,1,0,1,2,1,0,3,1,0,0,3,0,1,2,2,1,0,1,0,0,0,1,0,2,0,0,6,3,0,4,1,2,1,0,0,3,1,5,4,0,2,2,1,4,6
1072,5,0,1,1,0,3,1,0,2,0,1,0,3,3,1,0,1,1,0,1,1,1,0,0,0,1,0,0,1,0,2,1,0,1,0,0,0,2,2,0,0,4,0,1,0,2,3,0,0,0,0,1,0,1,2,1,0,3,1,0,0,3,0,1,2,2,1,0,1,0,0,0,1,0,2,0,0,6,3,0,4,1,2,1,0,0,3,1,5,4,0,2,2,1,4,6
1073,5,0,1,2,0,3,1,0,2,0,1,0,3,3,1,0,1,1,0,1,1,1,0,0,0,1,0,0,1,0,2,1,0,1,0,0,0,2,2,0,1,4,0,1,0,2,3,0,0,0,0,1,0,1,2,1,0,3,0,0,0,3,0,1,2,2,1,0,1,0,0,0,1,0,2,0,0,6,3,0,4,1,1,1,0,0,3,1,5,4,0,2,2,1,4,6
1074,5,0,1,2,0,3,1,0,2,0,1,0,3,3,1,0,1,1,0,1,1,1,0,0,0,1,0,0,1,0,2,1,0,1,0,0,0,2,2,0,1,4,0,1,0,2,3,0,0,0,0,1,0,1,2,1,0,3,0,0,0,3,0,1,2,2,1,0,1,0,0,0,1,0,2,0,0,6,3,0,4,1,1,1,0,0,3,1,5,4,0,2,2,1,4,6
1075,5,0,1,2,0,3,1,0,2,0,1,0,3,3,1,0,1,1,0,1,1,1,0,0,0,1,0,0,1,0,2,1,0,1,0,0,0,2,2,0,1,4,0,1,0,2,3,0,0,0,0,1,0,1,2,1,0,3,0,0,0,3,0,1,2,2,1,0,2,0,0,0,1,0,2,0,0,6,3,0,4,1,1,1,0,0,3,1,5,4,0,2,2,1,4,6
1076,5,0,1,2,0,3,1,0,2,0,1,0,3,3,1,0,1,1,0,1,1,1,0,0,0,1,0,0,1,0,2,1,0,1,0,0,0,2,2,0,1,4,0,1,0,2,3,0,0,0,0,1,0,1,2,1,0,3,0,0,0,3,0,1,2,2,1,0,2,0,0,0,1,0,2,0,0,6,3,0,4,1,1,1,0,0,3,1,5,4,0,2,2,1,4,6
1077,5,0,1,2,0,3,1,0,2,0,1,0,3,3,1,0,1,1,0,1,1,1,0,0,0,1,0,0,1,0,2,1,0,1,0,0,0,2,2,0,1,4,0,1,0,2,3,0,0,0,0,1,0,1,2,1,0,3,0,0,0,3,0,1,2,2,1,0,2,0,0,0,1,0,2,0,0,6,3,0,4,1,1,1,0,0,3,1,5,4,0,2,2,1,4,6
1078,5,0,1,2,0,3,1,0,2,0,1,0,3,3,1,0,1,1,0,1,1,1,0,0,0,1,0,0,1,0,2,1,0,1,0,0,0,2,2,0,1,4,0,1,0,2,3,0,0,0,0,1,0,1,2,1,0,3,0,0,0,3,0,1,2,2,1,0,2,0,0,0,1,0,2,0,0,6,3,0,4,1,1,1,0,0,3,1,5,4,0,2,2,1,4,6
1079,5,0,1,2,0,4,1,0,2,0,1,0,3,3,1,0,1,1,0,1,1,1,0,0,0,1,0,0,1,0,2,1,0,1,0,0,0,2,2,0,1,4,0,1,0,2,3,0,0,0,0,1,0,1,2,1,0,3,0,0,0,3,0,1,2,2,2,0,2,0,0,0,1,0,2,0,0,6,3,0,4,1,1,1,0,0,3,1,5,4,0,2,2,1,4,6
1080,5,0,1,2,0,4,1,0,2,0,1,0,3,3,1,0,1,1,0,1,1,1,0,0,0,1,0,0,1,0,2,1,0,1,0,0,0,2,2,0,1,4,0,1,0,2,3,0,0,0,0,1,0,1,2,1,0,3,0,0,0,3,0,1,2,2,2,0,2,0,0,0,1,0,2,0,0,6,3,0,4,1,1,1,0,0,3,1,5,4,0,2,2,1,4,6
1081,5,0,1,2,0,4,1,0,2,0,1,0,3,3,1,0,1,1,0,1,1,1,0,0,0,1,0,0,1,0,2,1,0,1,0,0,0,2,2,0,1,4,0,1,0,2,3,0,0,0,0,1,0,1,2,1,0,3,0,0,0,3,0,1,2,2,2,0,2,0,0,0,1,0,2,0,0,6,3,0,4,1,1,1,0,0,3,1,5,4,0,2,2,1,4,6
1082,5,0,1,2,0,4,1,0,2,0,1,0,3,3,1,0,1,1,0,1,1,1,0,0,0,1,0,0,1,0,2,1,0,1,0,0,0,2,2,0,1,4,0,1,0,2,3,0,0,0,1,1,0,1,2,1,0,3,0,0,0,3,0,1,2,2,2,0,2,0,0,0,1,0,2,0,0,6,3,0,4,1,1,1,0,0,3,1,5,4,0,2,2,1,4,6
1083,5,0,1,2,0,4,1,0,2,0,1,0,3,3,1,0,1,1,0,1,1,1,0,1,0,1,0,0,1,0,2,1,0,1,0,0,0,2,2,0,1,4,0,1,0,2,3,0,0,0,1,1,0,1,2,1,0,3,0,0,0,3,0,1,2,2,2,0,2,0,0,0,1,0,2,0,0,6,3,0,4,1,1,1,0,0,3,1,5,4,0,2,2,1,4,6
1084,5,0,1,2,0,4,1,0,2,0,1,0,3,3,1,0,1,1,0,1,1,1,0,1,0,1,0,0,1,0,2,1,0,1,0,0,0,2,2,0,1,4,0,1,0,2,3,0,0,0,1,1,0,1,2,1,0,3,0,0,0,3,0,1,2,2,2,0,2,0,0,0,1,0,2,0,0,6,3,0,4,1,1,1,0,0,3,1,5,4,0,2,2,1,4,6
1085,5,0,1,2,0,4,1,0,2,0,1,0,2,3,1,0,1,1,0,1,1,1,0,1,0,1,0,0,1,0,2,1,0,1,0,0,0,2,2,0,1,4,0,1,0,2,3,0,0,0,1,1,0,1,2,1,0,3,0,0,0,3,0,1,2,2,2,0,2,0,0,0,1,0,2,0,0,6,3,0,4,1,1,1,0,0,3,1,5,3,0,2,2,1,4,6
1086,5,0,1,2,0,4,1,0,2,0,1,0,2,3,1,0,1,1,0,1,1,1,0,1,0,1,0,0,1,0,2,1,0,1,0,0,0,2,2,0,1,4,0,1,0,2,3,0,0,0,1,1,0,1,2,1,0,3,0,0,0,3,0,1,2,2,2,0,2,0,0,0,1,0,2,0,0,6,3,0,4,1,1,1,0,0,3,1,5,3,0,2,2,1,4,6
1087,5,0,1,2,0,4,1,0,2,0,1,0,2,3,1,0,1,1,0,2,1,1,0,1,0,1,0,0,1,0,2,1,0,1,0,0,0,2,2,0,1,4,0,1,0,2,3,0,0,0,1,1,0,1,2,1,0,3,0,0,0,3,0,1,2,2,2,0,2,0,0,0,1,0,2,0,0,6,3,0,4,1,1,1,0,0,3,1,5,3,0,2,2,1,4,6
1088,5,0,1,2,0,4,1,0,2,0,1,0,2,3,1,0,1,2,0,2,1,1,0,1,0,1,0,0,1,0,2,2,0,1,0,0,0,2,2,0,1,4,0,1,0,2,3,0,0,0,1,1,0,1,2,1,0,3,0,0,0,3,0,1,2,2,2,0,2,0,0,0,1,0,2,0,0,6,3,0,4,1,1,1,0,0,3,1,5,3,0,2,2,1,4,6
1089,5,0,1,2,0,4,1,0,2,0,1,0,2,3,1,0,1,2,0,2,1,1,0,1,0,1,0,0,1,0,2,2,0,1,0,0,0,2,2,0,1,4,0,1,0,2,3,0,0,0,1,1,0,1,2,1,0,3,0,0,0,3,0,1,2,2,2,0,2,0,0,0,1,0,2,0,0,6,3,0,3,1,1,1,0,0,3,1,5,3,0,2,2,1,4,6
1090,5,0,1,2,0,4,1,0,2,0,1,0,2,3,1,0,1,2,0,2,1,1,0,1,0,1,0,0,1,1,2,2,0,1,0,0,0,2,3,0,1,4,0,1,0,2,3,0,0,0,1,1,0,1,2,1,0,3,0,0,0,3,0,1,2,2,2,0,2,0,0,0,1,0,2,0,0,6,3,1,3,1,1,1,0,0,3,1,5,3,0,2,2,1,4,6
1091,5,0,1,2,0,4,1,0,2,0,1,0,2,3,1,0,1,2,0,2,1,1,0,1,0,1,0,0,1,1,2,2,0,1,0,0,0,2,3,0,1,4,0,1,0,2,3,0,0,0,1,1,0,1,2,1,0,3,0,0,0,3,0,1,2,2,2,0,2,0,0,0,1,0,2,0,0,6,3,1,3,1,1,2,0,0,3,1,5,3,0,2,2,1,4,6
1092,5,0,1,2,0,4,1,0,2,0,1,0,2,3,1,0,1,2,0,2,1,1,0,1,0,1,0,0,1,1,2,2,0,1,0,0,0,2,3,0,1,4,0,1,0,2,3,0,0,0,1,1,0,1,2,1,0,3,0,0,0,3,0,1,2,2,2,0,2,0,0,0,1,0,2,0,0,6,3,1,3,1,1,2,0,0,3,1,5,3,1,2,2,1,4,6
1093,5,0,1,2,0,4,1,0,2,0,1,0,2,3,1,0,1,2,0,2,1,1,0,1,0,1,0,0,1,1,2,2,0,1,0,0,0,2,3,0,1,4,0,1,0,2,3,0,0,0,1,1,0,1,2,1,0,3,0,0,0,3,0,1,2,2,2,0,2,0,0,0,1,0,2,0,0,6,3,1,3,1,1,2,0,0,3,1,5,2,1,2,2,1,4,6
1094,5,0,1,2,0,4,1,0,2,0,1,0,2,3,1,0,1,2,0,2,1,1,0,1,0,1,0,0,1,1,2,2,0,0,0,0,0,2,3,0,1,4,0,1,0,2,3,0,0,0,1,1,0,1,2,1,0,3,0,0,0,3,0,1,2,2,2,0,2,0,0,0,1,0,2,0,0,6,3,1,3,1,1,2,0,0,3,1,5,2,1,2,2,1,4,6
1095,5,0,1,2,0,4,1,0,2,0,1,0,2,3,1,0,1,2,0,2,1,1,0,1,0,1,0,0,1,1,2,2,0,0,0,0,0,2,3,0,1,4,0,1,0,2,3,0,0,0,1,1,0,1,2,1,0,3,0,0,0,3,0,1,2,2,2,0,2,0,0,0,1,0,2,0,0,6,3,1,3,1,1,2,0,0,3,1,6,2,1,2,2,1,4,6
1096,5,0,1,2,0,4,1,0,2,0,1,0,2,3,1,0,1,2,0,2,1,1,0,1,0,1,0,0,1,1,2,2,0,0,0,0,0,2,3,0,1,4,0,1,0,2,3,0,0,0,1,1,0,1,2,1,0,3,0,0,0,3,0,1,2,2,2,0,2,0,0,0,1,0,2,0,0,6,3,1,3,1,1,2,0,0,3,1,6,2,1,2,2,1,4,6
1097,5,0,1,2,0,4,1,0,2,0,1,0,2,3,1,0,1,2,0,2,1,1,0,1,0,1,0,0,1,1,2,2,0,0,0,0,0,2,3,0,1,4,0,1,0,2,3,0,0,0,1,1,0,1,2,1,0,3,0,0,0,3,0,1,2,2,2,0,2,0,1,0,1,0,2,0,0,6,3,1,3,1,1,2,0,0,3,1,6,2,1,2,2,1,4,6
1098,5,0,1,2,0,4,1,0,2,0,1,0,1,3,1,0,1,2,0,2,1,1,0,1,0,1,0,0,1,1,2,2,0,0,0,0,0,2,3,0,1,4,0,1,0,2,3,0,0,0,1,1,0,1,2,1,0,3,0,0,0,3,0,1,2,2,2,0,2,0,1,0,1,0,2,0,1,6,3,1,3,1,1,2,0,0,3,1,5,2,1,2,2,1,4,6
1099,5,0,1,2,0,4,1,0,2,0,1,0,1,2,1,0,1,2,0,2,1,1,0,1,0,1,0,0,1,1,2,2,0,0,0,0,0,2,3,0,1,4,0,1,0,2,3,0,0,0,1,1,0,1,2,1,0,3,0,0,0,3,0,1,2,2,2,0,2,0,1,0,1,0,2,0,1,6,3,1,3,1,1,2,0,0,3,1,5,2,1,2,2,1,4,6
1100,5,0,1,2,0,4,1,0,2,0,1,0,1,2,1,0,1,2,0,2,1,1,0,1,0,1,0,0,1,1,2,2,0,0,0,0,0,2,3,0,1,4,0,1,0,2,3,0,0,0,1,1,0,1,2,1,0,3,0,0,0,3,0,1,2,2,2,0,2,0,1,0,1,0,2,0,1,6,3,1,3,1,1,2,0,0,3,1,5,2,1,2,2,1,4,5
1101,5,0,1,2,0,4,1,0,2,0,1,0,1,2,1,0,1,2,0,2,1,1,0,1,0,1,0,0,1,1,2,2,0,0,0,0,0,2,3,0,1,4,0,1,0,2,3,0,0,0,1,1,0,1,1,1,0,3,0,0,0,3,0,1,2,2,2,0,2,0,1,0,1,0,2,0,1,6,3,1,3,1,1,2,0,0,3,1,5,3,1,2,2,1,4,5
1102,5,0,1,2,0,4,1,0,2,0,1,0,1,2,1,0,1,2,0,2,1,1,0,1,0,1,0,0,1,1,2,2,0,0,0,0,0,2,3,0,1,4,0,1,0,2,3,0,0,0,1,1,0,1,1,1,0,3,0,0,0,2,0,1,2,2,2,0,2,0,1,0,1,0,2,0,1,6,3,1,3,1,1,2,0,0,3,1,5,3,1,2,2,1,4,5
1103,5,0,1,2,0,4,1,0,2,0,1,0,1,2,1,0,1,2,0,2,1,1,0,1,0,1,0,0,1,1,2,2,0,0,0,0,0,2,3,0,1,4,0,1,0,2,3,0,0,0,1,1,0,1,1,1,0,3,0,0,0,2,0,1,2,2,2,0,2,0,1,0,1,0,2,0,1,6,3,1,3,1,1,2,0,0,3,1,5,3,1,2,2,1,4,5
1104,5,0,1,2,0,4,1,0,2,0,1,0,1,2,1,0,1,2,0,2,1,1,0,2,0,1,0,0,1,1,2,2,0,0,0,0,0,2,3,0,1,4,0,1,0,2,3,0,0,0,1,1,0,1,1,1,0,3,0,0,0,2,0,1,2,2,2,0,2,0,1,0,1,0,2,0,1,6,3,1,3,1,1,2,0,0,3,1,5,3,1,2,2,1,4,5
1105,5,0,1,2,0,4,1,0,2,0,1,0,1,2,1,0,1,2,0,2,1,1,0,2,0,1,0,0,1,1,2,2,0,0,0,0,0,2,3,0,1,4,0,1,0,2,3,0,0,0,1,1,0,1,1,1,0,3,0,0,0,2,0,1,2,2,2,0,2,0,1,0,1,0,2,0,1,6,3,1,3,1,1,2,0,0,3,1,5,3,1,2,2,1,4,5
1106,5,0,1,2,0,4,1,0,2,0,1,0,1,2,1,0,1,2,0,2,1,1,0,2,0,1,0,0,1,1,2,2,0,0,0,0,0,2,3,0,1,4,0,1,0,2,3,0,0,0,1,1,0,0,1,1,0,3,0,0,0,2,0,1,2,2,2,0,2,0,1,0,1,0,2,0,1,6,3,1,3,1,1,2,0,0,3,1,5,3,1,2,2,1,4,5
1107,5,0,1,2,0,4,1,0,2,0,1,0,1,2,1,0,1,2,0,2,1,1,0,2,0,1,0,0,1,1,2,2,0,0,0,0,0,2,3,0,1,4,0,1,0,2,3,0,0,0,1,1,0,0,1,1,0,3,0,0,0,2,0,1,2,2,2,0,2,0,1,0,1,0,2,0,1,6,3,1,3,1,1,2,0,0,3,0,6,3,1,2,2,1,4,5
1108,5,0,1,2,0,4,1,0,2,0,1,0,1,2,1,0,1,2,0,2,1,1,0,2,0,1,0,0,1,1,2,2,0,0,0,0,0,2,3,0,1,4,0,1,0,2,3,0,0,0,1,1,0,0,1,1,0,3,0,0,0,2,0,1,2,2,2,0,2,0,1,0,1,0,2,0,1,6,3,1,3,1,1,2,0,0,3,0,6,3,1,2,2,1,4,5
1109,5,0,1,2,0,4,1,0,2,0,1,0,1,2,1,1,1,2,0,2,1,1,0,2,0,1,0,0,1,1,2,2,0,0,0,0,0,2,3,0,1,4,0,1,0,2,3,0,0,0,1,1,0,0,1,1,0,3,0,0,0,2,0,1,2,2,2,0,2,0,1,0,1,0,2,0,1,6,3,1,3,1,1,2,0,0,3,0,6,3,1,2,2,1,4,5
1110,5,0,1,2,0,4,1,0,2,0,1,0,1,2,1,1,1,2,0,2,1,1,0,2,0,1,0,0,1,1,2,2,0,0,0,0,0,2,3,0,1,4,0,2,0,2,3,0,0,0,1,1,0,0,1,1,0,3,0,0,0,2,0,1,2,3,2,0,2,0,1,0,1,0,2,0,1,6,3,1,3,1,1,2,0,0,3,0,6,3,1,2,2,1,4,5
1111,5,0,1,2,0,4,1,0,2,0,1,0,1,2,1,1,1,2,0,2,1,1,0,2,0,1,0,0,1,1,2,2,0,0,0,0,0,2,3,0,1,4,0,2,0,2,3,0,0,0,1,1,0,0,1,1,0,3,0,0,0,2,0,1,2,3,2,0,2,0,1,0,1,0,2,0,1,6,3,1,4,1,1,2,0,0,3,0,6,3,1,2,2,1,4,5
1112,5,0,1,2,0,4,1,0,2,0,1,0,1,2,1,1,1,2,0,2,1,1,0,2,0,1,0,0,1,1,2,2,0,0,0,0,0,2,3,0,1,4,0,2,0,2,3,0,0,0,1,1,0,0,1,1,0,3,0,0,0,2,0,1,2,3,2,0,2,0,1,0,1,0,2,0,1,6,3,1,5,1,1,2,0,0,3,0,6,3,1,2,2,1,4,5
1113,5,0,1,2,0,4,1,0,2,0,1,0,1,2,1,1,1,2,0,2,1,1,0,2,0,1,0,0,1,1,2,2,0,0,0,0,0,2,3,0,1,4,0,2,0,2,3,0,0,0,1,1,0,0,1,1,0,3,0,0,0,2,0,1,2,3,2,0,2,0,1,0,1,0,2,0,1,6,3,1,5,1,1,2,0,0,3,0,6,3,1,2,2,1,4,5
1114,5,0,1,2,0,4,1,0,2,0,1,0,1,2,1,1,1,2,0,2,1,1,0,2,0,1,0,0,1,1,2,2,0,0,0,0,0,2,3,0,1,4,0,2,0,2,3,0,0,0,1,1,0,0,1,1,0,3,0,0,0,2,0,1,2,3,2,0,2,0,1,0,1,0,2,0,1,6,3,1,5,1,1,2,0,0,3,0,6,3,1,2,2,1,4,5
1115,4,0,1,2,0,4,1,0,2,0,1,0,2,2,1,1,1,2,0,2,1,1,0,2,0,1,0,0,1,1,2,2,0,0,0,0,0,2,3,0,1,4,0,2,0,2,3,0,0,0,1,1,0,0,1,1,0,3,0,0,0,2,0,1,2,3,2,0,2,0,1,0,1,0,2,0,1,6,3,1,5,1,1,2,0,0,3,0,6,3,1,2,2,1,4,5
1116,4,0,1,2,0,4,1,0,2,0,1,0,2,2,1,1,1,2,0,2,1,1,0,2,0,1,0,0,1,1,2,2,0,0,0,0,0,2,3,0,1,4,0,2,0,2,3,0,0,0,1,1,0,0,1,1,0,3,0,0,0,3,0,1,2,3,2,0,2,0,1,0,1,0,2,0,1,6,3,1,5,1,1,2,0,0,3,0,6,3,1,2,2,1,4,5
1117,4,0,1,2,0,4,1,0,2,0,1,0,2,2,1,1,1,2,0,2,1,1,0,2,0,1,0,0,1,1,2,2,0,0,0,0,0,2,3,0,1,4,0,2,0,2,3,0,0,0,1,1,0,0,1,1,0,3,0,0,0,3,0,1,2,3,2,0,2,0,1,0,1,0,2,0,1,6,3,1,5,1,1,2,0,0,3,0,6,3,1,2,2,1,4,5
1118,4,0,1,2,0,4,1,0,2,0,1,0,2,2,1,1,1,2,0,2,1,1,0,2,0,1,0,0,1,1,2,2,0,0,0,0,0,2,3,0,1,4,0,2,0,2,3,0,0,0,1,1,0,0,1,1,0,3,0,0,0,3,0,1,2,3,2,0,2,0,2,0,1,0,2,0,1,6,3,1,5,1,1,2,0,0,3,0,6,3,1,2,2,1,4,5
1119,4,0,1,2,0,4,1,0,2,0,1,0,2,2,1,1,1,2,0,2,1,1,0,2,0,1,0,0,1,1,2,2,0,0,0,0,0,2,3,0,1,4,0,2,0,2,3,0,0,0,1,1,0,0,1,1,0,3,0,0,0,3,0,1,2,3,2,0,2,0,2,0,1,0,2,0,1,6,3,1,5,1,1,2,0,0,3,0,6,3,1,2,2,1,4,5
1120,4,0,1,2,0,4,1,0,2,0,1,0,2,2,1,1,1,2,0,2,1,1,0,2,0,1,0,0,1,1,2,2,0,0,0,0,0,2,3,0,1,4,0,2,0,2,3,0,0,0,1,1,0,0,1,1,0,3,0,0,0,3,0,1,2,3,2,0,2,0,2,0,1,0,2,0,1,5,3,1,5,1,1,2,0,0,3,0,6,3,1,2,2,1,4,5
1121,4,0,1,2,0,4,1,0,2,0,1,0,2,2,1,1,1,2,0,2,1,1,0,2,0,1,0,0,1,1,2,2,0,0,0,0,0,2,3,0,1,4,0,2,0,2,3,0,0,0,1,1,0,0,1,1,0,3,0,0,0,3,0,1,2,3,2,0,2,0,2,0,1,0,2,0,1,5,3,1,5,1,1,2,0,0,4,0,6,3,1,2,2,1,4,5
1122,4,0,1,2,0,4,1,0,2,1,1,0,2,2,1,1,1,2,0,2,1,1,0,2,0,1,0,0,1,1,2,2,0,0,0,0,0,2,3,0,1,4,0,2,0,2,3,0,0,0,1,1,0,0,1,1,0,3,0,0,0,3,0,1,2,3,2,0,2,0,2,0,1,0,2,0,1,5,3,1,5,1,1,2,0,0,4,0,6,3,1,2,2,1,4,5
1123,4,0,1,2,0,4,1,0,2,1,1,0,2,2,1,1,1,2,0,2,1,1,0,2,0,1,0,0,1,1,2,2,0,0,0,0,0,2,3,0,1,4,0,2,0,2,3,0,0,0,1,1,0,0,1,1,0,3,0,0,0,4,0,1,2,3,2,0,2,0,2,0,1,0,2,0,1,5,3,1,5,1,1,2,0,0,4,0,6,3,1,2,2,1,4,5
1124,4,0,1,2,0,4,1,0,2,1,1,0,2,2,1,1,1,2,0,2,1,1,0,2,0,1,0,0,1,1,2,2,0,0,0,0,0,2,3,0,1,4,0,2,0,2,3,0,0,0,1,1,0,0,1,1,0,3,0,0,0,4,0,1,2,3,2,0,2,0,2,0,1,0,2,0,1,5,3,1,5,1,1,2,0,0,4,0,6,3,1,2,2,1,4,5
1125,4,0,1,2,0,4,1,0,2,1,1,0,2,2,1,1,1,2,0,2,1,1,0,2,0,1,0,0,1,1,2,2,0,0,0,0,0,2,3,0,1,4,0,2,0,2,3,0,0,0,1,1,0,0,1,1,0,3,0,0,0,4,0,1,2,3,2,0,2,0,2,0,1,0,2,0,1,5,3,1,5,1,2,2,0,0,4,0,6,3,1,2,2,2,4,5
1126,4,0,1,2,0,4,1,0,2,1,1,0,2,2,1,1,1,2,0,2,1,1,0,2,0,1,0,0,1,1,2,2,0,0,0,0,0,2,3,0,1,4,0,2,0,2,3,0,0,0,1,1,0,0,1,1,0,3,0,0,0,4,0,1,2,3,2,0,2,0,2,0,1,0,2,0,1,5,3,1,5,1,2,2,0,0,4,0,6,3,1,2,2,2,4,5
1127,4,0,1,2,0,4,1,0,2,1,1,0,2,2,1,1,1,2,0,2,1,1,0,2,0,1,0,0,1,1,2,2,0,0,0,0,0,2,2,0,1,4,0,2,0,2,3,0,0,0,1,1,0,0,1,1,0,3,0,0,0,4,0,1,2,3,2,0,2,0,2,0,1,0,2,0,1,5,3,1,5,1,2,2,0,0,4,0,6,3,1,2,2,2,4,5
1128,4,0,1,2,0,4,1,0,2,1,1,0,2,2,1,1,1,2,0,3,1,1,0,2,0,1,0,0,1,1,2,2,0,0,0,0,0,2,2,0,1,4,0,2,0,2,3,0,0,0,1,1,0,0,1,1,0,3,0,0,0,4,0,1,2,3,2,0,2,0,2,0,1,0,2,0,1,5,3,1,5,1,2,2,0,0,4,0,6,3,1,2,2,2,4,5
1129,4,0,1,2,0,4,1,0,2,1,1,0,2,2,1,1,1,2,0,3,1,1,0,2,0,1,0,0,1,1,2,2,0,0,0,0,0,2,2,0,1,4,0,2,0,2,3,0,0,0,1,1,0,0,1,1,0,3,0,0,0,4,0,1,2,3,2,0,2,0,2,0,1,0,2,0,1,5,3,1,5,1,2,2,0,0,4,0,6,3,1,2,2,2,4,5
1130,4,0,1,2,0,4,1,0,2,1,1,0,2,2,1,1,1,2,0,3,1,1,0,2,0,1,0,0,1,1,2,2,0,0,0,0,0,2,2,0,1,4,0,1,0,2,3,0,0,0,1,2,0,0,1,1,0,3,0,0,0,4,0,2,2,3,2,0,2,0,2,0,1,0,2,0,1,5,3,1,5,1,2,2,0,0,4,0,6,3,1,2,2,2,4,5
1131,4,0,1,2,0,4,1,0,2,1,1,0,2,2,1,1,1,2,0,3,1,1,0,2,0,1,0,0,1,1,2,2,0,0,0,0,0,2,2,0,1,4,0,1,0,2,3,0,0,0,1,2,0,0,1,1,0,3,0,0,0,4,0,2,2,3,2,0,3,0,2,0,1,0,2,0,1,5,3,1,5,1,2,2,0,0,4,0,6,3,1,2,2,2,4,5
1132,4,0,1,2,0,4,1,0,2,1,1,0,2,2,1,1,1,2,0,3,1,1,0,2,0,1,0,0,1,1,2,2,0,0,0,0,0,2,2,0,1,4,0,1,0,2,3,0,0,0,1,2,0,0,1,1,0,3,0,0,0,4,0,2,2,3,2,0,3,0,2,0,1,0,2,0,1,5,3,1,5,1,2,2,0,0,4,0,6,3,1,2,2,2,4,5
1133,4,0,1,2,0,4,1,0,2,1,1,0,2,2,1,1,1,2,0,3,1,1,0,2,0,1,0,0,1,1,2,2,0,0,0,0,0,2,2,0,1,4,0,1,0,2,3,0,0,0,1,2,0,0,1,1,0,3,0,0,0,4,0,2,2,3,2,0,3,0,2,0,1,0,2,0,2,5,3,1,5,1,2,2,0,0,4,0,6,3,1,2,2,2,4,5
1134,4,0,1,2,0,4,1,0,2,1,1,0,2,2,1,1,1,2,0,3,1,1,0,2,0,1,0,0,1,1,2,2,0,0,0,0,0,2,2,0,1,4,0,1,0,2,3,0,0,0,1,2,0,0,1,1,0,3,0,0,0,4,0,2,2,3,2,0,3,0,2,0,1,0,2,0,2,5,3,1,5,1,2,2,0,0,4,0,6,3,1,2,2,2,4,5
1135,4,0,1,2,0,4,1,0,2,1,1,0,3,2,1,1,1,2,0,3,1,1,0,2,0,1,1,0,1,1,2,3,0,0,0,0,0,2,2,0,1,4,0,1,0,2,3,0,0,0,1,2,0,0,1,1,0,3,0,0,0,4,0,2,2,3,2,0,3,0,2,0,1,0,2,0,2,5,3,1,5,1,2,2,0,0,4,0,6,3,1,2,2,2,4,5
1136,4,0,1,2,0,4,1,0,2,1,1,0,3,2,1,1,1,2,0,3,1,1,0,2,0,1,1,0,1,1,2,3,0,0,0,0,0,2,2,0,1,4,0,1,0,2,3,0,0,0,1,2,0,0,1,1,0,3,0,0,0,4,0,2,2,3,2,0,3,0,2,0,1,0,2,0,2,5,3,1,5,1,2,2,0,0,4,0,6,3,1,2,2,2,5,5
1137,4,0,1,2,0,4,1,0,2,1,1,0,3,2,1,1,1,2,0,3,1,1,0,2,0,1,2,0,1,1,2,3,0,0,0,0,0,2,2,0,1,4,0,1,0,3,3,0,0,0,1,2,0,0,1,1,0,3,0,0,0,4,0,2,2,3,2,0,3,0,2,0,1,0,2,0,2,5,3,1,5,1,2,2,0,0,4,0,6,3,1,2,2,2,5,5
1138,4,0,1,2,0,4,1,0,2,1,1,0,3,2,1,1,1,2,0,3,1,1,0,2,0,1,2,0,1,1,2,3,0,0,0,0,0,2,2,0,1,4,0,1,0,3,3,0,0,0,1,2,0,0,1,1,0,3,0,0,0,4,0,2,2,3,2,0,3,0,2,0,1,0,2,0,2,5,3,1,5,1,2,2,0,0,4,0,6,3,1,2,2,2,5,5
1139,4,0,1,2,0,4,1,0,2,1,1,0,3,2,1,1,1,2,0,3,1,1,0,2,0,1,2,0,1,1,2,3,0,0,0,0,0,2,2,0,1,4,0,1,0,3,3,0,0,0,1,2,0,0,1,1,0,3,0,0,0,4,0,2,2,3,2,0,3,0,2,0,1,0,2,0,2,5,3,1,5,1,2,2,0,0,4,0,6,3,1,2,2,2,5,5
1140,4,0,1,2,0,4,1,0,2,1,1,0,3,2,1,1,1,2,0,3,1,1,0,2,0,1,2,0,1,1,2,3,0,0,0,0,0,2,2,0,1,4,0,1,0,3,3,0,0,0,1,2,0,0,1,1,0,3,0,0,0,4,0,2,2,3,2,0,3,0,2,0,1,0,2,0,2,5,3,1,5,1,2,2,0,0,4,0,6,3,1,2,2,2,5,5
1141,4,0,1,2,0,4,1,0,2,1,1,0,3,2,1,1,1,2,0,3,1,1,0,2,0,1,2,0,1,1,2,3,0,0,0,0,0,2,2,0,1,4,0,1,0,3,3,0,0,0,1,2,0,0,1,1,0,3,0,0,0,4,0,2,2,3,2,0,3,0,2,0,1,0,2,0,2,5,3,1,5,1,2,2,0,0,4,0,6,3,1,2,2,2,5,5
1142,4,0,1,2,0,4,1,0,2,1,1,0,3,2,1,1,1,2,0,3,1,1,0,2,0,1,2,0,1,1,2,3,0,0,0,0,1,2,2,0,1,4,0,1,0,3,3,0,0,0,1,2,0,0,1,1,0,3,0,0,0,4,0,2,2,3,2,0,3,0,2,0,1,0,2,0,2,5,3,1,5,1,2,2,0,0,4,0,6,3,1,2,2,2,5,5
1143,4,0,1,2,0,4,1,0,2,1,1,0,3,2,1,1,1,2,0,3,1,1,0,2,0,1,2,0,1,1,2,3,0,0,0,0,1,2,2,0,1,4,0,1,0,3,3,0,0,0,1,2,0,0,1,1,0,3,0,0,0,4,0,2,2,3,2,0,3,0,2,0,1,0,2,0,2,5,3,1,5,1,2,2,0,0,4,0,6,3,1,2,2,2,5,5
1144,4,0,1,2,0,4,1,0,2,1,1,0,3,2,1,1,1,2,0,3,1,1,0,2,0,1,2,0,1,1,2,3,0,0,0,0,1,2,2,0,1,4,0,1,0,3,4,0,0,0,1,2,0,0,1,1,0,3,0,0,0,4,0,2,2,3,2,0,3,0,2,0,1,0,2,0,2,5,3,1,5,1,2,2,0,0,4,0,6,3,1,2,2,2,5,4
1145,4,0,1,2,0,4,1,0,2,1,1,0,3,2,1,1,1,2,0,3,1,1,0,2,0,1,2,0,1,1,2,3,0,0,0,0,1,2,2,0,1,4,0,1,0,3,4,0,0,0,1,2,0,0,0,1,0,2,0,0,0,4,0,2,2,3,2,0,3,0,2,0,1,0,2,0,2,5,3,0,5,1,2,2,0,0,4,0,6,3,1,2,2,2,5,4
1146,4,0,1,2,0,4,1,0,2,1,1,0,3,2,1,1,1,2,0,3,1,1,0,2,0,1,2,0,1,1,2,3,0,0,0,0,1,2,2,0,1,4,0,1,0,3,4,0,0,0,1,2,0,0,0,1,0,2,0,0,0,4,0,2,2,3,2,0,3,0,2,0,1,0,2,0,2,5,3,0,5,1,2,2,0,0,4,0,6,3,1,2,2,2,5,4
1147,4,0,1,2,0,4,1,0,2,1,1,0,3,2,1,1,1,2,0,3,1,1,0,2,0,1,2,0,1,1,2,3,0,0,0,0,1,1,2,0,1,4,0,1,0,3,4,0,0,0,1,2,0,0,0,1,0,2,0,0,0,4,0,2,2,3,2,0,3,0,2,0,1,0,2,0,2,5,3,0,5,1,2,2,0,0,4,0,6,3,1,2,2,2,5,4
1148,4,0,1,2,0,4,1,0,2,1,1,0,3,2,1,1,1,2,0,3,1,1,0,2,0,1,2,0,1,1,2,3,0,0,0,0,1,1,2,0,1,4,0,1,0,3,4,0,0,0,1,2,0,0,0,1,0,2,0,0,0,4,0,2,2,3,2,0,3,0,2,0,1,0,2,0,2,5,3,0,5,1,2,2,0,0,4,0,6,4,1,2,2,2,5,4
1149,4,0,1,2,0,4,1,0,2,1,1,0,3,2,1,1,1,2,0,3,1,1,0,2,0,1,2,0,1,1,2,3,0,0,0,0,1,1,2,0,1,4,0,1,0,3,4,0,0,0,1,2,0,0,0,1,0,2,0,0,0,4,0,2,2,3,2,0,3,0,2,0,1,0,2,0,2,5,3,0,5,1,2,2,0,0,4,0,6,4,1,2,2,2,5,4
1150,4,0,1,2,0,4,1,0,2,1,1,0,3,2,1,1,1,2,0,3,1,1,0,2,0,1,2,0,1,1,2,3,0,0,0,0,1,1,2,0,1,4,0,1,0,3,4,0,0,0,1,2,0,0,0,1,0,2,0,0,0,4,0,2,2,3,2,0,3,0,2,0,1,0,2,0,2,5,3,0,5,1,2,2,0,0,4,0,6,4,1,2,2,2,5,4
1151,4,0,2,2,0,4,1,0,2,1,1,0,3,2,1,1,1,2,0,3,1,1,0,2,0,1,2,0,1,1,2,3,0,0,0,0,1,1,2,0,1,4,0,1,0,3,4,0,0,0,1,2,0,0,0,1,0,2,0,0,0,4,0,2,2,3,2,0,3,0,2,0,1,0,2,0,2,4,3,0,5,1,2,2,0,0,4,0,6,4,1,2,2,2,5,4
1152,4,0,2,2,0,4,1,0,2,1,1,0,3,2,1,1,1,2,0,3,1,1,0,2,0,1,2,0,1,1,2,3,0,0,0,0,1,1,2,0,1,4,0,1,0,3,4,0,0,0,1,2,0,0,0,1,0,2,0,0,0,4,0,2,2,3,2,0,3,0,2,0,1,0,2,0,2,4,3,0,5,1,2,2,0,0,4,0,6,4,1,2,2,2,5,4
1153,4,0,2,2,0,4,1,0,2,1,1,0,3,2,1,1,1,2,0,3,1,1,0,2,0,1,2,0,1,1,2,3,0,0,0,0,1,1,2,0,1,4,0,1,0,3,4,0,0,0,1,2,0,0,0,1,0,2,0,0,0,4,0,2,2,3,2,0,3,0,2,0,1,0,2,0,2,4,3,0,5,1,2,2,0,0,4,0,6,4,1,2,2,2,5,4
1154,4,0,2,2,0,4,1,0,2,1,1,0,3,2,1,1,1,2,0,3,1,1,0,2,0,1,2,0,1,1,2,3,0,0,0,0,1,1,2,0,1,4,0,1,0,3,4,0,0,0,1,2,0,0,0,1,0,2,0,0,0,4,0,2,2,3,2,0,3,0,2,0,1,0,2,0,2,4,3,0,5,1,2,2,0,0,4,0,6,4,1,2,2,2,5,4
1155,4,0,2,2,0,4,1,0,2,1,1,0,3,2,1,1,1,2,0,3,1,1,0,2,0,1,2,0,1,1,2,3,0,0,0,0,1,1,2,0,1,4,0,1,0,3,4,0,0,0,1,2,0,0,0,1,0,2,0,0,0,4,0,2,2,3,2,0,3,0,2,0,1,0,2,0,2,4,3,0,5,1,2,2,0,0,4,0,6,4,1,2,2,2,5,4
1156,4,0,2,2,0,4,1,0,2,1,1,0,3,2,1,1,1,2,0,3,1,1,0,2,0,1,2,0,1,1,2,3,0,0,0,0,1,1,2,0,1,4,0,1,0,3,4,0,0,0,1,2,0,0,0,1,0,2,0,0,0,4,0,2,2,3,2,0,3,0,2,0,1,0,2,0,2,4,3,0,5,1,2,2,0,0,4,0,6,4,1,2,2,2,5,4
1157,4,0,2,2,0,4,1,0,2,1,1,0,3,2,1,1,1,2,0,3,1,1,0,2,0,1,2,0,1,1,2,3,0,0,0,0,1,1,2,0,1,4,0,1,0,3,4,0,0,0,1,2,0,0,0,1,0,2,0,0,0,4,0,2,2,3,2,0,3,0,2,0,1,0,2,0,2,4,3,0,5,1,2,2,0,0,4,0,6,4,1,2,2,2,5,4
1158,4,0,2,2,0,4,1,0,2,1,1,0,3,2,1,1,1,2,0,3,1,1,0,2,0,1,2,0,1,1,2,3,0,0,0,0,1,1,2,0,1,4,0,1,0,3,4,0,0,0,1,2,0,0,0,1,0,2,0,0,0,4,0,2,3,3,2,0,3,0,2,0,1,0,2,0,2,4,3,0,5,1,2,2,0,0,4,0,6,4,1,2,2,2,5,4
1159,4,0,2,2,0,4,1,0,2,1,1,0,3,2,1,1,1,2,0,2,1,1,0,2,0,1,2,0,1,1,2,3,0,0,0,0,1,1,2,0,1,4,1,1,0,3,4,0,0,0,1,2,0,0,0,1,0,2,0,0,0,4,0,2,3,3,2,0,3,0,2,0,1,0,2,0,2,4,4,0,5,1,2,2,0,0,4,0,6,4,1,2,2,2,5,4
1160,4,0,2,2,0,4,1,0,2,1,1,0,3,2,1,1,1,2,0,2,1,1,0,2,0,1,2,0,1,1,2,3,0,0,0,0,1,1,2,0,1,4,1,1,0,3,4,0,0,0,1,2,0,0,0,1,0,2,0,0,0,4,0,2,3,3,2,0,3,0,2,0,1,0,2,0,2,4,4,0,5,1,2,2,0,0,4,0,6,4,1,2,2,2,5,4
1161,4,0,2,2,0,4,1,0,2,1,1,0,3,2,1,1,1,2,0,2,1,1,0,2,0,1,2,0,1,1,2,3,0,0,0,0,1,1,2,0,1,4,1,1,0,3,4,0,0,0,1,2,0,0,0,1,0,2,0,0,0,3,0,2,3,4,2,0,3,0,2,0,1,0,2,0,3,4,4,0,5,1,2,3,0,0,4,0,6,4,1,2,2,2,5,4
1162,4,0,2,2,0,4,1,0,2,1,1,0,3,2,1,1,1,2,0,2,1,1,0,2,0,1,2,0,1,1,2,3,0,0,0,0,1,1,2,0,1,4,1,1,0,3,4,0,0,0,1,2,0,0,0,1,0,2,0,0,0,3,0,2,3,3,2,0,3,0,2,0,1,0,2,0,3,4,4,0,5,1,2,3,0,0,4,0,6,4,1,2,2,2,5,4
1163,5,0,2,2,0,4,1,0,2,1,1,0,3,2,1,1,1,2,0,2,1,1,0,2,0,1,2,0,1,1,2,3,0,0,0,0,1,1,2,0,1,4,1,1,0,3,4,0,0,0,1,2,0,0,0,1,0,2,0,0,0,3,0,2,3,3,2,0,3,0,2,0,1,0,2,0,3,4,4,0,5,1,2,3,0,0,4,0,6,4,1,2,2,2,5,4
1164,5,0,2,2,0,5,1,0,2,1,1,0,3,2,1,1,1,2,0,2,1,1,0,2,0,1,2,0,1,1,2,3,0,0,0,0,1,1,2,0,1,4,1,1,0,3,4,0,0,0,1,2,0,0,0,1,0,2,0,0,0,3,0,2,3,3,2,0,3,0,2,0,2,0,2,0,3,4,4,0,5,1,2,3,0,0,4,0,6,4,1,2,2,2,5,4
1165,5,0,2,2,0,5,1,0,2,1,1,0,3,2,1,1,1,2,0,2,1,1,0,2,0,1,2,0,1,1,2,3,0,0,0,0,1,1,2,0,1,4,1,1,0,3,4,0,0,0,1,2,0,0,0,1,0,2,0,0,0,3,0,3,3,3,2,0,3,0,2,0,2,0,2,0,3,4,4,0,5,1,2,3,0,0,4,0,6,4,1,2,2,2,5,3
1166,5,0,2,2,0,5,1,0,2,1,1,0,3,2,1,1,1,2,0,2,1,1,0,2,0,1,2,0,1,1,2,3,0,0,0,0,1,1,2,0,1,4,1,1,0,3,4,0,0,0,1,2,0,0,0,1,0,2,0,0,0,3,0,3,3,3,2,0,3,0,2,0,3,0,2,0,3,4,4,0,5,1,2,3,0,0,4,0,6,4,1,2,2,2,5,3
1167,5,0,2,2,0,5,1,0,2,1,1,0,3,2,1,1,1,2,0,2,1,1,0,2,0,1,2,0,1,1,2,3,0,0,0,0,1,1,2,0,1,4,1,1,0,3,4,0,0,0,1,2,0,0,0,1,0,2,0,0,0,3,0,3,3,3,2,0,3,0,2,0,3,0,2,0,3,4,4,0,5,1,2,3,0,0,4,0,6,4,1,2,2,2,5,3
1168,5,0,2,2,0,5,1,0,2,1,1,0,3,2,1,1,1,2,0,2,1,1,0,2,0,1,2,0,1,1,2,3,0,0,0,0,1,1,2,0,1,4,1,1,0,3,4,0,0,0,1,2,0,0,0,1,0,2,0,0,0,3,0,3,3,3,2,0,3,0,2,0,3,0,2,0,3,4,4,0,5,1,2,3,0,0,4,0,6,4,1,2,2,2,5,3
1169,5,0,2,2,0,5,1,0,2,1,1,0,3,2,1,1,1,2,0,2,1,1,0,2,0,1,2,0,1,1,2,3,0,0,0,0,1,1,2,0,1,4,1,1,0,3,4,0,0,0,1,2,0,0,0,1,0,2,0,0,0,3,0,3,3,3,2,0,3,0,2,0,3,0,2,0,3,4,4,0,5,1,2,3,0,0,4,0,6,4,1,2,2,2,5,3
1170,5,0,2,2,0,5,1,0,2,1,1,0,3,2,1,1,1,2,0,2,1,1,0,2,0,1,2,0,1,1,2,3,0,0,0,0,1,1,2,0,1,4,1,1,0,3,4,0,0,0,1,2,0,0,0,1,0,2,0,0,0,3,0,3,3,3,2,0,3,0,2,0,3,0,2,0,3,4,4,0,5,1,2,3,0,0,4,0,6,4,1,2,2,2,5,3
1171,5,0,2,2,0,5,1,0,2,1,1,0,3,2,1,1,1,2,0,2,1,1,0,2,0,1,2,0,1,1,2,3,0,0,0,0,1,1,2,0,1,4,1,1,0,3,4,0,0,0,1,2,0,0,0,1,0,2,0,0,0,3,0,3,3,3,2,0,3,0,2,0,3,0,2,0,3,4,4,0,5,1,2,3,0,0,4,0,6,4,2,2,2,2,5,3
1172,5,0,2,2,0,5,1,0,2,1,1,0,3,2,1,1,1,2,0,2,1,1,0,2,0,1,2,0,1,1,2,3,0,0,0,0,1,1,2,0,1,4,1,1,0,3,4,0,0,0,1,2,0,0,0,2,0,2,0,0,0,3,0,3,3,3,2,0,3,0,2,0,3,0,2,0,3,4,4,0,5,1,2,3,0,0,4,0,6,4,2,2,2,2,5,3
1173,5,0,2,2,0,5,1,0,2,1,1,0,3,2,0,1,1,2,0,2,1,1,0,2,0,1,2,0,1,1,2,3,0,0,0,0,1,1,2,0,1,4,1,1,0,3,4,0,0,0,1,2,0,0,0,2,0,2,0,0,0,3,0,3,3,3,2,0,3,0,2,0,3,0,2,0,3,4,4,0,5,1,2,3,0,0,4,0,6,4,2,2,2,2,5,3
1174,5,0,2,2,0,5,1,0,2,1,1,0,3,2,0,1,1,2,0,2,1,1,0,3,0,1,2,0,1,1,2,3,0,0,0,0,1,1,2,0,1,4,1,1,0,3,4,0,0,0,1,2,0,0,0,2,0,2,0,0,0,3,0,3,3,3,2,0,3,0,2,0,3,0,2,0,3,4,4,0,5,1,2,3,0,0,4,0,6,4,2,2,2,2,5,3
1175,5,0,2,2,0,5,1,0,2,1,1,0,3,2,0,1,1,2,0,2,1,1,0,3,0,1,2,0,1,1,2,3,0,0,0,0,1,1,2,0,1,4,1,1,0,3,4,0,0,0,1,2,0,0,0,2,0,2,0,0,0,3,0,3,3,3,2,0,3,0,2,0,3,0,2,0,3,4,4,0,5,1,2,3,0,0,5,0,6,4,2,2,2,2,5,3
1176,5,0,2,2,0,5,1,0,2,1,1,0,3,2,0,1,1,2,0,2,1,1,0,3,0,1,2,0,1,1,2,3,0,0,0,0,1,1,2,0,1,4,1,1,0,3,4,0,0,0,1,2,0,0,0,2,0,2,0,0,0,3,0,3,3,3,2,0,3,0,2,0,3,0,2,0,3,4,4,0,5,1,2,3,0,0,5,0,6,4,2,2,2,2,5,3
1177,5,0,2,2,0,5,1,0,2,1,1,0,3,2,0,1,1,2,1,2,1,1,0,3,0,1,2,0,1,1,2,3,0,0,0,0,1,1,2,0,1,4,1,1,0,3,4,0,0,0,1,2,0,0,0,2,0,2,0,0,0,3,0,3,3,3,2,0,3,0,2,0,3,0,2,0,3,4,5,0,5,1,2,3,0,0,5,0,6,4,2,2,2,2,5,3
1178,5,0,2,2,0,5,1,0,2,1,1,0,3,2,0,1,1,2,1,2,1,1,0,3,0,1,2,0,1,1,2,3,0,0,0,0,1,1,2,0,1,4,1,1,0,3,4,0,0,0,1,2,0,0,0,2,0,3,0,0,0,3,0,3,2,3,2,0,3,0,2,0,3,0,2,0,3,4,5,0,5,1,2,3,0,0,5,0,6,4,2,2,2,2,5,3
1179,5,0,2,2,0,5,1,0,2,1,1,0,3,2,0,1,1,2,1,2,1,1,0,3,0,1,2,0,1,1,2,3,0,0,0,0,1,1,2,0,1,4,1,1,0,3,4,0,0,0,1,2,0,0,0,2,0,3,0,0,0,3,0,3,2,3,2,0,3,0,2,0,3,0,2,0,3,4,5,0,5,1,2,3,0,0,6,0,6,4,2,2,2,2,5,3
1180,5,0,2,2,0,5,1,0,2,1,1,0,3,2,0,1,1,2,1,2,1,1,0,3,0,1,2,0,1,1,2,3,0,0,0,0,1,1,2,0,1,4,1,1,0,3,4,0,0,0,1,2,0,0,0,2,0,4,0,0,0,3,0,3,2,3,2,0,3,0,2,0,3,0,2,0,3,4,5,0,5,1,2,3,0,0,6,0,6,5,2,2,2,2,5,3
1181,5,0,2,2,0,5,1,0,2,1,1,0,3,2,0,1,1,2,1,2,1,1,0,3,0,1,2,0,1,1,2,3,0,0,0,0,1,1,2,0,1,4,1,1,0,3,4,0,0,0,1,2,0,0,0,2,0,4,0,0,0,3,0,3,2,3,2,0,3,0,2,0,3,0,2,0,3,4,5,0,6,1,2,3,0,0,6,0,6,5,2,2,2,2,5,3
1182,5,0,2,2,0,5,1,0,2,1,1,0,3,2,0,1,1,2,1,2,1,1,0,4,0,2,2,0,1,1,2,3,0,0,0,0,1,1,2,0,1,4,1,1,0,3,3,0,0,0,1,2,0,0,0,2,0,4,0,0,0,3,0,2,2,3,2,0,3,0,2,0,3,0,2,0,3,4,5,0,6,1,2,3,0,0,6,0,6,5,2,2,2,2,5,3
1183,5,0,2,2,0,5,1,0,2,1,1,0,3,2,0,1,1,2,1,2,1,1,0,4,0,2,2,0,1,1,2,3,0,0,0,0,1,1,2,0,1,4,1,1,0,3,3,0,0,0,1,2,0,0,0,2,0,4,0,0,0,3,0,2,2,3,2,0,3,0,2,0,3,0,2,0,3,4,5,0,6,1,2,3,0,0,6,0,6,5,2,2,2,2,5,3
1184,5,0,2,2,0,5,1,0,2,1,1,0,3,2,0,1,1,2,1,2,1,1,0,4,0,2,2,0,1,1,2,3,0,0,0,0,1,1,2,0,1,4,1,1,0,3,3,0,0,1,1,2,0,0,0,2,0,4,0,0,0,3,0,2,2,3,2,0,3,0,2,0,3,0,2,0,4,4,5,0,6,1,2,3,0,0,6,0,6,5,2,2,2,2,5,3
1185,5,0,2,2,0,5,1,0,2,1,1,0,3,2,0,1,1,2,1,2,1,1,0,4,0,2,2,0,1,1,2,3,0,0,0,0,1,1,2,0,1,4,1,1,0,3,3,0,0,1,1,2,0,0,0,2,0,4,0,0,0,3,0,2,2,3,2,0,3,0,3,0,3,0,2,0,4,4,5,0,6,1,2,3,0,1,6,0,6,5,2,2,2,2,5,3
1186,5,0,2,2,0,5,1,0,2,1,1,0,3,2,0,1,1,2,1,2,1,1,0,4,0,2,2,0,1,1,2,3,0,0,0,0,1,1,2,0,1,4,1,1,0,3,3,0,0,1,1,2,0,0,0,2,0,4,0,0,0,3,0,2,2,3,2,0,3,0,3,0,3,0,2,0,4,4,5,0,6,1,3,3,0,1,6,0,6,5,2,2,2,2,5,3
1187,5,0,2,2,0,5,1,0,2,1,1,0,3,2,0,1,1,2,1,2,1,1,0,4,0,2,2,0,1,1,2,3,0,0,0,0,1,1,2,0,1,4,1,1,0,3,3,0,0,1,1,2,0,0,0,2,0,4,0,0,0,3,0,2,2,3,2,0,3,0,3,0,3,0,2,0,4,4,5,0,6,1,3,3,0,1,6,0,6,5,2,2,3,2,5,3
1188,5,0,2,2,0,5,1,0,2,1,1,0,3,2,0,1,1,2,1,2,1,1,0,4,0,2,2,0,1,1,2,3,0,0,0,0,1,1,2,0,1,4,1,1,0,3,3,0,0,1,1,2,0,0,0,2,0,4,0,0,0,3,0,2,2,3,2,0,3,0,3,0,3,0,2,0,4,4,5,0,6,1,3,3,0,2,6,0,6,5,2,2,3,2,5,3
1189,5,0,2,2,0,5,1,0,2,1,1,0,3,2,0,1,1,2,1,2,1,1,0,4,0,2,2,0,1,1,2,3,0,0,0,0,1,1,2,0,1,4,1,1,0,3,3,0,0,1,1,2,0,0,0,2,0,4,0,0,0,3,0,2,2,3,2,0,3,0,3,0,3,0,2,0,4,5,5,0,6,1,3,3,0,2,6,0,6,5,2,2,4,2,5,3
1190,5,0,2,2,0,5,1,0,2,1,1,0,3,2,0,1,1,2,1,2,1,1,0,4,0,2,2,0,1,1,2,3,0,0,0,0,1,1,2,0,1,4,1,1,0,3,3,0,0,1,1,2,0,0,0,2,0,4,0,0,0,3,0,2,2,3,2,0,3,0,3,0,3,0,2,0,4,5,5,0,6,1,3,3,0,2,6,0,6,5,2,2,4,2,5,3
1191,5,0,2,2,0,5,1,0,2,1,1,0,3,2,0,1,1,2,1,2,1,1,0,4,0,2,2,0,1,1,2,3,0,0,0,0,1,2,2,0,1,4,1,1,0,3,3,0,0,1,1,2,0,0,0,2,0,4,0,0,0,3,0,2,2,3,2,0,3,0,3,0,3,0,2,0,4,5,5,0,6,1,3,3,0,2,6,0,6,5,3,2,4,2,5,3
1192,5,0,2,2,0,5,1,0,2,1,1,0,3,2,0,1,1,2,1,2,1,1,0,4,0,2,2,0,1,1,2,3,0,0,0,0,1,2,2,0,1,4,2,1,0,3,3,0,0,1,1,2,0,0,0,2,0,4,0,0,0,3,0,2,2,3,2,0,3,0,3,0,3,0,2,0,4,5,5,0,6,1,3,3,0,2,6,0,6,5,3,2,4,2,5,3
1193,5,0,2,2,0,5,1,0,2,1,1,0,3,2,0,1,1,2,1,2,1,1,0,4,0,2,2,0,1,1,2,3,0,0,0,0,1,2,2,0,1,4,2,1,0,3,3,0,0,1,1,2,0,0,0,2,0,4,0,0,0,3,0,2,2,3,2,0,3,0,3,0,3,0,2,0,4,5,5,0,6,1,3,3,0,2,6,0,7,5,3,2,4,2,5,3
1194,5,0,2,2,0,5,1,0,2,1,1,0,3,2,0,1,1,2,1,2,1,1,0,4,0,2,2,0,1,1,2,3,0,0,0,0,1,2,2,0,1,4,2,1,0,3,3,0,0,1,1,2,0,0,0,3,0,4,0,0,0,3,0,2,2,3,2,0,3,0,3,0,3,0,2,0,4,5,5,0,6,1,3,3,0,2,6,0,7,5,3,2,4,2,5,3
1195,5,0,2,2,0,5,1,0,2,1,1,0,3,2,0,1,1,2,1,2,1,1,0,4,0,2,2,0,1,1,2,3,0,0,0,0,1,2,2,0,1,4,2,1,0,3,3,0,0,1,1,2,0,0,0,3,0,4,0,0,0,3,0,2,2,3,2,0,3,0,3,0,3,0,2,0,4,5,5,0,6,1,3,3,0,2,6,0,7,5,3,2,4,2,5,3
1196,5,0,2,2,0,5,1,0,2,1,1,0,3,2,0,1,1,2,1,2,1,1,0,4,0,2,2,0,1,1,2,3,0,0,0,0,1,2,2,0,1,4,2,1,0,3,3,0,0,1,1,2,0,0,0,3,0,4,0,0,0,3,0,2,2,3,2,0,3,0,3,0,3,0,2,0,4,5,5,0,6,1,3,3,0,2,6,0,7,5,3,2,4,2,5,3
1197,5,0,2,2,0,5,1,0,2,1,1,0,4,2,0,1,1,2,1,2,1,1,0,4,0,2,2,0,1,1,2,3,0,0,0,0,1,2,2,0,1,4,2,1,0,3,3,0,0,1,1,2,0,0,0,3,0,4,0,0,0,3,0,2,2,3,2,0,3,0,3,0,3,0,2,0,4,5,5,0,6,1,3,3,0,2,6,0,7,5,3,2,4,2,5,3
1198,5,0,2,2,0,5,1,0,2,1,1,0,4,2,0,1,1,2,1,2,1,1,0,4,0,2,2,0,1,1,2,3,0,0,0,0,1,2,2,0,1,4,2,1,0,3,3,0,0,1,1,2,0,0,0,3,0,4,0,0,0,3,0,2,2,3,2,0,3,0,3,0,3,0,2,0,4,5,5,0,6,1,3,3,0,2,6,0,7,5,3,2,4,2,5,3
1199,5,0,2,2,0,5,1,0,2,1,1,0,4,2,0,1,1,2,1,2,1,1,0,4,0,2,2,0,1,1,2,3,0,0,0,0,1,2,2,0,1,4,2,1,0,3,3,0,0,1,1,2,0,0,0,3,0,4,0,0,0,3,0,2,2,3,2,0,3,0,3,0,3,0,2,0,4,5,5,0,6,1,3,3,0,2,6,0,7,5,3,2,4,2,5,3
1200,4,0,2,2,0,5,1,0,2,1,1,0,4,2,0,1,1,2,1,2,1,1,0,4,0,2,2,0,1,1,2,3,0,0,0,0,1,2,2,0,1,4,2,1,0,3,3,0,0,1,1,2,0,0,0,3,0,4,0,0,0,3,0,2,2,3,2,0,3,0,3,0,3,0,2,0,4,5,5,0,6,1,3,3,0,2,6,0,7,5,3,2,4,2,5,3
1201,4,0,2,2,0,5,1,0,2,1,1,0,4,2,0,1,1,2,1,2,1,1,0,4,0,2,2,0,1,1,2,3,0,0,0,0,1,2,2,0,1,4,2,1,0,3,3,0,0,1,1,2,0,0,0,3,0,4,0,0,0,3,0,2,2,3,2,0,3,0,3,0,3,0,2,0,4,5,5,0,6,1,3,2,0,2,6,0,7,6,3,2,4,2,5,3
1202,4,0,2,2,0,5,1,0,2,1,1,0,4,2,0,1,1,2,1,2,1,1,0,4,0,2,2,0,1,1,2,3,0,0,0,0,1,2,2,0,1,4,2,1,0,3,2,0,1,1,1,2,0,0,0,3,0,4,0,0,0,3,0,2,2,3,2,0,3,0,3,0,3,0,2,0,4,5,5,0,6,1,3,2,0,2,6,0,7,6,3,2,4,2,5,3
1203,4,0,2,2,0,5,1,0,2,1,1,0,4,2,0,1,1,2,1,2,1,1,0,4,0,2,2,0,1,1,2,3,0,0,0,0,1,2,2,0,1,4,2,1,0,3,2,0,1,1,1,2,0,0,0,3,0,4,0,0,0,3,0,2,2,3,2,0,3,0,3,0,3,0,2,0,4,5,5,0,6,1,3,2,0,2,6,0,7,6,3,2,4,2,5,3
1204,5,0,2,2,0,5,1,0,2,1,1,0,4,2,0,1,1,2,2,2,1,1,0,4,0,2,2,0,1,1,2,3,0,0,0,0,1,2,2,0,1,4,2,1,0,3,2,0,1,1,1,2,0,0,0,3,0,4,0,0,0,3,0,2,2,3,2,0,3,0,3,0,3,0,2,0,4,5,5,0,6,1,3,2,0,2,6,0,7,6,3,2,4,2,5,3
1205,5,0,2,2,0,5,1,0,2,1,2,0,4,2,0,1,1,2,2,2,1,1,0,4,0,2,2,0,1,1,2,3,0,0,0,0,1,2,3,0,1,4,3,1,0,3,2,0,1,1,1,2,0,0,0,3,0,4,0,0,0,3,0,2,2,3,2,0,3,0,3,0,3,0,2,0,4,5,5,0,6,1,3,2,0,2,6,0,7,6,3,2,5,2,5,3
1206,5,0,2,2,0,5,1,0,2,1,2,0,4,2,0,1,1,2,2,2,1,1,0,4,0,2,2,0,1,1,2,3,0,0,0,0,1,2,3,0,1,4,3,1,0,3,2,0,1,1,1,2,0,0,0,3,0,4,0,0,0,3,0,2,2,3,2,0,3,0,3,0,3,0,2,0,4,5,5,0,6,1,3,2,0,2,6,0,7,6,3,2,5,2,5,3
1207,5,0,2,2,0,5,1,0,2,1,2,0,4,2,0,1,1,2,2,2,1,1,0,4,0,2,2,0,1,1,2,3,0,0,0,0,1,2,3,0,1,4,3,1,0,3,2,0,1,1,1,2,0,0,0,3,0,4,0,0,0,3,0,2,2,3,2,0,3,0,3,0,3,0,2,0,4,5,5,0,6,1,3,2,0,2,6,0,7,6,3,2,5,2,5,3
1208,5,0,2,2,0,5,1,0,2,1,2,0,4,2,0,1,1,2,2,2,1,1,0,4,0,2,2,0,1,1,2,3,0,0,0,0,1,2,3,0,1,4,3,1,0,3,2,0,1,1,1,2,0,0,0,3,0,4,0,0,0,3,0,2,2,3,2,0,3,0,3,0,3,0,2,0,4,5,5,0,6,1,3,2,0,2,6,0,7,6,3,2,5,2,5,3
1209,5,0,2,2,0,5,1,0,2,1,2,0,4,2,0,1,1,2,2,2,1,1,0,4,0,2,2,0,1,1,2,3,0,0,0,0,1,2,3,0,1,4,2,1,0,3,2,0,1,1,1,2,0,0,0,3,0,4,0,0,0,3,0,2,2,3,2,0,3,0,3,0,3,0,2,0,4,5,5,0,6,1,3,2,0,2,6,0,7,6,3,2,5,2,5,3
1210,5,0,2,2,0,5,1,0,2,1,2,0,4,2,0,1,1,2,2,2,1,1,0,4,0,2,2,0,1,1,2,3,0,0,0,0,1,2,3,0,1,4,2,1,0,3,2,0,1,1,1,2,0,0,0,3,0,4,0,0,0,3,0,2,2,3,2,0,3,0,3,0,3,0,2,0,4,5,5,0,6,1,3,2,0,2,6,0,7,6,3,2,5,2,5,3
1211,5,0,2,2,0,5,1,0,2,1,2,0,4,2,0,1,1,2,2,2,1,1,0,4,0,2,2,0,1,1,2,3,0,0,0,0,1,2,3,0,1,4,2,1,0,3,2,0,1,1,1,2,0,0,0,3,0,4,0,0,0,3,0,2,2,3,2,0,3,0,3,0,3,0,2,0,4,5,5,0,6,1,3,2,0,2,6,0,7,6,3,2,5,2,5,3
1212,5,0,2,2,0,5,1,0,2,1,2,0,4,2,1,1,1,2,2,2,1,1,0,4,0,2,2,0,1,1,2,3,0,0,0,0,1,2,3,0,1,4,2,1,0,3,2,0,1,1,1,2,0,0,0,3,0,4,0,0,0,3,0,3,2,3,2,0,3,0,3,0,4,0,2,0,4,5,5,0,6,1,3,2,0,2,6,0,7,6,3,2,5,2,5,3
1213,5,0,2,2,0,5,1,0,2,1,2,0,4,2,1,1,1,2,2,2,1,1,0,4,0,2,2,0,1,1,2,3,0,0,0,0,1,2,3,0,1,4,2,1,0,3,2,0,1,1,1,2,0,0,0,2,0,4,0,0,0,3,0,3,2,3,2,0,3,0,3,0,4,0,2,0,4,5,5,0,6,1,3,2,0,2,6,0,7,6,3,2,5,2,5,3
1214,5,0,2,2,0,5,1,0,2,1,2,0,4,2,1,1,1,2,2,2,1,1,0,4,0,2,2,0,1,1,2,3,0,0,0,0,1,2,3,0,1,4,2,1,0,3,2,0,1,1,1,2,0,0,0,2,0,4,0,0,0,3,0,3,2,3,2,0,3,0,3,0,4,0,2,0,5,5,5,0,6,1,3,2,0,2,6,0,7,6,3,2,5,2,6,3
1215,5,0,2,2,0,5,1,0,2,1,2,0,4,2,1,1,1,2,2,2,1,1,0,4,0,2,2,0,1,1,2,3,0,0,0,0,1,2,3,0,1,4,2,1,0,3,2,0,1,1,1,2,0,0,0,2,0,4,0,0,0,3,0,3,2,3,2,0,3,0,3,0,4,0,2,0,5,5,5,0,6,1,3,2,0,2,6,0,7,6,3,2,5,2,6,3
1216,5,0,2,2,0,5,1,0,2,1,2,0,4,2,1,1,1,2,1,2,1,1,0,4,0,2,2,0,1,1,2,3,0,0,0,0,1,2,3,0,1,4,2,1,0,3,2,0,1,1,1,2,0,0,0,2,0,4,0,0,0,3,0,3,2,3,2,0,3,0,3,0,4,0,2,0,5,5,5,0,5,1,3,2,0,2,6,0,7,6,3,2,5,2,6,3
1217,5,0,2,1,0,5,1,0,2,1,2,0,4,2,1,1,1,2,1,2,1,1,0,4,0,2,2,0,1,1,2,3,0,0,0,0,1,2,3,0,1,4,2,1,0,3,2,0,1,1,1,2,0,0,0,2,0,4,0,0,0,3,0,3,2,3,2,0,3,0,3,0,4,0,2,0,5,5,5,0,5,1,3,2,0,2,6,0,7,6,3,2,5,2,6,3
1218,5,1,2,1,0,5,1,0,2,1,2,0,4,2,1,1,1,2,1,3,1,1,0,4,0,2,2,0,1,1,2,3,0,0,0,0,1,2,3,0,1,4,2,1,0,3,2,0,1,1,1,2,0,0,0,2,0,4,0,0,0,3,0,3,2,3,2,0,3,0,3,0,4,0,2,0,5,5,5,0,5,1,3,2,0,2,6,0,7,6,3,2,5,2,6,3
1219,5,1,2,1,0,5,1,0,2,1,2,0,4,2,1,1,1,2,1,3,1,1,0,4,0,2,2,0,1,1,2,3,0,0,0,0,1,2,3,0,1,4,2,1,0,3,2,0,1,1,1,2,0,0,0,2,0,4,0,0,0,3,0,3,2,3,2,0,3,0,3,0,4,0,2,0,5,5,5,0,5,1,3,2,0,2,6,0,7,6,3,2,5,2,6,3
1220,5,1,2,1,0,5,1,0,2,1,2,0,4,2,1,1,1,2,1,3,1,1,0,4,0,2,2,0,1,1,2,3,0,0,0,0,1,2,3,0,1,4,2,1,0,3,2,0,1,1,1,2,0,0,0,2,0,5,0,0,0,3,0,3,2,3,2,0,3,0,3,0,4,0,2,0,5,5,5,0,5,1,3,2,0,2,6,0,7,6,3,2,5,2,6,3
1221,5,1,2,1,0,5,1,0,2,1,2,0,4,2,1,1,1,2,1,3,1,1,0,4,0,2,2,0,1,1,2,3,0,0,0,0,1,2,3,0,1,4,2,1,0,2,2,0,1,1,1,2,0,0,0,2,0,5,0,0,0,3,0,3,2,3,2,0,3,0,3,0,4,0,2,0,5,5,5,0,5,1,3,2,0,2,6,0,7,6,3,2,5,2,6,3
1222,5,1,2,1,0,5,1,0,2,1,2,0,4,2,1,1,1,2,1,3,1,1,0,4,0,2,2,0,1,1,2,3,0,0,0,0,1,2,3,0,1,4,2,1,0,2,2,0,1,1,1,2,0,0,0,2,0,5,0,0,0,3,0,3,2,3,2,0,3,0,3,0,4,0,2,0,5,5,5,0,5,1,4,2,0,2,6,0,7,6,3,2,5,2,6,3
1223,5,1,2,1,0,5,1,0,2,1,2,0,4,2,1,1,1,2,1,3,1,1,0,4,0,2,2,0,1,1,2,3,0,0,0,0,1,2,3,0,1,4,2,1,0,2,2,0,1,1,1,2,0,0,0,2,0,5,0,0,0,3,0,3,2,3,2,0,3,0,3,0,4,0,2,0,5,5,5,0,5,1,4,2,0,2,6,0,7,6,3,2,5,2,6,3
1224,5,1,2,1,0,5,1,0,2,1,2,0,4,2,1,1,1,2,1,3,1,1,0,5,0,2,2,0,1,1,3,3,0,0,0,0,1,2,3,0,1,4,2,1,0,2,2,0,1,1,1,2,0,0,0,2,0,5,0,0,0,3,0,3,2,4,2,0,3,0,3,0,4,0,2,0,5,5,5,0,5,1,4,2,0,2,6,0,8,6,3,2,5,2,6,3
1225,5,1,2,1,0,5,1,0,2,1,2,0,4,2,1,1,1,2,1,3,1,1,0,5,0,2,2,0,1,1,3,3,0,0,0,0,1,2,3,0,1,4,3,1,0,2,2,0,1,1,1,2,0,0,0,2,0,5,0,0,0,3,0,3,2,4,2,0,3,0,3,0,4,0,2,0,4,5,5,0,5,1,4,2,0,2,6,0,8,6,3,2,5,2,6,3
1226,5,1,2,1,0,5,1,0,2,1,2,0,4,2,1,1,1,2,1,3,1,1,0,5,0,2,2,0,1,1,3,3,0,0,0,0,1,2,3,0,1,4,3,1,0,2,2,0,1,1,1,2,0,0,0,2,0,5,0,0,0,3,0,3,2,4,2,0,3,0,3,0,4,0,2,0,4,5,5,0,5,1,4,2,0,2,6,0,8,6,3,2,5,2,5,3
1227,5,1,2,1,0,5,1,0,2,1,3,0,4,2,1,1,1,2,1,3,1,1,0,5,0,2,2,0,1,1,3,3,0,0,0,0,1,2,3,0,1,4,3,1,0,2,2,0,1,1,2,2,0,0,0,2,0,5,0,0,0,3,0,3,2,4,2,0,3,0,3,0,4,0,2,0,4,5,5,0,5,1,4,2,0,2,6,0,8,6,3,2,5,2,5,3
1228,5,1,2,1,0,5,1,0,2,1,3,0,4,2,1,1,1,2,1,3,1,1,0,5,0,2,2,0,1,1,3,3,0,0,0,0,1,2,3,0,1,4,3,1,0,2,2,0,1,1,2,2,0,0,0,2,0,5,0,0,0,3,0,3,2,4,2,0,3,0,3,0,4,0,2,0,4,5,5,0,5,1,4,2,0,2,6,0,8,6,3,2,5,2,5,3
1229,5,1,2,1,0,5,1,0,2,1,3,0,4,2,1,1,1,2,1,3,1,1,0,5,0,2,2,0,1,1,4,3,0,0,0,0,1,2,3,0,1,4,3,1,0,2,2,0,1,1,3,2,0,0,0,2,0,6,0,0,0,3,0,3,3,4,2,0,3,0,3,0,4,0,2,0,4,5,5,0,5,1,4,2,0,2,6,0,8,6,3,2,5,2,5,3
1230,5,2,2,1,0,5,1,0,2,1,3,0,4,2,1,1,1,2,1,3,1,1,0,5,0,2,2,0,1,1,4,3,0,0,0,0,1,2,3,0,1,4,3,1,0,2,2,0,1,1,3,2,0,0,0,2,0,6,0,0,0,3,0,3,3,4,2,0,3,0,3,0,4,0,2,0,4,5,5,0,5,1,4,2,0,2,6,0,8,6,3,2,5,2,5,3
1231,4,2,2,1,0,5,1,0,2,1,3,0,4,2,1,1,1,2,1,3,1,1,0,5,0,2,2,0,1,1,4,3,0,0,0,0,1,2,3,0,1,4,3,1,0,2,2,0,1,1,3,2,0,0,0,2,0,6,0,0,0,3,0,3,3,4,2,0,3,0,3,0,4,0,2,0,4,5,5,0,5,1,4,2,0,2,6,0,8,6,3,2,5,2,5,3
1232,4,2,2,1,0,5,1,0,2,1,3,0,4,2,1,1,1,2,1,3,1,1,0,5,0,2,2,0,1,1,4,3,0,0,0,0,1,2,3,0,1,4,3,1,0,2,2,0,1,1,3,2,0,0,0,2,0,6,0,0,0,3,0,3,3,4,2,0,3,0,3,0,4,0,2,0,4,5,5,0,5,1,4,2,0,2,6,0,9,6,3,2,5,2,5,3
1233,4,2,2,1,0,5,1,0,2,1,3,0,4,2,1,1,1,2,1,3,1,1,0,5,0,2,2,0,1,1,4,3,0,0,0,0,1,2,3,0,1,4,3,1,0,2,2,0,1,1,3,2,0,0,0,2,0,6,0,0,0,3,0,3,3,4,2,0,3,0,3,0,4,0,2,0,4,5,5,0,5,1,4,2,0,2,6,0,9,6,3,2,5,2,5,3
1234,4,2,2,1,0,5,1,0,2,1,3,0,4,2,1,1,1,2,1,3,1,1,0,5,0,2,1,0,1,1,4,3,0,0,0,0,1,2,3,0,1,4,3,1,0,2,2,0,1,1,4,2,0,0,0,2,0,6,0,0,0,3,0,3,3,4,2,0,3,0,3,0,4,0,2,0,4,5,5,0,5,1,4,2,0,2,6,0,9,6,3,2,5,2,5,3
1235,4,2,2,1,0,5,1,0,2,1,3,0,4,2,1,1,1,2,1,3,1,1,0,5,0,2,1,0,1,1,4,3,0,0,0,0,1,2,3,0,1,4,3,1,0,2,2,0,1,1,4,2,0,0,0,2,0,6,0,0,0,3,0,3,3,4,2,0,3,0,3,0,4,0,2,0,4,5,5,0,5,1,4,2,0,2,6,0,9,6,3,2,5,2,5,3
1236,4,2,2,1,0,5,1,0,2,1,3,0,4,2,1,1,1,2,1,3,1,1,0,5,0,2,1,0,1,1,4,3,0,0,0,0,1,2,3,0,1,4,3,1,0,2,2,0,1,1,4,2,0,0,0,2,0,6,0,0,0,3,0,3,3,4,2,0,3,0,3,0,4,0,2,0,4,5,5,0,5,1,4,2,0,2,6,0,9,6,3,2,5,2,5,3
1237,4,1,2,1,0,4,1,0,2,1,3,0,4,2,1,1,1,2,1,3,1,1,0,5,0,2,1,0,1,1,4,3,0,0,0,0,1,2,3,0,1,4,3,1,0,2,2,0,1,1,4,2,0,0,0,2,0,6,0,0,0,3,0,3,3,4,2,0,3,0,3,0,4,0,2,0,4,5,5,0,5,1,4,2,0,2,6,0,9,6,3,2,5,2,5,3
1238,4,1,2,1,0,4,1,0,2,1,3,0,4,2,1,1,1,2,1,3,1,1,0,5,0,2,1,0,1,1,4,3,0,0,0,0,1,2,4,0,1,4,3,1,0,2,2,0,1,1,4,2,0,0,0,2,0,6,0,0,0,3,0,3,3,5,2,0,3,0,3,0,4,0,2,1,4,5,5,0,5,1,4,2,0,2,6,0,8,6,3,2,5,2,5,3
1239,4,1,2,1,0,4,1,0,2,1,3,0,4,2,1,1,1,2,1,3,1,1,0,5,0,2,1,0,1,1,4,3,0,0,0,0,1,2,4,0,1,4,3,1,0,2,2,0,1,1,4,2,0,0,0,2,0,6,0,0,0,3,0,3,3,5,2,0,3,0,3,0,4,0,2,1,4,5,5,0,5,1,4,2,0,2,6,0,8,6,3,2,5,2,5,3
1240,4,1,2,1,0,4,1,0,2,1,3,0,4,2,1,1,1,2,1,3,1,1,0,5,0,2,1,0,1,1,4,3,0,0,0,0,1,2,4,0,1,4,3,1,0,2,2,0,1,1,4,2,0,0,0,2,0,6,0,0,0,3,0,3,3,5,2,0,3,0,3,0,4,0,2,1,4,5,5,0,5,1,4,2,0,2,6,0,8,6,3,2,5,2,5,3
1241,4,1,2,1,0,4,1,0,2,1,3,0,4,2,1,1,1,2,1,3,1,1,0,5,0,2,1,0,1,1,4,3,0,0,0,0,1,2,4,0,1,4,3,1,0,2,2,0,1,1,4,2,0,0,0,2,0,6,0,0,0,3,0,3,3,5,2,0,3,0,3,0,4,0,2,1,4,5,5,0,5,1,4,2,0,2,6,0,8,6,3,2,5,2,5,3
1242,4,1,2,1,0,4,1,0,2,1,3,0,4,2,1,1,1,2,1,3,1,1,0,5,0,2,1,0,1,1,4,3,0,0,0,0,1,2,4,0,1,4,3,1,0,2,2,0,1,1,4,2,0,0,0,2,0,6,0,0,0,3,0,2,3,5,2,0,3,0,3,0,5,0,2,1,4,5,5,0,5,1,4,2,0,2,6,0,8,6,3,2,5,2,5,3
1243,4,1,2,1,0,4,1,0,2,1,3,0,4,2,1,1,1,2,1,3,1,1,0,5,0,2,1,0,1,1,4,3,0,0,0,0,1,2,4,0,1,4,3,1,0,2,2,0,1,1,4,2,0,0,0,2,0,6,0,0,0,3,0,2,3,5,2,0,3,0,3,0,5,0,2,1,4,5,5,0,5,1,4,2,0,2,6,0,8,6,3,2,5,2,5,3
1244,4,1,2,1,0,4,1,0,2,1,2,0,4,2,1,1,1,2,1,3,1,1,0,5,0,2,1,0,1,1,4,3,0,0,0,0,1,2,4,0,1,4,3,1,0,2,2,0,1,1,4,2,0,0,0,2,0,6,0,0,0,3,0,2,3,5,2,0,3,0,3,0,5,0,2,1,4,5,5,0,5,1,4,2,0,2,6,0,8,6,3,2,6,2,5,3
1245,4,1,2,1,0,4,1,0,2,1,2,0,4,2,1,1,1,2,1,3,1,1,0,5,0,2,1,0,1,2,4,3,0,0,0,0,1,2,4,0,1,4,3,1,0,2,2,0,1,1,4,2,0,0,0,2,0,6,0,0,0,3,0,1,3,5,2,0,3,0,3,0,5,0,2,1,4,4,5,0,5,1,4,2,0,2,6,0,8,6,3,2,7,2,5,3
1246,4,1,2,1,0,4,1,0,2,1,2,0,4,2,1,1,1,2,1,3,1,1,0,5,0,2,1,0,1,2,4,3,0,0,0,0,1,2,4,0,1,4,3,1,0,2,2,0,1,1,4,2,0,0,0,2,0,6,0,0,0,3,0,1,3,4,2,0,3,0,3,0,5,0,2,1,4,4,5,0,6,1,4,2,0,2,6,0,8,6,3,2,7,2,5,3
1247,4,1,2,1,0,4,1,0,2,1,2,0,4,2,1,1,1,2,1,3,1,1,0,5,0,2,1,0,1,2,4,3,0,0,0,0,1,2,4,0,1,4,3,1,0,2,2,0,1,1,4,2,0,0,0,2,0,6,0,0,0,3,0,1,3,4,2,0,3,0,3,0,5,0,2,1,4,4,5,0,6,1,4,2,0,2,6,0,8,6,3,2,7,2,5,3
1248,4,1,2,1,0,4,1,0,2,1,2,0,4,2,1,1,1,2,1,3,1,1,0,5,0,2,1,0,1,2,4,3,0,0,0,0,1,2,4,0,1,4,3,1,0,2,2,0,1,1,4,2,0,0,0,2,0,6,0,0,0,3,0,1,3,4,2,0,3,0,3,0,5,0,2,1,4,4,5,0,6,1,4,2,0,2,6,0,8,6,4,2,7,2,5,3
1249,4,1,2,1,0,4,1,0,2,1,2,0,4,2,1,1,1,2,1,3,1,1,0,5,0,2,1,0,1,2,4,3,0,0,0,0,1,2,4,0,1,4,3,1,0,2,2,0,1,1,4,2,0,0,0,2,0,6,0,0,0,3,0,1,3,4,2,0,3,0,3,0,6,0,2,1,4,4,5,0,6,1,4,2,0,2,6,0,8,6,4,2,7,2,5,3
1250,4,1,2,1,0,4,1,0,2,1,2,0,4,2,1,1,1,2,1,3,1,1,0,5,0,2,1,0,1,2,4,3,0,0,0,0,1,2,4,0,1,4,3,1,0,2,2,0,1,1,4,2,0,0,0,2,0,6,0,0,0,3,0,1,3,4,2,0,3,0,3,0,6,0,2,1,4,4,5,0,6,1,4,2,0,2,6,0,8,6,4,2,7,2,5,3
1251,4,1,2,1,0,4,1,0,2,1,2,0,4,2,1,1,1,2,1,3,1,1,0,5,0,2,1,0,1,2,4,3,0,0,0,0,1,2,4,0,1,4,3,1,0,2,2,0,1,1,4,2,0,0,0,2,0,6,0,0,0,3,0,1,3,4,2,0,3,0,3,0,6,0,2,1,4,4,5,0,6,1,4,2,0,2,6,0,8,7,4,2,7,2,5,3
1252,4,1,2,1,0,4,1,0,2,1,2,0,4,2,1,1,1,2,1,3,1,1,0,5,0,2,1,0,1,2,4,3,0,0,0,0,1,2,4,0,1,4,3,0,0,2,2,0,1,1,4,2,0,0,0,2,0,6,0,0,0,3,0,1,3,4,2,0,3,0,3,0,6,0,2,1,4,4,5,0,6,1,4,2,0,2,6,0,8,7,4,2,7,2,5,3
1253,4,1,2,1,0,4,1,0,2,1,2,0,4,2,1,1,1,2,1,4,1,1,0,5,0,2,1,0,0,2,4,3,0,0,0,0,1,2,4,0,1,4,3,0,0,2,2,0,1,1,4,2,0,0,0,2,0,6,0,0,0,3,0,1,3,4,2,0,3,0,3,0,6,0,2,1,4,4,5,0,7,1,4,2,0,2,6,0,8,7,4,2,7,2,5,3
1254,4,1,2,1,0,4,1,0,2,1,2,0,4,2,1,1,1,2,1,4,1,1,0,5,0,2,1,0,0,2,4,3,0,0,0,0,1,2,4,0,1,4,3,0,0,2,2,0,1,1,4,3,0,0,0,2,0,6,0,0,0,3,0,1,3,4,2,0,3,0,3,0,6,0,2,1,4,4,5,0,7,1,4,2,0,2,6,0,8,7,4,2,7,2,5,3
1255,4,1,2,1,0,4,1,0,2,1,2,0,4,2,1,1,1,2,1,4,1,1,0,5,0,2,1,0,0,2,4,3,0,0,0,0,1,2,4,0,1,4,3,0,0,2,2,0,1,1,4,3,0,0,0,2,0,6,0,0,0,3,0,1,3,4,2,0,3,0,3,0,6,0,2,1,4,4,5,0,7,1,4,2,0,2,6,0,8,7,4,2,7,2,5,3
1256,4,1,2,1,0,4,1,0,2,1,2,0,4,2,1,1,1,2,1,4,1,1,0,5,0,2,1,0,0,2,4,3,0,0,0,0,1,2,4,0,1,4,3,0,0,2,2,0,1,1,4,3,0,0,0,2,0,6,0,0,0,3,0,1,3,4,2,0,3,0,3,0,6,0,2,1,4,4,5,0,7,1,4,2,0,2,6,0,8,6,4,2,7,2,5,3
1257,4,1,2,1,0,4,2,0,2,1,2,0,4,2,1,1,1,2,1,4,1,1,0,5,0,2,1,0,0,2,4,3,0,0,0,0,1,2,4,0,1,4,3,0,0,2,2,0,1,1,4,3,0,0,0,2,0,6,0,0,0,3,0,1,3,4,2,0,3,0,3,0,6,0,1,1,4,5,6,0,7,1,4,2,0,2,6,0,8,6,4,2,7,2,5,3
1258,4,1,2,1,0,4,2,0,2,1,2,0,4,3,1,1,1,2,1,4,1,1,0,5,0,2,1,0,0,2,4,3,0,0,0,0,1,2,4,0,1,4,3,0,0,2,2,0,1,1,4,3,0,0,0,2,0,6,0,0,0,3,0,1,3,4,2,0,3,0,3,0,6,0,1,1,4,5,6,0,7,1,4,2,0,2,6,0,8,6,3,2,7,3,5,3
1259,4,1,2,1,0,4,2,0,2,1,2,0,4,3,1,1,1,2,1,4,1,1,0,5,0,2,1,0,0,2,4,3,1,0,0,0,1,2,3,0,1,4,3,0,0,2,2,0,1,1,4,3,0,0,0,2,0,6,0,0,0,3,0,1,3,4,2,0,3,0,3,0,6,0,1,1,4,5,6,0,7,1,4,2,0,2,6,0,8,6,3,2,7,3,5,3
1260,4,1,2,1,0,4,2,0,2,1,2,0,4,3,1,1,1,2,1,4,1,1,0,5,0,2,1,0,0,2,4,3,1,0,0,0,1,2,3,0,1,4,3,0,0,2,2,0,1,1,4,3,0,0,0,2,0,6,0,0,0,3,0,1,3,4,2,0,3,0,3,0,6,0,1,1,4,5,6,0,7,1,4,2,0,2,6,0,8,6,3,2,7,3,5,3
1261,4,1,2,1,0,4,2,0,2,1,2,0,4,3,1,1,1,2,1,4,1,1,0,4,0,2,1,0,0,2,4,3,1,0,0,0,1,2,3,0,1,4,3,0,0,2,2,0,1,1,4,3,0,0,0,2,0,7,0,0,0,3,0,1,3,4,2,0,3,0,3,0,6,0,1,1,4,5,6,0,7,1,4,2,0,2,6,0,9,6,3,2,7,3,5,3
1262,4,1,2,1,0,4,2,0,2,1,2,0,4,3,1,1,1,2,1,4,1,1,0,4,0,2,1,0,0,2,4,3,1,0,0,0,1,2,3,0,1,4,3,0,0,2,2,0,1,1,4,3,0,0,0,2,0,7,0,0,0,3,0,1,3,4,2,0,3,0,3,0,6,0,1,1,4,5,6,0,7,1,4,2,0,2,6,0,9,6,3,2,7,3,5,3
1263,4,1,2,1,0,4,2,0,2,1,2,0,4,3,1,2,1,2,1,4,1,1,0,4,0,2,1,0,0,1,4,3,1,0,0,0,1,2,3,0,1,4,3,0,0,2,2,0,1,1,4,3,0,0,0,2,0,7,0,0,0,3,0,1,3,4,2,0,3,0,3,0,6,0,1,1,4,5,6,0,7,1,4,2,0,2,6,0,9,6,3,2,8,3,5,3
1264,4,1,2,1,0,4,2,0,2,1,2,0,4,4,1,2,1,2,1,4,1,1,0,4,0,2,1,0,0,1,4,3,1,0,0,0,1,2,3,0,1,4,3,0,0,2,2,0,1,1,4,3,0,0,0,2,0,7,0,0,0,3,0,1,3,4,2,0,3,0,3,0,6,0,1,1,4,6,6,0,9,1,4,2,0,2,6,0,9,6,3,2,8,3,5,2
1265,4,1,2,1,0,4,2,0,2,1,2,0,4,4,1,2,1,2,1,4,1,1,0,4,0,2,1,0,0,1,4,3,1,0,0,0,1,2,3,0,1,4,3,0,0,2,2,0,1,1,4,3,0,0,0,2,0,7,0,0,0,3,0,1,3,4,2,0,3,0,3,0,6,0,1,1,4,6,6,0,9,1,4,2,0,2,7,0,9,6,3,2,8,4,5,2
1266,4,1,2,1,0,4,3,0,2,1,2,0,4,4,1,2,1,2,1,4,1,1,0,4,0,2,1,0,0,1,4,3,1,0,0,0,1,2,3,0,1,4,3,0,0,2,2,0,1,1,4,3,0,0,0,2,0,7,0,0,0,3,0,1,3,4,2,0,3,0,3,0,6,0,1,1,4,6,6,0,9,1,4,3,0,2,7,0,9,6,3,2,8,4,5,2
1267,4,1,2,1,0,4,3,0,2,1,2,0,4,3,1,2,1,2,1,4,1,1,0,4,0,2,1,0,0,1,4,3,1,0,0,0,1,3,3,0,1,4,3,0,0,2,2,0,1,1,4,3,0,0,0,2,0,7,0,0,0,3,0,1,3,4,2,0,3,0,3,0,7,0,1,1,4,6,6,0,9,1,4,3,0,2,7,0,9,6,3,2,8,4,5,2
1268,4,1,2,1,0,4,3,0,2,1,2,0,4,3,1,2,1,2,1,4,1,1,0,4,0,2,1,0,0,1,4,3,1,0,0,0,1,3,3,0,1,4,3,0,0,2,2,0,1,1,5,3,0,0,0,2,0,7,0,0,0,3,0,1,3,4,2,0,3,0,3,0,7,0,1,1,4,6,6,0,9,1,4,3,0,2,6,0,9,6,4,2,8,4,5,2
1269,4,1,2,1,0,4,3,0,2,1,2,0,4,3,1,2,1,2,1,4,1,1,0,4,0,2,1,0,0,1,4,3,1,0,0,0,1,4,4,0,1,4,3,0,0,2,2,0,1,1,5,3,0,0,0,2,0,7,0,0,0,3,0,1,3,4,2,0,3,0,3,0,6,0,1,1,4,6,6,0,9,1,3,3,0,2,6,0,9,6,4,2,8,4,5,2
1270,4,1,2,1,0,5,3,0,2,1,2,0,4,3,1,2,1,2,1,4,1,1,0,4,0,2,1,0,0,1,4,3,1,0,0,0,1,4,4,0,1,4,3,0,0,2,2,0,1,1,5,3,0,0,0,2,0,7,0,0,0,3,0,1,3,4,2,0,2,0,3,0,6,0,1,1,4,6,6,1,9,1,3,3,0,2,6,0,9,6,4,2,8,4,5,2
1271,4,1,2,1,0,5,3,0,2,1,2,0,4,3,1,2,1,2,1,4,1,1,0,4,0,2,1,0,0,1,4,3,1,0,0,0,1,4,4,0,1,4,3,0,0,2,2,0,1,1,5,3,0,0,0,2,0,7,0,0,0,3,0,1,3,4,2,0,2,0,3,0,6,0,1,1,4,6,6,1,9,2,3,3,0,2,6,0,9,6,4,2,8,4,5,2
1272,4,1,2,1,0,4,3,0,2,1,2,0,4,3,1,2,1,2,1,4,1,1,0,4,0,2,1,0,0,1,4,3,1,0,0,0,1,4,4,0,1,4,3,0,0,2,2,0,1,1,5,3,0,0,0,2,0,7,0,0,0,3,0,1,3,4,2,0,2,0,3,0,6,0,1,1,4,6,6,1,9,2,3,3,0,2,6,0,9,6,4,2,8,4,5,2
1273,4,1,2,1,0,4,3,0,2,1,2,0,4,3,1,2,1,2,1,4,1,1,0,4,0,2,1,0,0,1,4,3,1,0,0,0,1,4,4,0,1,4,3,0,0,2,2,0,1,1,5,3,0,0,0,2,0,8,0,0,0,3,0,1,3,4,2,0,2,0,3,0,6,0,1,1,4,6,6,1,9,2,3,3,0,2,6,0,10,6,4,2,8,4,5,2
1274,4,1,2,1,0,4,4,0,2,1,2,0,4,3,1,2,1,2,1,4,1,1,0,4,0,2,1,0,0,1,4,3,1,0,0,0,1,4,4,0,1,4,3,0,0,2,2,0,1,1,5,3,0,0,0,2,0,8,0,0,0,3,0,1,3,4,2,0,2,0,3,0,6,0,1,1,4,6,6,1,9,2,3,3,0,2,6,0,10,6,4,2,8,4,5,2
1275,4,1,2,1,0,4,4,0,2,1,2,0,4,3,1,2,1,2,1,4,1,1,0,4,0,3,1,0,0,1,4,3,1,0,0,0,1,4,4,0,1,4,3,0,0,3,2,0,1,1,5,3,0,0,0,2,0,8,0,0,0,3,0,1,3,4,2,0,2,0,3,0,6,0,1,1,4,6,6,1,10,2,3,3,0,2,6,0,10,6,4,2,8,4,5,2
1276,4,1,2,1,0,4,4,0,2,1,2,0,4,3,1,2,1,2,1,4,1,1,0,4,0,3,1,0,0,1,4,3,1,0,0,0,1,5,4,0,1,4,3,0,0,3,2,0,1,1,5,3,0,0,0,2,0,8,0,0,0,3,0,1,3,4,2,0,2,0,3,0,6,0,1,1,4,6,6,1,10,2,3,3,0,2,6,0,10,6,4,2,8,4,5,2
1277,4,1,2,1,0,4,4,0,2,1,2,0,4,3,1,2,1,2,1,4,1,1,0,4,0,3,1,0,0,1,4,3,1,0,0,0,1,5,4,0,1,4,3,0,0,3,2,0,1,1,5,3,0,0,0,2,0,8,0,0,0,3,0,1,3,4,2,0,2,0,3,0,6,0,1,1,4,6,6,1,10,2,3,3,0,2,6,0,10,6,4,2,8,4,5,2
1278,4,1,2,1,0,4,4,0,2,1,2,0,4,3,1,2,1,2,1,4,1,1,0,4,0,3,1,0,0,1,4,3,1,0,0,0,1,5,4,0,1,4,3,0,0,3,2,0,1,1,5,3,0,0,0,2,0,8,0,0,0,3,0,1,3,4,2,0,2,0,3,0,7,0,1,1,4,6,6,1,10,2,3,3,0,2,6,0,10,6,4,2,8,4,5,2
1279,4,1,2,1,0,4,4,0,2,1,2,0,4,3,1,2,1,2,1,4,1,1,0,4,0,3,1,0,0,1,4,3,1,0,0,0,1,5,4,0,1,4,3,0,0,3,2,0,1,1,5,3,0,0,0,2,0,8,0,0,0,3,0,1,3,4,2,0,2,0,3,0,7,0,1,2,4,6,7,1,10,2,3,3,0,2,6,0,10,6,4,2,8,4,5,2
1280,4,1,2,1,0,4,4,0,2,1,2,0,4,3,1,2,1,2,1,4,1,1,0,4,0,3,1,0,0,1,4,3,1,0,0,0,1,5,4,0,1,4,3,0,0,4,2,0,1,1,5,3,0,0,0,2,0,8,0,0,0,3,0,1,3,4,2,0,2,0,3,0,7,0,1,2,4,6,7,1,10,2,3,3,0,2,6,0,10,6,4,2,8,4,5,2
1281,4,1,2,1,0,4,4,0,2,1,2,0,4,3,1,2,1,2,1,4,1,1,0,4,0,3,1,0,0,1,4,3,1,0,0,0,1,5,4,0,1,4,3,0,0,4,2,0,1,1,5,3,0,0,0,2,0,8,0,0,0,3,0,1,4,4,2,0,2,0,3,0,7,0,2,2,4,6,7,1,10,2,3,3,0,2,6,0,10,6,4,2,8,4,5,2
1282,4,1,2,1,0,4,4,0,2,1,2,0,4,3,1,2,1,2,1,4,1,1,0,4,0,3,1,0,0,1,4,3,1,0,0,0,1,5,4,0,1,4,3,0,0,4,2,0,1,1,5,3,0,0,0,2,0,8,0,0,0,3,0,1,4,4,2,0,2,0,3,0,8,0,2,2,4,6,7,1,10,2,3,4,0,2,6,0,10,6,4,2,8,4,5,2
1283,4,1,2,1,0,4,4,0,2,1,2,0,4,3,1,2,1,2,1,4,1,1,0,3,0,3,1,0,0,1,4,3,1,0,0,0,1,5,4,0,1,4,3,0,0,4,2,0,1,1,5,3,0,0,0,2,0,8,0,0,0,3,0,1,4,4,2,0,2,0,3,0,8,0,2,2,4,6,7,1,10,2,3,4,0,2,6,0,10,6,4,2,8,4,5,2
1284,4,1,2,1,0,4,4,0,2,1,2,0,4,3,1,2,1,2,1,4,1,1,0,3,0,3,1,0,0,1,4,3,1,0,0,0,1,5,4,0,1,5,3,0,0,4,3,0,1,1,5,3,0,0,0,2,0,8,0,0,0,3,0,1,4,4,2,0,2,0,3,0,8,0,2,2,4,6,7,1,10,2,3,4,0,2,6,0,10,5,4,2,8,4,5,2
1285,4,1,2,1,0,4,4,0,2,1,2,0,4,3,1,2,1,2,1,4,1,1,1,3,0,3,1,0,0,1,4,3,1,0,0,0,1,5,4,0,1,5,3,0,0,4,3,1,1,1,5,3,0,0,0,2,0,7,0,0,0,3,0,1,4,4,2,0,2,0,3,0,8,0,2,2,5,6,7,1,10,2,3,4,0,2,6,0,10,5,4,2,8,4,5,2
1286,4,1,2,1,0,4,4,0,2,1,2,0,4,3,1,2,1,2,1,4,1,1,1,3,0,3,1,0,0,1,4,3,1,0,0,0,1,5,4,0,1,5,3,0,0,4,3,1,1,1,5,3,0,0,0,2,0,8,0,0,0,3,0,1,4,4,2,0,2,0,3,0,8,0,2,2,5,6,7,1,10,2,3,4,0,2,6,0,10,5,4,2,8,4,5,2
1287,4,1,2,1,0,4,4,0,2,1,2,0,4,3,1,2,1,2,1,4,1,1,1,3,0,3,1,0,0,1,4,3,1,0,0,0,1,5,4,0,1,5,3,0,0,4,3,1,1,1,5,3,0,0,0,2,0,8,0,0,0,3,0,1,4,4,2,0,2,0,3,0,8,0,2,2,5,6,7,1,10,2,3,4,0,2,6,0,10,5,4,2,8,4,5,2
1288,4,1,2,1,0,4,4,0,2,1,2,0,4,3,1,2,1,2,1,5,1,1,1,4,0,3,2,0,0,1,4,3,1,0,0,0,1,5,4,0,1,5,3,0,0,4,3,1,1,1,5,3,0,0,0,2,0,8,0,0,0,3,0,1,4,4,2,0,2,0,3,0,8,0,2,2,5,6,7,1,11,2,3,4,0,2,6,0,10,4,4,2,8,4,5,2
1289,4,1,2,1,0,4,4,0,2,1,2,0,4,3,1,2,1,2,1,5,1,1,1,4,0,3,2,0,0,1,4,3,1,0,0,0,1,5,4,0,1,5,3,0,0,4,3,1,1,1,5,3,0,0,0,2,0,8,0,0,0,3,0,1,4,4,2,0,2,0,4,0,8,0,2,2,5,6,7,1,11,2,3,4,0,2,6,0,10,5,4,2,8,4,5,2
1290,4,1,2,1,0,4,4,0,2,1,2,0,4,3,1,2,1,2,1,5,1,1,1,4,0,3,2,0,0,1,4,3,1,0,0,0,1,5,4,0,1,5,3,0,0,4,3,1,1,1,5,3,0,0,0,2,0,8,0,0,0,3,0,1,4,5,2,0,2,0,4,0,8,0,2,2,5,6,7,1,11,2,3,4,0,2,6,0,10,5,4,2,7,5,5,2
1291,4,1,2,1,0,3,4,0,2,1,2,0,4,3,1,2,1,2,1,5,1,1,1,4,0,3,2,0,0,1,4,3,1,0,0,0,1,5,4,0,1,5,3,0,0,4,3,1,1,1,5,3,0,0,0,2,0,8,0,0,0,3,0,1,4,5,2,0,3,0,4,0,8,0,2,2,5,6,7,1,11,2,3,4,0,2,7,0,9,5,4,2,7,5,5,2
1292,4,1,2,1,0,3,4,0,2,1,2,0,4,3,1,2,1,2,1,5,1,1,1,4,0,3,2,0,0,1,4,3,1,0,0,0,1,5,4,0,1,5,3,0,0,4,3,1,1,1,5,3,0,0,0,2,0,8,0,0,0,4,0,1,4,5,2,0,3,0,4,0,8,0,2,2,5,6,6,1,11,2,3,4,0,2,7,0,9,6,4,2,7,5,5,2
1293,5,1,2,1,0,3,4,0,2,1,2,0,4,3,1,2,1,2,1,5,1,1,1,4,0,3,2,0,0,1,4,3,1,0,0,0,1,5,4,0,1,5,3,0,0,4,3,1,1,1,5,3,0,0,0,2,0,8,0,0,0,4,0,1,4,5,2,0,3,0,4,0,8,0,2,2,5,6,6,1,11,2,3,4,0,2,7,0,9,6,4,2,7,5,5,2
1294,5,1,2,1,0,3,4,0,2,1,2,0,6,3,1,2,1,2,1,5,1,1,1,4,0,3,2,0,0,1,4,3,1,0,0,0,1,5,4,0,1,5,3,0,0,4,3,1,1,1,5,4,0,0,0,2,0,8,0,0,0,4,0,1,4,5,2,0,3,0,4,0,8,0,2,2,5,6,6,1,11,2,3,4,0,2,7,0,9,6,4,2,7,5,5,2
1295,5,1,2,1,0,3,4,0,2,1,2,0,6,3,1,2,1,2,1,5,1,1,1,4,0,3,2,0,0,1,4,3,1,0,0,0,1,5,4,0,1,5,3,0,0,4,3,1,1,1,5,4,0,0,0,2,0,8,0,0,0,4,0,1,4,5,2,0,3,0,4,0,8,0,2,2,5,6,6,1,11,2,3,4,0,2,7,0,9,6,4,2,7,5,5,2
1296,5,1,2,1,0,3,4,0,2,1,2,0,6,3,1,2,1,2,1,4,1,1,1,4,0,3,3,0,0,1,4,3,1,0,0,0,1,5,4,0,1,5,3,1,0,3,3,1,1,1,5,4,0,0,0,2,0,8,0,0,0,4,0,1,4,5,2,0,3,0,4,0,8,0,2,2,5,6,6,1,11,2,3,4,0,2,7,0,9,6,4,2,7,5,5,2
1297,5,1,2,1,0,3,4,0,2,1,2,0,6,3,1,2,1,2,1,4,1,1,1,4,0,3,3,0,0,1,4,3,1,0,0,0,1,5,4,0,1,5,3,1,0,3,3,1,1,1,6,4,0,0,0,2,0,8,0,0,0,4,0,1,4,5,2,0,3,0,4,0,8,0,2,2,5,6,6,1,12,2,3,4,0,2,7,0,9,6,4,2,7,5,5,2
1298,5,1,2,1,0,3,4,0,2,2,2,0,6,2,1,2,1,2,1,4,1,1,1,4,0,3,3,0,0,1,4,3,1,0,0,0,1,5,4,0,1,5,3,1,0,3,3,1,1,1,6,4,0,0,0,2,0,8,0,0,0,4,0,1,4,5,2,0,3,0,4,0,8,0,2,2,5,6,6,2,12,2,3,4,0,2,7,0,9,6,4,2,7,5,5,2
1299,5,1,2,1,0,3,4,0,2,3,2,0,6,2,1,2,1,2,1,4,1,1,1,4,0,3,3,0,0,1,4,3,1,0,0,0,1,5,4,0,1,5,3,1,0,3,3,1,1,1,6,4,0,0,0,2,0,8,0,0,0,4,0,1,4,5,2,0,3,0,4,0,8,0,2,2,5,6,6,2,12,2,3,4,0,2,7,0,9,6,4,2,7,5,5,2
1300,5,1,2,1,0,3,4,0,2,3,2,0,6,2,1,2,1,2,1,4,1,1,1,4,0,3,3,0,0,1,4,3,1,0,0,0,1,5,4,0,1,5,3,1,0,3,3,1,1,2,6,4,0,0,0,2,0,8,0,0,0,4,0,1,4,5,2,0,3,0,4,0,8,0,2,2,5,6,6,2,12,2,3,4,0,2,8,0,9,6,4,2,7,5,5,2
1301,5,1,2,1,0,3,4,0,2,3,2,0,7,2,1,2,1,2,1,4,1,1,1,4,0,3,3,0,0,1,4,3,1,0,0,0,1,5,4,0,1,5,3,1,0,3,3,1,1,2,6,4,0,0,0,2,0,8,0,0,0,4,0,1,4,5,2,0,3,0,4,0,8,0,2,2,5,6,6,2,12,2,3,4,0,2,8,0,9,6,4,2,7,5,5,2
1302,5,1,2,1,0,3,3,0,2,3,2,0,7,2,1,2,1,2,1,4,1,1,1,4,0,3,3,0,0,1,4,3,1,0,0,0,1,5,4,0,1,5,3,1,0,3,3,1,1,2,6,4,0,0,0,2,0,8,0,0,0,4,0,1,4,5,2,0,3,0,4,0,8,0,2,2,5,6,6,2,12,2,3,4,0,2,8,0,9,6,4,2,7,5,5,2
1303,5,1,2,1,0,3,3,0,2,3,2,0,7,2,1,2,1,2,1,4,1,1,1,4,0,3,3,0,0,1,4,3,1,0,0,0,1,5,4,0,1,5,3,1,0,3,3,1,1,2,6,4,0,0,0,2,0,8,0,0,0,4,0,1,4,5,2,0,3,0,4,0,8,0,2,2,5,6,6,2,12,2,3,4,0,2,8,0,9,6,4,2,7,5,5,2
1304,5,1,2,1,0,3,3,0,2,3,2,0,7,2,1,2,1,2,1,4,1,1,1,4,0,3,3,0,0,1,4,3,1,0,0,0,1,5,4,0,1,5,3,1,0,3,3,1,1,2,6,4,0,0,0,2,0,8,0,0,0,5,0,1,4,5,2,0,3,0,4,0,8,0,2,2,5,6,6,2,12,2,3,4,0,2,8,0,9,6,4,2,7,5,5,2
1305,5,1,2,1,0,3,3,0,2,3,2,0,7,2,1,2,1,2,1,4,1,1,1,4,0,3,3,0,0,1,4,3,1,0,0,0,1,5,4,0,1,5,3,1,0,3,3,1,1,2,6,4,0,0,0,2,0,8,0,0,0,5,0,1,4,5,2,0,3,0,4,0,8,0,2,2,5,6,6,2,12,2,3,4,0,2,8,0,9,6,4,2,7,5,7,2
1306,5,1,2,1,0,3,3,0,2,3,2,0,7,2,1,2,1,2,1,4,1,1,1,4,0,3,3,0,0,1,4,3,1,0,0,0,1,5,4,0,1,5,2,1,0,3,3,1,1,2,6,4,0,0,0,2,0,8,0,0,0,5,0,1,4,5,2,0,3,0,4,0,7,0,3,2,5,6,6,2,12,2,3,4,0,2,8,0,9,8,4,2,7,5,7,2
1307,5,1,2,1,0,3,3,0,2,3,2,0,7,2,1,2,1,2,1,4,1,1,1,4,0,3,3,0,0,1,4,3,1,0,0,0,1,5,4,0,1,5,2,1,0,3,3,1,1,2,6,4,0,0,0,2,0,8,0,0,0,5,0,1,4,5,2,0,3,0,4,0,7,0,3,2,5,6,6,2,12,2,3,4,0,2,8,0,9,8,3,2,7,5,7,2
1308,5,1,2,1,0,3,3,0,2,3,2,0,7,2,2,2,1,2,1,4,1,1,1,4,0,3,3,0,0,1,4,3,1,0,0,0,1,5,4,0,1,5,2,1,0,3,3,1,1,2,6,4,0,0,0,2,0,8,0,0,0,5,0,1,4,5,2,0,3,0,4,0,7,0,3,2,5,6,6,2,12,2,3,4,0,2,8,0,9,8,3,2,7,5,7,2
1309,5,1,2,1,0,3,3,0,2,3,2,0,7,2,2,2,1,2,1,4,1,1,1,4,0,3,3,0,0,1,4,3,1,0,0,0,1,5,4,0,1,5,2,1,0,3,3,1,1,2,6,4,0,0,0,2,0,8,0,0,0,5,0,1,4,5,2,0,3,0,4,0,7,0,3,2,5,6,6,2,12,2,3,4,0,2,9,0,9,8,3,2,7,5,7,2
1310,5,1,2,1,0,3,3,0,2,3,2,0,7,2,2,2,1,2,1,4,2,1,1,4,0,3,3,0,0,1,4,3,1,0,0,0,1,5,4,0,1,5,2,1,0,3,3,1,1,2,6,4,0,0,0,2,0,8,0,0,0,5,0,1,4,5,2,1,3,0,4,0,7,0,3,2,5,6,6,2,12,2,3,4,0,2,9,0,9,8,3,2,7,5,7,2
1311,5,1,2,1,0,3,3,0,2,3,2,0,7,2,2,2,1,2,1,4,2,1,1,4,0,3,3,0,0,1,4,3,1,0,0,0,1,5,4,0,1,5,2,1,0,3,3,1,1,2,6,4,0,0,0,3,0,8,0,0,0,5,0,1,4,5,2,1,3,0,4,0,7,0,3,2,5,6,6,2,12,2,3,4,0,2,9,0,8,8,3,2,7,5,7,2
1312,5,1,2,1,0,3,3,0,2,3,2,0,7,2,2,2,1,2,1,4,2,1,1,4,0,3,3,0,0,1,4,3,1,0,0,0,1,5,4,0,1,5,2,1,0,3,3,1,1,2,6,4,0,0,0,3,0,8,0,0,0,5,0,1,4,5,2,1,3,0,4,0,7,0,3,2,5,6,7,2,12,2,3,3,0,2,9,0,8,8,3,2,7,5,7,2
1313,5,1,2,1,0,3,3,0,2,3,2,0,7,2,2,2,1,2,1,4,2,1,1,4,0,3,3,0,0,1,4,3,1,0,0,0,1,5,4,0,1,5,2,1,0,3,3,1,1,2,6,4,0,0,0,3,0,8,0,0,0,5,0,1,4,5,2,1,3,0,4,0,7,0,3,2,5,6,7,2,12,2,3,3,0,2,9,0,8,8,3,2,7,5,7,2
1314,5,1,2,1,0,3,3,0,2,3,2,0,7,3,2,2,1,2,1,4,2,1,1,4,0,3,3,0,0,1,4,3,1,0,0,0,1,5,4,0,1,5,2,1,0,3,3,1,1,2,6,4,0,0,0,3,0,8,0,0,0,5,0,1,4,5,2,1,3,0,4,0,7,0,3,2,5,6,7,2,12,2,3,3,0,2,9,0,8,8,3,2,7,5,7,2
1315,5,1,2,1,0,3,3,0,2,3,2,0,7,3,2,2,1,2,1,4,2,1,1,4,0,3,3,0,0,1,4,3,1,0,0,0,1,5,4,0,1,5,2,1,0,3,3,1,1,2,6,4,0,0,0,3,0,8,0,0,0,5,0,1,4,5,2,1,3,0,4,0,7,0,3,2,5,6,7,2,12,2,3,3,0,2,10,0,8,8,3,2,7,5,7,2
1316,5,1,3,1,0,3,3,0,2,3,2,0,7,3,2,2,1,2,1,4,2,1,1,4,0,3,3,0,0,1,4,3,1,0,0,0,1,5,4,0,1,5,2,1,0,3,3,1,1,2,6,4,0,0,0,3,0,8,0,0,0,5,0,1,4,5,2,1,3,0,4,0,7,0,3,2,5,6,7,2,12,2,3,3,0,2,10,0,8,8,3,2,7,5,7,2
1317,5,1,3,1,0,3,3,0,2,3,2,0,7,3,2,2,1,2,1,4,2,1,1,4,0,3,3,0,0,1,4,3,1,0,0,0,1,5,4,0,1,5,2,1,0,3,3,1,1,2,6,4,0,0,0,2,0,8,0,0,0,5,0,1,4,5,2,1,3,0,4,0,7,0,3,2,5,6,7,2,12,2,3,3,0,2,10,0,8,8,3,2,7,6,7,2
1318,5,1,3,1,0,3,3,0,2,3,3,0,6,3,2,2,1,2,1,4,2,1,1,4,0,3,3,0,0,1,4,3,1,0,0,0,1,5,4,0,1,5,2,1,0,3,3,1,1,2,6,4,0,0,0,2,0,8,0,0,0,5,0,1,4,5,2,1,3,0,4,0,7,0,3,2,5,6,7,2,12,2,3,3,0,2,10,0,8,8,4,2,7,6,7,2
1319,5,1,3,1,0,3,3,0,2,4,3,0,6,3,2,2,1,2,1,4,2,1,1,4,0,3,3,0,0,1,4,3,1,0,0,0,1,5,4,0,1,5,2,1,0,3,3,1,1,2,6,4,0,0,0,2,0,8,0,0,0,5,0,1,4,5,2,1,3,0,4,0,7,0,3,2,5,6,7,2,12,2,3,3,0,2,10,0,8,8,4,2,7,6,7,2
1320,5,1,3,1,0,3,3,0,2,5,3,0,6,3,2,2,1,2,1,4,2,1,1,4,0,3,3,0,0,1,4,3,1,0,0,0,1,5,4,0,1,5,2,1,0,3,3,1,1,2,6,4,0,0,0,2,0,8,0,0,0,5,0,1,4,5,2,1,3,0,4,0,7,0,3,2,5,6,7,2,12,2,3,3,0,2,10,0,8,8,4,2,7,6,8,2
1321,5,1,3,1,0,3,3,0,2,5,3,0,6,3,2,2,1,2,1,4,2,1,1,4,0,3,3,0,0,1,4,3,1,0,0,0,1,5,4,0,1,5,2,1,0,3,3,1,1,2,6,4,0,0,0,2,0,8,0,0,0,5,0,1,4,5,2,2,3,0,4,0,7,0,3,2,5,6,7,2,12,3,3,3,0,2,10,0,8,8,4,2,7,6,8,2
1322,5,1,3,1,0,3,3,0,2,5,3,0,6,3,2,2,1,2,1,4,2,1,1,4,0,3,3,0,0,1,4,3,1,0,0,0,1,5,4,0,1,5,2,1,0,3,3,1,1,2,6,4,0,0,0,2,0,8,0,0,0,5,0,1,4,5,2,2,3,0,4,0,7,0,3,2,5,6,7,2,12,3,3,3,0,2,11,0,8,8,4,2,7,6,8,2
1323,5,1,3,1,0,3,3,0,2,5,3,0,6,3,2,2,1,2,1,4,2,1,1,4,0,3,3,0,0,1,4,3,1,0,0,0,1,5,4,0,1,5,3,1,0,3,3,1,1,2,6,4,0,0,0,2,0,8,0,0,0,5,0,1,4,5,2,2,4,0,4,0,7,0,3,2,5,6,7,2,12,3,3,3,0,2,11,0,8,9,4,2,7,6,8,2
1324,5,1,3,1,0,3,3,0,2,5,3,0,6,3,2,2,1,2,1,4,2,1,1,4,0,3,3,0,0,1,4,3,1,0,0,0,1,5,4,0,1,5,3,1,0,3,3,1,1,2,6,4,0,0,0,2,0,8,0,0,0,5,0,1,4,5,2,2,4,1,4,0,7,0,3,2,5,6,7,2,13,3,3,3,0,1,12,0,8,9,4,2,7,6,8,2
1325,5,1,3,1,0,3,3,0,2,5,3,0,6,3,2,1,1,2,1,4,2,1,1,4,0,3,3,0,0,1,4,3,1,0,0,0,1,5,3,0,1,5,3,1,0,4,3,2,0,2,6,4,0,0,0,2,0,8,0,0,0,5,0,1,4,5,2,2,4,1,4,0,8,0,3,2,5,7,7,2,13,3,3,3,0,1,12,0,8,9,4,2,7,6,8,2
1326,5,1,3,1,0,3,3,0,2,5,3,0,6,3,2,1,1,2,1,4,2,1,1,4,0,3,3,0,0,1,4,3,1,0,0,0,1,5,3,0,2,5,3,1,0,4,3,2,0,2,6,4,0,0,0,2,0,8,0,0,0,5,0,1,5,5,2,2,4,1,4,0,8,0,3,2,5,7,8,2,13,3,3,3,0,2,12,0,8,9,4,2,7,6,8,2
1327,5,1,3,1,0,3,3,0,2,5,3,0,6,3,2,2,1,2,1,4,2,1,1,4,0,4,3,0,0,1,4,3,1,0,0,0,1,5,3,0,2,5,3,1,0,4,3,2,0,2,6,4,0,0,0,2,0,8,0,0,0,5,0,1,5,5,2,2,4,1,4,0,8,0,3,2,5,7,8,2,13,3,3,3,0,2,12,0,8,9,4,2,7,6,8,2
1328,5,1,3,1,0,3,3,0,2,5,3,0,6,3,2,2,1,2,1,4,2,1,1,4,0,4,3,0,0,1,4,3,1,0,0,0,1,5,3,0,2,5,3,1,0,4,3,2,0,2,6,4,0,0,0,2,0,8,0,0,0,5,0,1,5,5,2,2,5,1,4,0,8,0,3,2,5,7,8,2,14,3,3,3,0,2,12,0,8,9,4,2,7,6,8,2
1329,5,1,3,1,0,3,3,0,2,5,3,0,6,3,2,2,1,2,1,4,2,1,1,4,0,4,3,0,0,1,4,3,1,0,0,0,1,5,3,0,2,5,3,1,0,4,3,2,0,2,6,4,0,0,0,2,0,8,1,0,0,5,0,1,5,5,2,2,5,1,4,0,8,0,3,2,5,7,8,2,14,3,3,3,0,2,11,0,8,9,4,2,7,6,8,2
1330,5,1,3,1,0,3,3,0,2,5,3,0,6,3,2,2,1,2,1,4,2,1,1,4,0,4,3,0,0,1,4,3,1,0,0,0,1,5,4,0,2,5,3,1,0,4,3,2,0,2,6,4,0,0,0,2,0,8,1,0,0,5,0,1,5,5,2,2,5,1,4,0,8,0,3,2,5,7,8,2,14,3,3,3,0,2,11,0,8,9,4,3,7,6,8,2
1331,5,1,3,1,0,3,3,0,2,5,3,0,6,3,2,2,1,2,1,4,2,1,1,4,0,4,3,0,0,1,4,3,1,0,0,0,1,5,4,0,2,5,3,1,0,4,3,2,0,2,7,4,0,0,0,2,0,8,1,0,0,5,0,1,5,5,2,2,5,1,4,0,8,0,3,2,5,7,8,2,14,3,3,3,0,2,11,0,8,9,4,3,7,6,8,2
1332,5,1,3,1,0,3,3,0,2,5,3,0,6,4,2,2,1,2,1,4,2,1,1,4,0,4,3,0,0,1,4,3,1,0,0,0,1,5,4,0,2,5,3,1,0,4,3,2,0,2,7,4,0,0,0,2,0,8,1,0,0,5,0,1,5,5,2,2,5,1,4,0,8,0,3,2,5,7,8,2,14,3,3,3,0,2,11,0,8,9,4,3,7,6,8,2
1333,5,1,3,2,0,3,3,0,2,5,3,0,6,4,2,2,1,2,1,4,2,1,1,4,0,4,3,0,0,1,4,3,1,0,0,0,1,5,4,0,2,5,3,1,0,4,3,2,0,2,7,4,0,0,0,2,0,8,1,0,0,5,0,1,5,5,2,2,5,1,4,0,8,0,3,2,5,7,8,2,14,3,3,3,0,2,11,0,9,9,4,4,7,6,8,2
1334,5,1,3,2,0,3,3,0,2,5,3,0,6,4,2,2,1,2,1,4,2,1,1,4,0,4,3,0,0,1,4,3,1,0,0,0,1,5,4,0,2,5,3,1,0,4,3,2,0,2,7,4,0,0,0,2,0,8,1,0,0,5,0,1,5,5,3,2,5,1,4,0,8,0,3,1,5,7,8,2,14,3,3,3,0,2,11,0,9,9,4,4,7,6,8,2
1335,5,1,3,2,0,3,3,0,2,5,3,0,6,4,2,2,1,2,1,4,2,1,1,4,0,4,3,0,0,1,4,3,1,0,0,0,1,5,4,0,2,5,3,1,0,4,3,2,0,2,7,4,0,0,0,2,0,8,1,0,0,5,0,1,5,5,3,2,5,1,4,0,8,0,3,1,5,7,8,2,14,3,3,3,0,2,11,0,9,9,4,4,7,6,8,2
1336,5,1,3,2,0,3,3,0,2,5,3,0,6,4,2,2,1,2,1,4,2,1,1,4,0,4,3,0,0,1,4,3,1,0,0,0,1,5,4,0,2,5,3,1,0,4,3,2,0,2,7,4,0,0,0,2,0,8,1,0,0,5,0,1,5,5,3,3,5,1,4,0,8,0,3,1,5,7,8,2,14,3,3,3,0,2,11,0,9,9,4,4,7,6,8,2
1337,5,1,3,2,0,3,3,0,2,5,3,0,6,4,2,2,1,2,1,4,2,1,1,4,0,4,3,0,0,1,4,3,1,0,0,0,1,5,4,0,2,5,3,1,0,4,3,2,0,2,7,4,0,0,0,2,0,8,1,0,0,5,0,1,5,5,3,3,5,1,4,0,8,0,3,1,5,7,8,2,14,3,3,3,0,2,12,0,9,9,4,4,7,6,8,2
1338,5,1,3,2,0,3,3,0,2,5,3,0,6,4,2,2,1,2,1,4,2,1,1,4,0,4,3,0,0,1,4,3,1,0,0,0,1,5,4,0,2,5,3,1,0,4,3,2,0,2,7,4,0,0,0,2,0,8,1,0,0,5,0,1,5,5,3,3,5,1,4,0,8,0,3,1,5,7,8,2,14,3,3,3,0,2,12,0,10,9,4,4,7,6,8,2
1339,5,1,3,2,0,3,3,0,2,5,3,0,6,4,2,2,1,2,1,4,2,1,1,4,0,4,3,0,0,1,4,3,1,0,0,0,1,5,4,0,2,5,3,1,0,4,3,2,0,2,7,4,0,0,0,2,0,8,1,0,0,5,0,1,5,5,3,3,5,1,4,0,8,0,3,1,5,7,8,2,14,3,3,3,0,2,12,0,10,9,4,4,7,7,8,2
1340,5,1,3,2,0,3,3,0,2,5,3,0,6,4,2,2,1,2,1,4,2,1,1,4,0,4,3,0,0,1,4,3,1,0,0,0,1,5,4,0,2,5,3,1,0,4,3,2,0,2,7,4,0,0,0,2,0,8,1,0,0,5,0,1,5,5,3,4,5,1,4,0,8,0,3,1,5,7,8,2,14,3,3,3,0,2,12,0,10,9,4,4,7,7,8,2
1341,5,1,3,2,0,3,3,0,2,5,3,0,6,4,2,2,1,2,1,4,2,1,1,4,0,4,3,0,0,1,4,3,1,0,0,0,1,5,4,0,2,5,3,1,0,4,3,2,0,2,8,4,0,0,0,2,0,8,1,0,0,5,0,1,5,5,3,5,6,1,4,0,8,0,3,1,5,7,8,2,14,3,3,3,0,2,12,0,10,9,4,4,7,7,8,2
1342,5,1,3,2,0,3,3,0,2,5,3,0,5,4,2,2,1,2,1,4,2,1,1,4,0,4,3,0,0,1,4,3,1,0,0,0,1,5,5,0,2,5,3,1,0,4,3,2,0,2,8,4,0,0,0,2,0,8,1,0,0,5,0,1,5,5,3,5,6,1,4,0,8,0,3,1,5,7,8,2,14,3,3,3,0,2,12,0,10,9,4,4,7,7,8,2
1343,5,1,3,2,0,3,3,0,2,5,3,0,5,4,2,2,1,2,1,4,2,1,1,4,0,4,3,0,0,1,4,3,1,1,0,0,1,5,5,0,2,5,3,0,0,4,3,2,0,2,8,4,0,0,0,2,0,8,1,0,0,5,0,1,5,5,3,5,6,1,4,0,8,0,3,1,5,7,8,2,14,3,3,3,0,2,12,0,10,9,4,4,7,7,8,2
1344,5,1,3,2,0,3,3,0,1,5,3,0,5,4,2,2,1,2,1,4,2,1,1,4,0,4,3,0,0,1,4,2,1,1,0,0,1,5,5,0,2,5,3,0,0,3,3,2,0,2,8,4,0,0,0,2,0,9,1,0,0,5,0,1,5,5,3,5,6,1,4,0,8,0,3,1,5,7,8,2,14,3,3,3,0,2,12,0,10,9,5,4,7,7,8,2
1345,5,1,3,2,0,3,3,0,1,5,3,0,5,4,2,2,1,2,1,4,2,1,1,4,0,4,3,0,0,1,4,2,1,1,0,0,1,5,5,0,2,5,3,0,1,3,3,2,0,2,8,4,0,0,0,2,0,8,1,0,0,5,0,1,5,5,3,5,6,1,4,0,8,0,3,1,5,7,8,2,14,3,4,3,0,2,12,0,10,10,5,4,7,7,8,2
1346,6,1,3,2,0,3,3,0,1,5,3,0,5,4,2,2,1,2,1,4,2,1,1,4,0,4,3,0,0,1,4,2,1,1,0,0,1,5,5,0,2,5,3,0,1,3,3,2,0,2,8,4,0,1,0,2,0,8,1,0,0,5,0,1,5,5,3,5,6,1,4,0,8,0,3,1,5,7,8,2,14,4,4,3,0,2,12,0,10,10,5,4,7,7,8,2
1347,6,1,3,2,0,3,3,0,1,5,3,0,5,4,2,2,1,2,1,4,2,1,1,4,0,4,4,0,0,1,4,2,1,1,0,0,1,5,5,0,2,5,3,0,1,3,3,3,0,2,8,4,0,1,0,2,0,8,2,0,0,5,0,1,5,5,3,5,6,1,4,0,8,0,3,1,5,7,8,2,14,4,4,3,0,2,12,0,10,10,5,4,7,7,8,2
1348,6,1,3,2,0,3,3,0,1,5,3,0,5,4,2,2,1,2,1,4,2,1,1,4,0,4,4,0,0,1,4,2,1,1,0,0,1,5,5,0,2,5,3,0,1,3,3,3,0,2,8,4,0,1,0,2,0,8,2,0,0,5,0,1,5,5,3,5,6,1,4,0,8,0,3,1,5,7,8,2,14,4,4,3,0,2,12,0,10,10,5,4,7,7,8,2
1349,6,1,3,2,0,3,3,0,1,5,3,0,5,4,2,2,1,2,1,4,2,1,1,4,0,4,4,0,0,1,4,2,1,1,0,0,1,5,5,0,2,5,3,0,1,3,3,3,0,2,8,4,0,1,0,2,0,8,2,0,0,5,0,1,5,5,3,5,6,1,4,0,8,0,3,1,5,7,8,3,14,4,5,3,0,2,12,0,10,10,5,4,7,7,8,2
1350,6,1,3,3,0,3,3,0,1,5,3,0,5,4,2,2,1,2,1,4,2,1,1,4,0,4,4,0,0,1,5,2,1,1,0,0,1,5,5,0,2,5,3,0,1,3,3,3,0,2,8,4,0,1,0,2,0,8,2,0,0,5,0,1,5,5,3,5,6,1,4,0,8,0,3,1,5,7,8,3,14,4,5,3,0,2,12,1,10,10,5,4,7,7,8,2
1351,6,1,3,3,0,3,3,0,1,5,3,0,5,4,2,2,1,2,1,4,2,1,1,6,0,4,4,0,0,1,5,2,1,1,0,0,1,5,5,0,2,5,4,0,1,3,3,3,0,2,8,4,0,1,1,2,0,8,2,0,0,5,0,1,5,5,3,5,6,1,4,0,8,0,3,1,5,7,7,3,14,4,5,3,0,2,12,1,10,10,5,4,7,7,8,2
1352,6,1,3,3,0,3,3,0,1,5,3,0,5,4,2,2,1,2,2,4,2,1,1,6,0,4,4,0,0,1,5,2,1,1,0,0,1,5,5,0,2,5,4,0,1,3,3,3,0,2,8,4,0,1,1,2,0,8,2,0,0,5,0,1,5,5,3,5,6,1,4,0,8,0,3,1,5,7,7,3,14,4,5,3,0,2,12,1,11,10,5,4,7,7,8,2
1353,6,1,3,3,0,3,3,0,1,5,3,0,5,4,2,2,1,2,2,4,2,1,1,6,0,4,4,0,0,1,5,2,1,1,0,0,1,5,5,0,2,5,4,0,1,3,3,3,1,2,8,4,0,1,1,2,0,8,2,0,0,5,0,1,5,5,3,5,6,1,4,0,8,0,3,1,5,7,7,3,14,4,5,3,0,2,12,1,11,10,5,4,7,7,8,2
1354,6,1,3,3,0,3,3,0,1,5,3,0,5,4,2,2,1,2,2,4,2,1,1,6,0,4,4,0,0,1,5,2,1,1,0,0,1,5,5,0,2,5,4,0,1,3,3,3,1,2,8,4,0,1,1,2,0,8,2,0,0,5,0,1,5,5,3,5,6,1,4,0,8,0,3,1,5,7,7,3,14,4,5,3,0,2,12,1,11,10,5,4,7,7,8,2
1355,6,1,3,3,0,3,2,0,1,5,3,0,5,4,2,2,1,2,2,4,2,1,1,6,0,4,4,0,0,1,5,2,1,1,0,0,1,4,5,0,2,5,4,0,1,3,3,3,1,2,8,4,0,1,1,2,0,8,2,0,0,5,0,1,5,5,3,5,6,1,4,0,8,0,3,1,5,7,8,3,15,4,5,3,0,2,12,1,11,10,5,4,7,6,8,2
1356,6,1,3,3,0,3,2,0,1,5,3,0,5,4,2,2,1,2,2,4,2,1,1,6,0,4,4,0,0,1,5,2,1,1,0,0,1,4,5,0,2,5,4,0,1,3,3,3,1,2,8,4,0,1,1,2,0,8,2,1,0,5,0,1,5,5,3,5,6,1,4,0,8,0,3,1,5,7,8,3,15,4,5,3,0,2,12,1,11,10,5,4,7,7,8,3
1357,6,1,3,3,0,3,2,0,1,5,3,0,5,4,2,2,1,2,2,4,2,2,1,6,0,4,3,0,0,1,5,2,1,1,1,0,1,4,5,0,2,5,4,0,1,3,3,3,1,2,8,4,0,1,1,2,0,8,2,1,0,5,0,1,5,5,3,5,6,1,4,0,8,0,3,1,5,7,8,3,15,4,5,3,0,2,12,1,11,10,5,4,7,7,8,3
1358,6,1,3,3,0,3,2,0,1,6,3,0,5,4,2,2,1,2,2,4,2,2,1,6,0,4,3,0,0,1,5,2,1,1,2,0,1,4,5,0,2,5,4,0,1,3,3,3,1,2,8,4,0,1,1,2,0,8,2,1,0,4,0,1,5,5,3,5,6,1,4,0,8,0,3,1,5,7,8,3,15,4,5,3,0,3,12,1,11,10,5,4,7,7,8,3
1359,6,1,3,3,0,3,2,0,1,6,3,0,6,4,2,2,1,2,2,4,2,2,1,6,0,4,3,0,0,1,5,2,1,1,2,0,1,4,5,0,2,5,4,0,1,3,3,3,1,2,8,4,0,1,1,2,0,8,2,1,0,4,0,1,5,5,3,5,6,1,4,0,8,0,3,1,5,7,8,3,15,4,5,3,0,3,12,1,11,10,5,4,7,7,8,3
1360,6,1,3,3,0,3,2,0,1,6,3,0,6,4,2,2,1,2,2,4,2,2,1,6,0,4,3,0,0,1,5,2,1,1,2,0,1,4,5,0,2,5,4,0,1,3,3,3,2,2,8,4,0,1,1,2,0,8,2,1,0,4,0,1,5,5,3,5,6,1,4,0,9,0,3,1,5,7,8,3,15,4,5,3,0,3,12,1,11,10,5,4,7,7,8,3
1361,6,1,3,3,0,3,2,0,1,6,3,0,6,4,2,2,1,2,2,4,2,2,1,6,0,4,3,0,0,1,5,2,1,1,2,0,1,4,5,0,2,5,4,0,1,3,3,3,2,2,8,4,0,1,1,2,0,8,2,1,0,4,0,1,5,5,3,5,6,1,4,0,9,0,3,1,5,7,8,3,15,4,5,3,0,4,12,1,11,10,5,4,7,7,8,3
1362,6,1,3,3,0,3,2,0,1,6,3,0,6,4,2,2,1,2,2,4,2,2,1,5,0,5,3,0,0,1,5,2,1,1,2,0,1,4,5,0,2,5,4,0,1,3,3,3,2,2,8,4,0,1,1,2,0,8,2,1,0,4,0,1,5,5,3,5,6,1,4,0,8,0,3,1,5,7,8,3,15,4,5,3,0,4,12,1,11,10,5,4,7,7,8,3
1363,6,1,3,3,0,3,2,0,1,6,3,0,6,4,2,2,1,2,2,3,2,2,1,5,0,5,3,0,0,1,5,2,1,1,2,0,1,4,5,0,2,5,4,0,1,3,3,3,2,2,8,4,0,1,1,2,0,8,2,1,0,4,0,1,5,5,3,5,6,1,4,0,8,0,3,1,5,7,8,3,15,4,5,3,0,4,12,1,12,10,5,4,7,7,8,3
1364,6,1,3,3,0,3,2,0,1,6,3,0,6,4,2,2,1,2,2,3,2,2,1,5,0,5,3,0,0,1,5,2,1,1,2,0,1,4,5,0,2,4,4,0,1,3,3,3,2,2,9,4,0,1,1,2,0,8,2,1,0,4,0,1,5,5,3,5,6,1,4,0,8,0,3,1,5,7,8,3,15,4,5,3,0,4,12,1,13,10,5,4,7,7,8,3
1365,6,1,3,3,0,3,1,1,1,6,3,0,6,4,2,2,1,2,2,3,2,2,1,5,0,5,3,0,0,1,5,2,1,1,2,0,1,4,5,0,2,4,4,0,1,3,3,3,2,2,9,4,0,1,1,2,0,8,2,1,0,4,0,1,5,5,3,5,6,1,4,0,8,0,3,1,5,7,8,3,14,4,5,3,0,4,12,1,13,10,6,4,7,7,8,4
1366,6,1,3,3,0,3,1,1,1,6,3,0,6,4,2,2,1,2,2,3,2,2,1,5,0,5,3,0,0,1,5,2,1,1,2,0,1,4,5,0,2,4,4,0,1,3,3,3,2,2,9,4,0,1,1,2,0,8,2,1,0,4,0,1,5,5,3,5,6,1,4,0,8,0,3,1,5,7,8,3,14,4,5,3,0,4,12,1,13,10,6,4,7,7,8,4
1367,6,1,3,3,0,3,1,1,1,6,3,0,6,4,2,2,1,2,2,4,2,2,1,5,0,5,3,0,0,1,5,2,1,1,2,0,1,4,5,0,2,4,4,0,1,3,3,3,2,2,9,4,0,1,1,2,0,8,2,1,0,4,0,1,5,5,3,5,6,1,4,0,8,0,3,1,5,7,8,3,14,5,5,3,0,4,12,1,13,10,6,4,7,7,8,4
1368,6,1,3,3,0,3,1,2,1,6,3,0,6,4,2,2,1,2,2,4,2,2,1,5,0,5,3,0,0,1,5,2,1,1,2,0,1,4,5,0,2,4,4,0,1,3,3,3,2,2,9,4,0,1,1,2,0,8,2,1,0,4,0,1,5,5,3,5,6,1,4,0,8,0,3,1,5,7,8,3,14,6,5,3,0,4,12,1,13,10,6,4,7,7,8,4
1369,6,1,3,3,0,3,1,2,1,6,3,0,6,4,2,2,1,2,2,4,2,2,1,5,0,5,3,0,0,1,5,2,1,1,2,0,1,4,5,0,2,4,4,0,1,3,3,3,2,2,9,4,0,1,1,2,0,8,2,1,0,4,0,1,5,5,3,5,6,1,5,0,8,0,3,1,5,7,8,3,14,6,5,3,0,4,12,2,13,11,6,4,7,7,8,4
1370,6,1,3,3,0,3,1,2,1,6,3,0,6,4,2,2,1,2,2,4,2,2,1,5,0,5,3,0,0,2,5,2,1,1,2,0,1,4,5,0,1,4,4,0,1,3,3,3,2,2,9,4,0,1,1,2,0,8,2,1,0,4,0,1,5,5,3,5,6,1,5,0,8,0,3,1,5,7,8,3,14,6,5,3,0,4,12,2,13,11,6,4,7,7,8,4
1371,6,1,3,4,0,3,1,2,1,6,3,0,6,5,2,2,1,2,2,4,2,2,1,5,0,5,3,0,0,2,5,2,1,1,2,0,1,4,5,0,1,4,4,0,1,3,3,3,2,2,9,4,0,1,1,2,0,8,2,1,0,4,0,1,5,5,3,6,6,1,5,0,8,0,3,1,5,7,7,3,14,6,5,3,0,4,12,2,13,11,6,4,7,7,8,4
1372,6,1,3,4,0,3,1,2,1,6,4,0,6,5,2,2,1,2,2,4,2,2,1,6,0,5,3,0,0,2,5,2,1,1,2,0,1,4,5,0,1,4,4,0,1,3,3,3,2,2,9,4,0,1,1,2,0,8,2,1,0,4,0,1,5,5,3,6,6,1,5,0,8,0,3,1,5,7,7,3,14,6,5,3,0,4,12,2,13,10,6,4,6,7,8,4
1373,6,1,3,5,0,3,1,2,1,6,4,0,6,5,2,2,1,2,2,4,2,2,1,6,0,5,3,0,0,2,5,2,1,1,2,0,1,4,5,0,1,4,4,0,1,3,3,3,2,2,9,4,0,1,1,2,0,8,2,1,0,4,0,1,5,5,3,6,6,1,5,0,9,0,4,1,5,7,7,3,14,6,6,3,0,4,12,2,13,10,6,4,6,7,8,4
1374,6,1,3,5,0,3,1,2,1,6,4,0,6,5,2,2,1,2,2,4,2,2,1,6,0,5,3,0,0,2,5,2,1,1,2,0,1,4,5,0,1,4,4,0,1,3,3,3,2,2,9,4,0,1,1,2,0,8,2,1,0,4,0,1,5,5,3,6,6,1,5,0,9,0,4,1,5,7,7,3,14,6,6,3,0,4,12,2,13,10,6,4,6,7,8,4
1375,6,1,3,5,0,3,1,2,1,6,4,0,6,5,2,2,1,2,2,4,2,2,1,6,0,5,3,0,0,2,5,2,1,1,2,0,1,4,5,0,1,5,4,0,1,3,3,3,2,2,9,4,0,1,1,2,0,8,2,1,0,4,0,1,5,5,3,6,6,1,5,0,9,0,4,1,5,7,7,3,14,6,6,3,0,4,13,2,13,10,6,4,6,7,8,4
1376,6,1,3,5,0,3,1,2,1,6,4,0,6,5,2,2,1,2,2,4,2,2,1,6,0,5,4,0,0,2,5,2,1,1,2,0,1,4,5,0,1,5,4,0,1,3,3,3,2,2,9,4,0,1,1,2,0,8,2,1,0,4,0,1,5,5,3,6,6,1,5,0,9,0,4,1,5,7,7,3,14,6,6,3,0,4,13,2,13,10,6,4,6,7,8,4
1377,6,1,3,6,0,3,1,2,1,6,4,0,6,5,2,2,1,2,2,4,2,2,1,6,0,5,4,0,0,2,5,2,1,1,2,0,1,4,6,0,1,5,4,0,1,3,3,3,2,2,9,4,0,1,1,2,0,8,2,1,0,4,0,1,5,5,3,6,6,1,5,0,9,0,4,1,5,7,7,3,14,6,6,4,0,4,13,2,13,10,6,4,6,7,8,4
1378,6,1,3,6,0,3,1,2,1,6,4,0,6,5,2,2,1,2,2,4,2,2,1,6,0,5,4,0,0,2,5,2,1,1,2,0,1,4,6,0,1,5,4,0,1,4,3,3,2,2,9,4,0,1,1,2,0,9,2,1,0,4,0,1,5,5,3,7,6,1,5,0,9,0,4,0,5,7,7,3,14,6,6,4,0,4,13,2,13,10,6,4,6,7,8,4
1379,6,1,3,6,0,3,1,2,1,6,4,0,6,5,2,2,1,2,2,4,2,2,1,6,0,5,4,0,0,2,5,2,1,1,2,0,1,4,6,0,1,5,4,0,1,5,3,3,2,2,9,4,0,1,1,2,0,10,2,1,0,4,0,1,5,5,3,7,5,1,5,0,9,0,4,0,5,7,7,3,14,6,6,4,0,4,13,2,13,10,6,4,6,7,8,4
1380,6,1,3,6,0,3,2,2,1,6,4,0,6,5,2,2,1,2,2,4,3,2,1,6,0,5,4,0,0,2,5,2,1,1,2,0,1,4,6,0,1,5,4,0,1,5,3,3,2,2,9,4,0,1,1,2,0,10,2,1,0,4,0,1,5,5,3,7,5,1,5,0,9,0,4,0,5,7,7,3,14,6,6,4,0,4,13,2,13,10,6,4,6,7,8,4
1381,6,1,3,6,0,3,2,2,1,6,4,0,6,5,2,2,1,2,2,4,3,2,1,6,0,5,4,0,0,2,5,2,1,1,2,0,1,4,6,0,1,5,4,0,1,6,3,3,2,2,9,4,0,1,1,2,0,10,2,1,0,4,0,1,5,5,3,7,5,1,6,0,9,0,4,0,5,7,7,3,14,6,6,5,0,4,13,2,13,10,6,4,6,7,8,4
1382,6,1,3,6,0,4,2,2,1,6,4,0,6,5,2,2,1,2,2,4,3,1,1,6,0,5,4,0,0,2,6,2,1,1,2,0,1,4,6,0,1,5,4,0,1,6,3,3,2,2,9,4,0,1,1,2,0,10,2,1,0,4,0,1,5,5,3,7,5,1,6,0,9,0,4,0,5,7,7,3,14,6,6,5,0,4,13,2,13,10,6,4,6,7,8,4
1383,6,1,3,6,0,4,2,2,1,6,4,0,6,5,2,2,1,2,2,4,3,1,1,6,0,6,4,0,0,2,6,2,1,1,2,0,1,4,6,0,1,5,4,0,1,6,3,3,2,2,9,4,0,1,1,2,0,10,2,1,0,4,0,1,5,5,4,7,5,1,6,0,9,0,4,0,5,7,7,3,14,6,6,5,0,4,13,2,13,10,6,4,6,7,8,4
1384,6,1,3,6,0,4,2,2,1,5,4,0,6,5,2,2,1,2,2,4,3,1,1,6,0,6,4,0,0,2,6,2,1,1,2,0,1,4,6,0,1,5,4,0,1,6,3,3,2,2,9,4,0,1,1,2,0,10,2,1,0,4,0,1,5,5,4,7,5,1,6,0,9,0,4,0,5,7,7,3,14,6,6,5,0,4,13,2,13,10,6,4,6,7,8,4
1385,6,1,3,6,0,4,2,2,1,5,4,0,6,5,2,2,1,2,2,4,3,1,1,6,0,6,4,0,0,2,6,2,1,1,2,0,1,4,6,0,1,5,4,0,1,6,3,3,2,2,8,4,0,1,1,2,0,10,2,1,0,6,0,1,5,5,4,7,5,1,6,0,9,0,4,0,5,7,7,3,14,6,6,5,0,4,13,2,13,10,6,4,6,7,8,4
1386,6,1,3,6,0,4,2,2,1,5,4,0,6,5,2,2,2,2,2,4,3,1,1,6,0,6,4,0,0,2,6,2,1,1,2,0,1,4,6,0,1,5,4,0,1,6,3,3,2,2,8,4,0,1,1,2,0,10,2,1,0,6,0,1,5,5,4,7,5,1,6,0,9,0,4,0,5,7,7,3,14,6,6,5,0,4,13,2,13,10,6,4,6,7,8,4
1387,6,1,3,6,0,4,2,2,1,5,4,0,6,5,2,2,2,2,2,5,3,1,1,6,0,6,4,0,0,2,6,2,1,1,2,0,1,4,6,0,1,4,4,0,1,6,3,3,2,2,9,4,0,1,1,2,0,10,2,1,0,6,0,1,4,5,4,7,5,1,6,0,9,0,4,0,5,7,7,3,14,6,6,5,0,4,13,2,13,10,6,5,6,7,8,4
1388,6,1,3,6,0,4,2,2,1,5,4,0,6,5,2,2,2,2,2,5,3,1,1,6,0,6,4,0,0,2,6,2,1,1,2,0,1,4,6,0,2,4,5,0,1,6,3,3,2,2,9,4,0,1,1,2,0,10,2,1,0,6,0,1,4,5,4,8,5,1,6,0,9,0,4,0,6,7,7,3,13,6,6,5,0,4,13,2,13,10,6,5,6,7,8,4
1389,6,1,3,7,0,4,2,2,1,5,4,0,6,5,2,2,2,2,2,5,3,1,1,6,0,6,4,0,0,2,6,2,1,1,2,0,1,4,6,0,2,4,5,0,1,6,3,3,2,2,9,4,0,1,1,2,0,10,2,1,0,6,0,1,4,5,4,8,5,1,6,0,9,0,4,0,6,7,7,3,13,6,6,5,0,4,13,2,13,10,6,5,6,7,8,4
1390,6,1,3,7,0,4,2,2,1,5,4,0,6,5,2,2,2,3,2,6,3,1,1,6,0,6,4,0,0,2,6,2,1,1,2,0,1,4,6,0,2,4,5,0,1,6,3,2,2,2,9,4,0,1,1,2,0,10,2,1,0,6,0,1,4,5,4,8,5,1,5,0,9,0,4,0,6,7,7,3,12,6,6,5,0,4,13,2,13,10,6,5,6,7,8,4
1391,6,1,3,7,0,4,2,2,1,5,4,0,6,5,2,2,2,3,2,6,3,1,1,6,0,6,4,0,0,2,6,2,1,1,2,0,1,5,6,0,2,4,5,0,1,6,3,2,2,2,9,4,0,1,1,3,0,10,2,1,0,6,0,1,4,5,4,8,5,1,5,0,9,0,4,0,6,8,7,3,12,6,6,5,0,4,13,2,13,10,6,5,6,7,8,4
1392,6,1,3,7,0,5,2,2,1,5,4,0,6,5,2,3,2,3,2,6,3,1,1,6,0,5,4,0,0,2,6,2,1,1,2,0,1,5,6,0,2,4,5,0,1,6,3,2,2,2,9,4,0,1,1,3,0,10,2,1,0,6,0,1,4,5,4,8,5,1,5,0,9,0,4,0,6,8,7,3,12,6,6,5,0,4,13,2,13,10,6,5,6,7,8,4
1393,6,1,3,7,0,5,2,2,1,5,4,0,6,5,2,3,2,3,2,6,3,1,1,6,0,6,4,0,0,2,6,2,1,1,2,0,1,5,6,0,2,4,5,0,1,6,3,2,2,2,9,4,0,1,1,3,0,10,2,1,0,6,0,1,4,5,4,8,5,1,5,0,9,0,5,0,6,8,7,3,12,6,6,5,0,4,13,2,13,10,6,5,6,6,8,4
1394,6,1,3,7,0,5,2,2,1,5,4,0,6,5,2,3,2,3,2,6,3,1,1,6,0,6,4,0,0,2,6,2,1,1,2,0,1,5,6,0,2,4,5,0,1,6,3,2,2,2,9,4,0,1,1,3,0,10,3,1,0,6,0,1,4,4,4,8,5,1,5,0,9,0,5,0,6,8,7,3,12,6,6,5,0,4,13,2,13,10,6,5,6,6,8,4
1395,6,1,3,8,0,4,2,2,1,5,4,0,6,5,2,3,2,3,2,6,3,1,1,6,0,6,5,0,0,2,6,2,1,1,2,0,1,5,6,0,2,4,5,0,1,6,3,2,2,2,9,4,0,1,1,3,0,10,3,1,0,6,0,1,4,4,4,8,5,1,5,0,9,0,5,1,6,8,7,3,12,6,6,5,0,4,14,2,13,10,6,5,7,6,8,4
1396,6,1,3,8,0,4,2,2,2,5,4,0,6,5,2,3,2,3,2,6,3,1,1,6,0,6,6,0,0,2,6,2,1,1,2,0,1,5,6,0,2,4,5,0,1,6,3,2,2,2,9,4,0,1,1,3,0,10,3,1,0,6,0,1,4,4,4,8,5,1,5,0,9,0,5,1,6,8,7,3,12,6,6,5,0,4,14,2,13,10,6,5,7,6,8,4
1397,6,1,3,8,0,4,2,2,2,5,4,0,6,5,2,3,2,3,2,6,3,1,1,6,0,6,6,0,0,2,6,2,1,1,2,0,1,5,6,0,2,4,5,0,1,6,3,2,2,2,9,4,0,1,1,3,0,10,3,1,0,6,0,1,4,4,4,8,5,2,5,0,9,0,5,1,6,8,7,3,13,6,6,5,0,4,14,2,13,11,6,5,7,6,8,4
1398,6,1,3,8,0,4,2,2,2,5,4,0,6,5,2,3,2,3,2,6,3,1,1,6,0,6,6,0,0,2,6,2,2,1,2,0,1,5,6,0,2,4,5,0,1,6,3,2,2,2,9,4,0,1,1,3,0,10,3,1,0,6,0,1,4,4,4,8,5,2,5,0,9,0,5,2,6,8,7,3,13,6,6,5,0,4,14,2,13,11,6,5,7,6,8,4
1399,6,1,3,9,0,4,2,2,2,5,3,0,6,5,2,3,2,3,2,6,3,1,1,6,0,6,6,0,0,2,6,2,2,1,2,0,1,5,6,0,2,4,5,0,1,6,3,2,2,2,9,5,0,1,1,3,0,10,3,1,0,6,0,1,4,4,4,8,5,2,5,0,9,0,5,2,6,8,7,3,13,6,6,5,0,4,13,2,13,11,6,5,7,6,8,4
1400,6,1,3,9,0,4,2,2,2,5,3,0,7,5,2,3,2,3,2,6,3,1,1,6,0,6,6,0,0,2,6,2,2,1,2,0,1,5,6,0,2,4,5,0,1,6,3,2,2,2,9,5,0,1,1,3,0,10,3,1,0,6,0,1,4,4,4,8,5,2,5,0,9,0,5,2,6,8,7,3,13,6,6,5,0,4,13,2,13,11,7,5,7,6,8,4
1401,6,1,3,9,0,4,3,2,2,5,3,0,7,5,2,3,2,4,2,6,3,1,1,6,0,6,6,0,0,2,6,2,2,1,2,0,1,5,6,0,2,4,5,0,1,6,3,2,2,2,9,5,0,1,1,3,0,10,3,1,0,6,0,1,4,5,4,8,5,2,5,0,10,0,5,2,6,8,7,3,13,6,6,5,0,5,13,2,13,11,7,5,7,6,8,4
1402,6,1,3,9,0,4,3,2,2,5,3,0,7,5,2,2,2,4,2,6,3,1,1,6,0,6,6,0,0,2,6,2,2,1,2,0,1,5,6,0,2,4,5,0,1,6,3,2,2,2,9,4,0,1,1,3,0,10,3,1,0,7,0,1,4,5,4,8,5,2,5,0,10,0,5,2,6,8,7,3,13,7,6,5,0,5,13,2,13,11,7,5,7,6,8,4
1403,6,1,3,9,0,4,3,2,2,5,3,0,7,5,2,3,2,4,2,6,3,1,1,6,0,6,6,0,0,3,6,2,2,1,2,0,1,5,6,0,2,4,5,0,1,6,3,2,2,2,9,4,0,1,1,3,0,10,3,0,0,7,0,1,4,5,4,8,5,2,5,0,10,0,5,2,6,8,7,4,13,7,6,5,0,5,13,2,13,11,7,6,7,6,8,4
1404,6,1,3,9,0,4,3,2,2,5,3,0,7,5,2,3,2,4,2,6,3,1,1,6,0,6,7,0,0,3,6,2,2,1,2,0,1,5,6,0,2,4,5,0,1,6,3,2,2,2,9,4,0,1,1,3,0,10,3,0,0,7,0,1,4,5,4,8,5,2,5,0,10,0,5,2,6,8,7,4,13,7,6,5,0,5,13,2,13,11,7,6,7,6,8,4
1405,6,1,3,9,0,4,3,2,2,5,3,0,7,5,2,3,2,4,2,6,3,1,1,6,0,6,7,0,0,3,6,2,2,1,2,0,1,5,6,0,2,4,5,0,2,6,3,2,2,2,9,4,0,1,1,3,0,10,3,0,0,7,0,1,4,5,4,8,5,2,5,0,9,0,5,2,6,8,7,4,13,7,6,5,0,5,12,2,13,11,7,6,7,6,9,4
1406,6,1,3,9,0,4,3,2,2,5,3,0,7,5,2,3,2,4,2,6,3,1,1,6,0,7,7,0,0,3,6,2,3,1,2,0,1,5,6,0,2,4,5,0,2,6,3,2,2,2,9,4,0,1,1,3,0,10,3,0,0,7,0,1,4,5,4,8,5,2,5,0,9,0,5,2,6,8,7,4,13,7,6,5,0,5,12,2,13,11,7,6,7,6,9,4
1407,6,1,3,9,0,4,3,2,2,5,3,0,7,5,2,3,2,4,2,6,3,1,1,6,0,7,7,0,0,3,6,2,3,1,3,0,1,5,6,0,2,4,5,1,2,6,3,2,2,2,10,4,0,1,1,3,0,10,3,0,0,7,0,1,4,5,4,8,5,2,5,0,9,0,5,2,6,8,7,4,13,7,6,5,0,5,12,2,13,11,7,6,7,6,9,4
1408,6,1,3,9,0,4,3,2,2,5,3,0,7,5,2,3,2,4,2,6,3,1,1,6,0,7,7,0,0,3,6,2,3,1,3,0,1,5,6,0,2,4,5,1,2,6,4,2,2,2,10,4,0,1,2,3,0,10,3,0,0,7,0,1,4,5,4,8,5,2,5,0,9,0,5,2,6,8,7,4,13,7,6,5,0,5,12,2,13,11,7,6,7,6,9,4
1409,6,1,3,9,0,4,3,2,2,5,3,0,7,5,2,3,2,4,2,6,3,1,1,6,0,7,7,0,0,3,6,2,3,1,3,0,1,5,6,0,2,4,5,1,2,6,4,2,2,2,10,4,0,1,2,3,0,10,3,0,0,7,0,1,4,5,4,8,5,2,5,0,9,0,5,2,6,8,7,4,13,7,5,5,0,5,12,2,13,11,8,5,7,6,9,4
1410,6,1,3,9,0,5,3,2,2,5,3,0,7,5,2,3,2,4,2,7,3,1,1,6,0,7,7,0,0,3,6,2,3,1,3,0,1,5,6,0,2,4,5,1,2,6,5,2,2,2,10,4,0,1,2,3,0,12,3,0,0,7,0,1,4,5,4,8,5,2,5,0,9,0,5,2,6,8,7,4,13,7,5,5,0,5,12,2,13,11,8,5,7,6,9,4
1411,6,1,3,9,0,5,3,2,2,5,3,0,7,5,2,3,2,4,1,7,3,1,1,6,0,7,7,0,0,3,6,2,3,1,3,0,1,5,6,0,2,4,5,1,2,6,5,2,2,2,10,4,0,1,2,3,0,12,3,0,0,7,0,1,4,5,4,8,5,2,5,0,9,0,5,2,6,8,7,4,13,7,5,5,0,5,11,2,13,11,8,5,7,6,9,4
1412,6,1,3,9,0,5,3,2,2,5,3,0,7,5,2,3,2,4,1,7,3,1,1,6,0,7,7,0,0,3,6,2,3,1,3,0,1,5,6,0,2,4,5,1,2,6,6,2,2,2,10,4,0,1,2,3,0,12,3,0,0,7,0,1,4,5,4,8,5,2,5,0,10,0,5,2,6,8,7,4,13,7,5,5,0,5,11,2,13,11,8,5,7,6,9,4
1413,6,1,3,9,0,5,3,2,2,5,3,0,7,5,1,3,2,5,1,7,3,1,1,6,0,7,7,0,0,4,6,2,3,1,3,0,1,5,6,0,2,4,5,1,3,6,6,2,2,2,10,4,0,1,2,3,0,12,3,0,0,7,0,1,4,5,4,8,5,2,5,0,10,0,5,2,6,8,7,4,13,7,5,5,0,5,11,2,13,11,8,5,7,6,9,4
1414,6,1,3,9,0,5,3,2,2,5,3,0,7,5,1,4,2,5,1,7,3,1,1,6,0,7,7,0,0,4,6,2,3,1,3,0,1,5,6,0,2,4,5,1,4,6,6,2,2,2,10,4,0,1,2,3,0,12,3,0,0,7,0,1,4,4,4,8,5,2,5,0,10,0,5,2,6,8,7,4,13,7,5,5,0,5,11,2,13,11,9,4,7,6,9,4
1415,6,1,3,8,0,5,3,2,2,5,3,0,7,5,1,4,2,5,1,7,3,1,1,6,0,7,7,0,0,4,6,2,3,1,3,0,1,5,6,0,3,4,5,2,4,6,6,2,3,2,10,4,0,2,2,3,0,12,3,0,0,7,0,1,4,4,4,9,5,2,5,0,10,0,5,2,6,8,7,4,13,7,5,5,0,5,12,2,13,12,9,4,7,6,9,4
1416,6,1,3,8,0,5,3,2,2,5,3,0,7,6,1,4,2,5,1,7,3,1,1,6,0,7,7,0,0,4,5,2,3,1,3,0,1,5,7,0,3,4,5,2,4,6,6,2,3,2,10,4,0,2,2,3,0,12,3,0,0,7,0,1,4,4,4,9,6,3,5,0,10,0,5,2,6,8,7,4,13,7,5,5,0,5,12,2,13,12,9,4,7,6,9,4
1417,6,1,3,8,0,5,3,2,2,6,3,0,7,6,1,4,2,5,1,7,3,1,1,6,0,7,7,0,0,4,6,2,3,1,3,0,1,5,7,0,3,4,5,2,4,6,6,2,3,2,10,4,0,2,2,3,0,13,3,0,0,7,0,1,4,4,4,9,6,3,5,0,10,0,5,2,6,8,7,4,13,7,5,5,0,5,12,2,13,12,9,4,7,6,9,4
1418,6,1,3,8,0,5,3,2,2,6,3,0,7,6,1,4,2,5,2,7,3,1,1,6,0,7,7,0,0,4,6,2,3,1,3,0,1,5,7,0,3,4,5,2,4,6,6,2,3,2,10,4,0,2,2,3,0,14,3,0,0,7,0,1,4,4,4,9,6,3,5,0,10,0,5,2,6,8,7,4,13,7,5,5,0,5,12,2,14,12,9,4,7,6,9,4
1419,7,1,3,8,0,5,3,2,2,6,3,0,7,6,1,4,2,5,2,7,3,1,1,6,0,7,7,0,0,4,6,2,3,1,3,0,1,5,7,0,3,4,5,2,4,6,6,2,3,2,10,4,0,2,2,3,0,14,3,0,0,7,0,1,4,4,4,9,6,3,5,0,10,0,5,2,6,8,7,4,13,7,5,5,0,5,12,2,15,12,9,4,7,7,9,4
1420,7,1,3,8,0,5,3,2,2,6,3,0,7,6,1,4,2,5,2,7,3,1,1,6,0,7,7,0,0,4,6,2,3,1,3,0,1,5,6,0,3,4,5,2,4,6,6,2,3,2,10,4,0,2,2,3,0,14,3,0,0,7,0,1,5,5,4,9,7,3,5,0,10,0,5,2,6,8,7,4,13,6,5,5,0,5,12,2,15,12,9,4,7,7,9,4
1421,7,1,3,8,0,5,3,2,2,6,3,0,7,6,1,4,2,5,3,7,3,1,1,6,0,7,7,0,0,5,6,2,3,1,3,0,1,5,6,0,3,4,5,2,4,6,6,2,3,2,10,4,0,2,2,3,0,14,3,0,0,7,0,1,5,5,4,9,7,3,5,0,10,0,5,2,6,8,6,4,13,6,6,5,0,5,12,2,15,12,9,4,8,8,9,4
1422,7,1,3,8,0,5,3,2,2,7,3,0,7,6,1,4,2,5,3,8,3,1,1,6,0,7,7,0,0,5,6,2,3,1,3,0,1,5,6,0,3,4,5,2,4,6,6,2,3,3,10,4,0,2,2,3,0,14,3,0,0,7,0,1,5,5,4,9,7,3,5,0,10,0,5,2,6,8,6,4,13,6,6,5,0,5,12,2,15,12,9,4,8,8,10,4
1423,7,1,3,8,0,6,3,2,2,7,3,0,7,6,1,5,2,5,3,8,3,1,1,6,0,7,7,0,0,5,6,2,3,1,3,0,1,5,6,0,3,4,5,2,4,6,6,2,3,3,10,4,0,2,2,3,0,14,3,0,0,7,0,1,5,5,4,9,7,3,5,0,10,0,6,2,6,8,6,4,13,6,6,5,0,5,12,2,15,12,9,4,8,8,10,4
1424,7,1,3,8,0,6,3,2,2,7,3,0,7,6,1,5,2,5,3,9,3,1,1,6,0,7,7,0,0,5,6,2,3,1,3,0,1,5,6,0,3,4,5,2,4,6,6,2,3,3,10,4,0,2,2,3,0,14,3,0,0,7,0,1,5,5,4,9,7,3,5,0,10,0,6,2,6,8,6,4,13,6,6,5,0,5,12,2,15,12,9,4,8,8,10,4
1425,7,1,3,8,0,6,3,2,2,7,3,0,7,6,1,5,2,4,3,9,3,1,1,6,0,7,7,0,0,5,6,2,3,1,3,0,1,5,6,0,3,4,5,2,4,6,6,2,3,3,10,4,0,2,3,3,0,14,3,0,0,7,0,1,5,5,4,9,8,3,5,0,10,0,6,2,6,8,6,4,13,6,6,5,0,5,12,2,15,12,9,4,8,8,10,4
1426,7,1,3,8,0,7,3,2,2,7,3,0,7,6,1,5,2,4,3,9,3,1,1,6,0,7,7,0,0,5,6,2,3,1,3,0,1,5,6,0,3,4,5,2,4,6,6,2,3,3,10,4,0,2,3,3,0,14,3,0,0,7,0,1,5,5,4,9,8,3,5,0,10,0,6,2,6,7,6,4,14,6,6,5,0,5,12,2,15,12,9,4,8,7,10,4
1427,7,1,3,8,0,7,3,2,2,7,3,0,7,6,1,5,2,4,3,10,3,1,1,7,0,7,7,0,0,5,6,2,3,1,3,0,1,5,6,0,3,4,5,2,4,6,6,2,3,3,10,4,0,3,3,3,0,14,3,0,0,7,0,1,5,5,4,9,8,3,5,0,10,0,6,2,6,7,7,4,14,6,6,5,0,5,12,2,15,12,9,4,8,7,10,4
1428,7,1,3,8,0,7,3,2,2,7,3,0,7,6,1,5,2,4,3,10,3,1,1,8,0,7,7,0,0,5,6,2,3,1,4,0,1,5,6,0,3,4,5,2,4,6,6,2,3,3,10,4,0,3,3,3,0,14,3,0,0,7,0,1,5,5,4,9,8,3,5,0,10,0,6,2,6,7,7,4,14,6,6,5,0,5,12,2,15,12,8,4,8,7,10,4
1429,7,1,3,8,0,7,3,2,2,7,3,0,7,6,1,5,2,4,3,10,3,1,1,8,0,7,7,0,0,5,6,2,3,1,4,0,1,5,6,0,3,4,5,2,4,6,6,2,3,3,10,4,0,3,3,3,0,14,3,0,0,7,0,1,5,5,4,9,8,3,5,0,10,0,6,2,6,7,7,4,14,6,6,5,0,5,13,2,15,13,8,4,8,7,10,4
1430,8,1,3,8,0,8,3,2,2,7,3,0,7,6,1,5,2,4,3,10,3,1,1,8,0,7,7,0,0,5,6,2,3,1,4,0,1,5,6,0,3,4,5,2,4,6,6,2,3,3,10,4,0,3,3,3,0,14,3,0,0,7,0,1,5,5,4,9,8,3,5,0,10,0,6,2,6,6,6,4,14,6,6,5,0,5,13,2,15,13,8,4,8,7,10,4
1431,8,1,3,8,0,8,3,2,2,7,3,0,7,6,1,5,2,4,3,10,3,1,1,8,0,7,7,0,0,5,6,2,3,1,4,0,1,5,6,0,3,4,5,2,4,6,6,2,3,3,10,4,0,3,3,3,0,14,3,0,0,7,0,1,5,5,4,9,8,4,5,0,10,0,6,2,6,6,6,4,13,6,6,5,0,5,13,2,15,13,8,4,8,7,10,4
1432,8,1,3,8,0,8,4,2,2,6,3,0,7,6,1,6,2,4,3,10,3,1,1,8,0,7,7,0,0,5,6,2,3,1,4,0,1,5,6,0,3,4,5,2,4,6,6,2,3,3,10,4,0,3,3,3,0,14,3,0,0,7,0,1,5,5,4,9,8,4,5,0,10,0,6,2,6,6,6,4,13,6,6,5,0,5,13,2,15,13,8,4,8,7,10,4
1433,8,1,3,8,0,8,4,2,2,6,2,0,7,6,1,6,2,3,3,11,3,1,1,8,0,7,7,0,0,5,6,2,3,1,4,0,1,5,6,0,3,4,5,2,4,6,6,2,3,3,10,4,1,3,4,3,0,14,3,0,0,7,0,1,5,5,4,9,8,4,5,0,10,0,6,2,6,7,6,4,14,6,6,5,0,5,14,2,15,13,8,4,8,7,10,4
1434,8,1,3,8,0,8,4,2,2,6,2,0,7,7,1,6,2,3,3,11,3,1,1,8,0,7,7,0,0,5,6,2,3,1,4,0,1,5,6,0,3,4,5,2,4,6,6,2,3,3,10,4,1,3,4,3,0,14,3,0,0,7,0,1,5,5,4,9,8,4,5,0,10,0,6,2,6,7,6,4,14,6,6,5,0,5,14,2,15,14,8,4,8,7,10,4
1435,8,1,3,8,0,8,4,2,2,6,2,0,7,7,1,6,2,3,3,11,3,1,1,8,0,7,7,0,0,5,6,2,3,1,4,0,1,5,7,0,3,5,5,2,4,6,6,2,3,3,10,4,1,3,4,3,0,14,3,0,0,7,0,1,5,5,4,9,8,4,5,0,10,0,6,2,6,7,6,4,14,6,6,5,0,5,14,2,15,14,8,4,8,7,10,4
1436,8,1,3,8,0,8,4,2,2,6,2,0,7,7,1,6,2,3,3,11,3,1,1,8,0,7,8,0,0,5,6,2,3,1,5,0,1,5,8,0,3,5,5,2,4,6,6,2,3,3,10,4,1,3,4,3,0,14,3,0,0,7,0,1,4,5,4,9,8,4,6,0,10,0,6,2,6,7,6,4,14,6,6,5,0,5,13,2,15,14,8,4,9,7,10,4
1437,8,1,3,8,0,8,4,2,2,6,2,0,7,7,1,6,2,3,3,11,3,1,0,8,0,7,8,0,0,5,6,2,3,1,5,0,1,5,8,0,3,5,5,2,4,6,6,2,3,3,10,4,1,3,4,3,0,15,3,0,0,7,0,2,4,5,4,9,8,4,6,0,10,0,6,2,6,8,6,4,14,6,6,5,0,5,13,2,15,14,8,4,9,7,10,4
1438,8,1,3,8,0,8,4,2,2,6,2,0,7,7,1,6,2,3,3,11,3,1,0,8,0,7,8,0,0,5,6,2,3,1,5,0,1,5,8,0,3,5,5,2,4,6,6,2,3,3,10,4,1,3,4,3,0,15,3,0,0,7,0,2,4,5,4,9,8,4,6,0,10,0,6,2,6,8,6,4,14,6,6,5,0,6,13,2,15,14,8,4,9,7,10,4
1439,8,1,3,8,0,8,4,2,2,6,2,0,8,7,1,6,2,4,3,11,3,2,0,8,0,7,8,0,0,5,6,2,3,1,5,0,1,5,8,0,3,5,5,2,4,6,6,2,3,3,10,3,1,3,4,3,0,15,3,0,0,7,0,2,4,5,4,9,8,4,6,0,9,0,6,2,6,8,7,4,14,6,6,5,0,6,13,2,15,14,8,4,9,7,10,4
1440,8,1,3,8,0,8,4,2,2,6,2,0,8,7,1,6,2,4,3,10,3,2,0,8,0,7,8,0,0,5,6,2,3,1,5,0,1,5,8,0,3,5,5,2,4,6,6,2,3,3,10,3,1,3,4,3,0,15,3,0,0,7,0,2,4,5,4,9,8,4,6,0,9,0,6,2,6,8,7,4,14,6,6,5,0,6,13,2,15,14,8,4,9,7,10,4
1441,9,1,3,8,0,8,4,2,2,5,2,0,8,8,1,6,2,4,3,10,3,2,0,8,0,7,8,0,0,5,6,2,3,1,5,0,1,6,9,0,3,5,5,2,4,6,6,2,3,3,10,3,1,3,4,3,0,15,3,0,0,7,0,2,4,5,4,9,8,4,6,0,9,0,6,2,6,8,7,4,14,6,6,5,0,6,13,2,15,14,8,5,9,7,10,4
1442,9,1,3,8,0,8,4,2,2,5,2,0,8,8,1,6,2,4,3,10,3,2,0,8,0,7,8,0,0,5,6,2,3,1,5,0,1,6,9,0,3,5,5,2,4,6,6,2,3,3,10,3,1,3,4,3,0,15,3,0,0,7,0,2,4,6,4,9,8,4,6,0,9,0,6,2,6,8,7,4,14,6,6,5,0,6,13,2,14,14,8,5,9,7,10,4
1443,9,1,3,8,0,8,4,2,2,5,2,0,8,8,1,6,2,4,3,10,3,2,0,8,0,7,8,0,0,5,6,2,3,1,5,0,1,6,9,1,3,5,5,2,4,6,6,2,3,3,10,3,1,3,4,3,0,15,3,0,0,7,0,2,4,6,4,9,8,4,6,0,9,0,5,2,6,8,7,4,14,6,6,5,0,6,13,2,14,14,8,5,9,7,10,4
1444,9,1,3,8,0,8,4,2,2,5,2,0,8,8,1,6,2,4,3,10,3,1,0,8,0,8,8,0,0,5,6,2,3,1,5,0,1,6,8,1,3,5,5,2,4,6,6,2,3,3,10,3,1,3,4,3,0,15,3,0,0,7,0,2,4,6,4,9,8,4,6,0,9,0,5,2,7,8,7,4,14,6,6,5,0,6,13,2,14,14,8,5,9,7,10,4
1445,9,1,3,8,0,8,4,2,2,5,2,0,8,8,1,6,2,4,3,10,3,1,0,8,0,8,8,0,0,5,6,2,3,1,5,0,1,6,8,1,3,5,5,2,4,6,6,2,3,3,10,3,1,3,4,3,0,15,3,0,0,7,0,2,4,6,4,9,8,4,6,0,9,0,5,2,7,8,8,4,14,6,6,5,0,6,13,2,14,14,8,5,9,7,10,4
1446,9,1,3,8,0,8,4,2,2,5,2,0,8,8,1,6,2,4,3,10,3,1,0,8,0,8,8,0,0,5,6,2,3,1,5,0,1,6,8,1,3,5,5,2,4,6,6,2,4,3,10,3,1,3,4,3,0,15,3,0,0,7,0,2,4,6,4,10,8,4,6,0,9,0,5,2,7,8,8,4,14,6,6,5,0,6,14,2,14,14,8,5,9,7,10,4
1447,9,1,3,8,0,8,4,2,2,5,2,0,8,8,1,6,2,4,3,10,3,1,0,8,0,8,8,0,0,5,6,2,3,1,5,0,2,5,8,1,3,5,5,2,4,6,6,2,4,3,10,3,1,3,4,3,0,15,3,0,0,7,0,2,4,6,4,10,8,4,6,0,10,0,5,2,7,8,8,4,14,6,6,5,0,6,15,2,14,14,8,5,9,7,10,4
1448,9,1,3,8,0,8,4,2,2,5,2,0,8,8,1,6,2,4,3,10,3,1,0,8,0,8,8,0,0,5,6,2,3,1,5,0,2,5,8,1,3,5,5,2,4,6,6,2,4,4,10,3,1,3,4,3,0,15,4,0,0,7,0,2,4,7,4,10,8,4,6,0,10,0,5,2,7,8,8,4,14,5,6,5,0,6,15,2,14,14,8,5,9,7,10,4
1449,9,1,3,8,0,8,4,2,2,5,2,0,8,8,1,6,2,5,3,10,3,1,0,8,0,8,8,0,0,5,6,2,3,1,5,0,1,5,8,1,3,5,5,2,4,6,6,2,4,4,10,3,1,3,4,3,0,15,4,0,0,7,0,2,4,7,4,10,8,4,6,0,10,0,5,2,7,8,8,4,14,5,6,5,0,6,15,2,14,15,8,5,9,7,10,4
1450,9,1,3,9,0,8,4,2,2,6,2,0,8,8,1,6,2,5,3,10,3,1,0,8,0,8,8,0,0,5,6,2,3,1,5,0,1,5,8,1,3,5,5,2,4,6,6,2,4,4,10,3,1,3,4,3,0,15,4,0,0,7,0,3,4,7,4,10,8,4,6,0,11,0,5,2,7,8,8,4,14,5,6,5,0,6,15,2,14,15,8,5,9,7,10,4
1451,9,1,3,9,0,8,4,2,2,6,2,0,8,8,1,6,2,5,3,10,3,2,0,8,0,8,8,0,0,5,6,2,3,1,5,0,1,5,8,1,3,5,5,2,4,7,7,2,4,4,11,3,1,3,4,3,0,15,4,0,0,7,0,3,4,7,4,10,8,4,6,0,11,0,5,2,7,8,8,4,14,5,6,5,0,6,15,2,14,15,8,5,9,7,10,4
1452,9,1,3,9,0,8,4,2,2,6,2,0,8,8,1,7,2,5,3,10,3,2,0,9,0,8,8,0,0,5,6,2,3,1,5,0,1,5,7,1,3,6,5,2,4,7,7,2,4,4,11,3,1,3,4,3,0,15,4,0,0,7,0,4,4,7,4,10,8,4,6,0,11,0,5,2,7,8,8,4,14,5,6,5,0,6,15,2,14,15,8,5,9,7,10,4
1453,9,1,3,9,0,8,4,2,2,6,2,0,8,8,1,7,2,5,3,10,3,2,0,9,0,8,8,0,0,5,6,1,3,1,5,0,1,5,7,1,3,6,5,2,4,7,7,2,4,4,11,3,1,3,4,3,0,15,4,0,0,7,0,4,4,7,4,10,8,4,6,0,11,0,5,2,7,8,8,4,14,5,6,5,0,7,15,2,14,16,8,5,9,7,10,4
1454,9,1,3,9,0,8,4,2,2,6,2,0,8,8,1,7,2,5,3,11,3,2,0,9,0,8,8,0,0,5,6,1,3,1,5,0,1,5,7,1,3,6,5,2,4,7,7,2,4,4,11,3,1,3,4,3,0,15,4,0,0,7,0,4,4,7,4,10,8,4,6,0,11,0,5,2,7,8,8,4,14,5,6,5,0,7,15,2,15,16,8,5,9,7,10,4
1455,9,1,3,9,0,8,4,2,2,6,2,0,8,8,1,7,2,5,3,11,3,2,0,9,0,8,8,0,0,5,6,1,3,1,5,0,1,5,7,1,3,6,5,2,5,7,7,2,4,4,11,3,1,3,4,3,0,15,4,0,0,7,0,4,4,7,4,10,8,4,6,0,12,0,5,2,7,9,8,4,14,5,6,5,0,7,15,2,15,16,8,5,9,7,10,4
1456,9,1,3,9,0,8,4,2,2,6,2,0,8,8,1,7,2,5,3,11,3,2,0,9,0,8,8,0,0,5,6,1,3,1,5,0,1,5,7,1,3,6,5,2,5,7,7,2,4,4,11,3,1,3,4,3,0,15,4,0,0,7,0,4,4,7,4,10,9,4,6,0,12,0,5,2,7,9,8,4,14,5,6,5,0,7,15,2,15,16,8,5,9,7,10,4
1457,9,1,3,9,0,8,4,2,2,6,2,0,8,8,1,7,2,5,3,12,3,2,0,9,0,8,8,0,0,5,6,1,3,1,5,0,1,5,8,1,3,6,5,2,5,7,7,2,4,4,12,3,1,3,4,3,0,15,4,0,0,7,0,4,4,7,4,10,9,4,6,0,13,0,5,2,7,9,8,4,14,5,6,5,0,7,15,2,15,16,9,5,9,7,10,4
1458,10,1,3,9,0,8,4,1,2,6,2,0,8,8,1,7,2,5,3,12,3,2,0,9,0,8,9,0,0,5,6,1,3,1,5,0,1,5,8,1,3,6,5,2,5,7,7,2,4,4,12,3,1,3,4,3,0,15,4,0,0,7,0,4,4,7,4,10,9,4,6,0,13,0,5,2,7,8,8,4,14,5,6,5,0,7,15,2,15,16,9,5,9,7,10,4
1459,10,1,3,9,0,8,4,1,2,6,2,0,8,8,1,7,2,5,3,12,3,2,0,9,0,8,9,0,0,5,6,1,3,1,5,0,1,5,8,1,3,6,5,2,5,7,7,2,4,4,12,3,1,3,4,3,0,15,4,0,0,7,0,4,4,7,4,10,9,4,6,0,13,0,5,2,7,8,8,5,14,5,6,5,0,7,15,2,15,16,9,5,9,7,10,4
1460,10,1,3,9,0,8,4,1,2,6,2,0,8,8,1,8,2,5,3,11,3,2,0,9,0,8,9,0,0,5,5,1,2,1,5,0,1,5,8,1,3,6,5,2,5,7,7,2,4,4,12,3,1,3,4,3,0,15,4,0,0,8,0,4,4,7,4,10,9,4,6,0,13,0,5,2,7,9,8,5,14,5,6,5,0,7,15,2,14,16,9,5,9,7,10,4
1461,10,1,3,9,0,8,4,1,2,6,2,0,7,8,1,7,2,5,3,11,3,2,0,9,0,8,9,0,0,5,4,1,2,1,5,0,1,5,8,1,3,6,5,2,5,7,7,2,4,5,13,3,1,3,4,3,0,15,4,0,0,8,0,4,4,7,4,10,9,4,6,0,13,0,5,2,7,9,8,5,14,5,6,5,0,7,15,2,14,16,9,5,10,7,10,4
1462,10,1,3,9,0,8,4,1,2,6,2,0,7,8,1,7,2,5,3,11,4,2,0,9,0,8,9,0,0,5,4,1,2,1,5,0,1,5,8,1,3,6,5,2,5,7,7,2,4,5,13,3,1,3,4,3,0,15,4,0,0,8,0,4,4,7,4,10,9,4,6,0,13,0,5,2,8,9,8,5,15,5,6,5,0,7,15,2,15,16,9,5,10,7,11,4
1463,10,1,3,9,0,8,4,1,2,6,2,0,7,8,1,7,2,5,3,11,4,2,0,9,0,8,9,0,0,5,4,1,2,1,5,0,1,5,8,1,3,5,5,2,5,7,7,2,4,5,13,3,1,3,4,3,0,15,4,0,0,9,0,4,4,7,4,10,9,4,6,0,13,0,5,2,8,9,9,5,17,5,6,5,0,7,15,2,15,16,9,5,10,7,11,4
1464,10,1,3,9,0,8,4,1,2,6,2,0,7,8,1,7,2,5,3,11,4,2,0,9,0,8,9,0,0,5,4,1,2,1,5,0,1,5,8,1,3,5,5,2,5,7,7,2,4,5,13,3,1,3,4,3,0,15,4,0,0,9,0,4,4,7,4,10,9,4,6,0,13,0,5,1,8,9,9,5,17,5,6,5,0,7,15,2,15,16,9,5,10,7,11,4
1465,11,1,3,9,0,8,4,1,2,6,2,0,7,8,1,7,2,5,3,11,4,2,0,9,0,8,9,0,0,5,4,1,2,1,5,0,1,5,9,1,3,5,5,2,5,7,7,2,4,5,13,3,1,3,4,3,0,15,4,0,0,9,0,4,4,7,4,10,9,4,6,0,13,0,5,1,8,9,9,5,17,4,6,5,0,7,15,2,15,16,9,5,10,7,11,4
1466,11,1,3,9,0,8,4,1,2,6,2,0,7,8,1,7,2,5,3,11,4,2,0,9,0,8,9,0,0,5,4,1,2,1,5,0,1,5,9,0,3,5,5,2,5,7,7,2,4,5,13,3,1,3,4,3,0,15,4,0,0,9,0,4,4,7,4,10,9,4,6,0,13,0,5,1,8,9,9,5,17,4,6,5,0,7,15,2,15,17,9,5,10,7,11,4
1467,11,1,3,9,0,8,4,1,2,6,2,0,7,8,1,7,2,5,3,11,4,2,0,9,1,8,9,0,0,5,4,1,2,1,5,0,1,5,10,0,3,5,5,2,5,7,7,2,4,5,13,3,1,3,4,3,0,15,4,0,0,9,0,4,4,7,4,11,9,4,6,0,14,0,5,1,8,8,9,5,17,4,6,5,0,7,16,2,15,17,9,5,10,7,11,4
1468,11,1,3,9,0,8,4,1,2,6,2,0,7,9,1,7,2,5,3,11,4,2,0,9,1,8,9,0,0,5,4,1,2,1,5,0,1,5,10,0,3,5,5,2,5,7,7,2,4,5,13,3,1,3,4,3,0,15,4,0,0,9,0,4,4,7,4,11,9,4,7,0,14,0,5,1,8,8,9,5,17,4,6,5,0,7,16,2,15,17,9,5,10,7,11,4
1469,11,1,3,9,0,8,4,1,2,6,3,0,7,9,1,7,2,5,3,11,4,2,0,9,1,8,9,0,0,5,4,1,2,1,4,0,1,5,10,0,3,5,5,2,5,7,7,2,4,5,13,3,1,3,4,3,0,15,4,0,0,9,0,4,4,7,4,11,9,4,7,0,14,0,5,1,8,8,9,5,17,4,6,5,0,7,16,2,15,18,9,5,10,7,11,4
1470,11,1,3,9,0,9,4,1,2,6,3,0,7,10,1,7,2,5,3,11,4,2,0,9,1,8,9,0,0,5,4,1,2,1,4,0,1,5,10,0,3,5,5,2,5,7,7,2,4,5,13,3,1,3,4,3,0,15,4,0,0,10,0,4,4,7,4,11,9,4,7,0,14,0,5,1,9,8,9,5,18,4,7,5,0,7,16,2,15,18,9,5,10,7,11,4
1471,12,1,3,9,0,9,4,1,2,6,3,0,7,10,1,7,2,5,3,11,4,2,0,9,1,8,9,0,0,5,4,1,2,1,4,0,1,5,10,0,3,6,5,2,5,7,7,2,4,5,13,3,1,3,4,3,0,15,4,0,0,10,0,4,4,7,4,11,9,4,7,0,14,0,5,1,9,8,9,6,18,4,7,5,0,7,16,2,15,18,9,6,10,7,10,4
1472,12,1,3,9,0,9,4,1,2,6,3,0,7,10,1,7,2,5,3,11,4,2,0,9,1,8,9,0,0,5,4,1,2,1,5,0,1,5,10,0,3,5,5,2,5,7,7,2,4,5,13,3,1,3,4,3,0,15,4,0,0,10,0,4,4,7,4,11,9,4,7,0,14,0,5,1,9,8,9,6,18,4,7,5,0,7,16,3,15,18,9,6,10,7,10,4
1473,12,1,3,9,0,10,4,1,2,6,3,0,7,10,1,7,2,5,3,11,4,2,0,9,1,8,9,0,0,5,4,1,2,1,5,0,1,5,10,0,3,5,5,2,5,7,6,2,4,5,13,3,1,3,4,3,0,15,4,0,0,10,0,4,4,7,4,12,9,4,7,0,14,0,5,1,9,8,9,6,18,4,6,5,0,7,16,3,16,18,9,6,10,7,10,4
1474,12,1,3,9,0,10,4,1,2,6,3,0,8,10,1,7,2,5,3,11,4,2,0,9,1,8,9,0,0,5,4,1,2,1,5,0,1,5,10,0,3,5,5,2,5,7,6,2,4,5,13,3,1,3,4,3,0,15,4,0,0,10,0,4,4,7,4,12,9,4,7,0,14,0,5,1,9,8,10,6,18,4,6,5,0,7,16,3,16,18,9,6,10,7,10,4
1475,13,1,3,9,0,10,4,1,2,6,3,0,8,9,1,7,2,5,3,11,4,2,0,9,1,9,9,0,0,5,4,1,2,1,5,0,1,5,10,0,3,5,5,2,5,7,6,2,4,5,13,3,1,3,4,3,0,15,4,0,0,10,0,4,4,7,4,12,9,4,7,0,14,0,5,1,9,8,10,6,18,4,6,5,0,7,15,3,16,18,9,6,10,7,10,4
1476,13,1,3,9,0,10,4,1,2,6,3,0,7,9,1,7,2,5,3,11,4,2,0,9,1,9,9,0,0,5,4,0,2,1,5,0,1,5,10,0,3,5,5,2,5,7,6,2,4,5,13,3,1,3,4,3,0,15,4,0,0,10,0,4,4,7,4,12,9,4,7,0,14,0,5,1,9,9,10,6,18,4,6,5,0,7,15,3,16,18,9,6,10,7,10,4
1477,13,1,3,9,0,10,4,1,2,6,3,0,7,9,1,7,2,5,3,11,4,2,0,9,1,9,9,0,0,5,4,0,2,1,5,0,1,5,10,0,3,5,5,2,5,8,6,2,4,6,13,3,1,3,4,3,0,15,4,0,0,10,0,4,4,7,4,12,9,4,7,0,14,0,5,1,9,9,10,6,18,4,6,5,0,7,15,3,16,18,9,6,10,7,10,4
1478,13,1,3,9,0,10,4,1,2,6,3,0,7,9,1,7,2,5,3,11,4,2,0,9,1,9,9,0,0,5,4,0,2,1,5,0,1,5,10,0,3,5,5,2,5,8,6,2,4,6,13,3,1,3,4,3,0,15,4,0,0,10,0,4,4,7,4,12,9,4,7,0,14,0,5,1,9,9,10,6,18,4,6,5,0,7,15,3,16,18,9,6,10,7,10,4
1479,13,1,3,9,0,10,4,1,3,6,3,0,7,9,1,7,2,5,3,11,4,2,0,9,1,9,9,0,0,5,4,1,2,1,5,0,1,5,10,0,3,5,5,2,5,8,6,2,4,6,13,3,1,3,4,3,0,15,3,0,0,10,0,5,5,7,4,12,9,4,7,0,14,0,5,1,9,9,11,6,19,4,6,5,0,7,15,3,15,18,9,6,10,7,10,4
1480,13,1,3,9,0,10,4,1,3,6,3,0,7,9,1,7,2,5,3,11,4,2,0,9,1,9,9,0,0,6,4,1,2,1,5,0,1,5,10,0,3,5,5,2,5,8,6,2,4,6,13,3,1,3,4,3,0,15,3,0,0,10,0,5,5,7,4,13,9,4,7,0,14,0,5,1,9,9,11,6,19,5,6,5,0,7,16,3,15,18,9,6,10,7,10,4
1481,13,1,3,9,0,10,4,1,3,6,3,0,8,9,1,7,2,5,3,11,4,2,0,9,1,9,9,0,0,6,4,1,2,1,5,0,1,5,10,0,3,5,5,2,5,8,6,2,4,6,13,3,1,3,4,3,0,15,3,0,0,10,0,5,6,7,4,13,9,4,7,0,14,0,5,1,9,9,11,6,19,5,6,5,0,7,17,3,15,18,9,6,10,7,11,4
1482,13,1,3,9,0,10,4,1,3,6,3,0,8,9,1,7,2,5,3,11,4,2,0,9,1,9,9,0,0,6,4,1,2,1,6,0,1,5,10,0,3,5,5,2,5,8,6,2,4,6,13,3,1,3,4,3,0,15,3,0,0,10,0,5,6,7,4,14,9,5,7,0,14,0,5,1,9,9,11,6,19,5,6,5,0,7,17,3,15,18,9,7,10,7,11,4
1483,13,1,3,9,0,10,4,1,3,6,3,0,8,9,1,7,2,5,3,11,4,2,0,9,1,9,9,0,0,6,4,1,2,1,6,0,1,5,10,0,3,5,5,2,5,8,6,2,4,6,13,3,1,3,4,3,0,15,3,0,0,10,0,5,6,7,5,16,9,5,7,0,15,0,5,1,9,9,11,6,19,5,6,5,0,7,18,3,15,18,9,7,10,7,11,4
1484,13,1,3,9,0,10,4,1,3,6,3,0,8,9,1,7,2,5,3,11,4,2,0,9,1,9,10,0,0,7,4,1,2,1,6,0,1,6,10,0,3,5,5,2,5,8,6,2,4,6,13,3,1,3,3,3,0,15,3,0,0,10,0,5,6,7,5,16,9,5,7,0,15,0,5,1,9,9,11,6,19,6,6,5,0,7,18,3,15,18,9,7,10,7,11,4
1485,13,1,3,9,0,10,4,1,3,6,3,0,8,10,1,7,2,5,3,11,4,2,0,9,1,9,10,0,0,7,4,1,2,1,6,0,1,6,10,0,2,5,5,2,5,8,6,3,4,6,13,3,1,3,3,3,0,15,3,0,0,10,0,5,6,7,5,16,9,5,7,0,15,0,5,1,9,9,11,6,19,6,6,5,0,7,18,3,16,18,9,7,10,7,11,4
1486,13,1,3,9,0,10,4,1,3,6,3,0,9,10,1,7,2,5,3,11,4,2,0,9,1,9,10,0,0,7,4,1,3,1,6,0,1,6,10,0,2,5,5,2,5,8,6,3,4,6,13,4,1,3,3,3,0,15,3,0,0,10,0,5,6,7,5,16,9,5,7,0,15,0,5,1,9,9,11,6,19,6,6,5,0,7,18,3,16,18,9,7,10,7,11,4
1487,13,1,3,9,0,10,4,1,3,6,3,0,9,10,1,8,2,5,3,11,4,2,0,9,1,9,10,0,0,7,4,1,3,1,6,0,1,7,10,0,2,5,5,2,5,8,6,3,4,6,13,4,1,3,3,3,0,16,3,0,0,9,0,5,6,7,5,16,10,5,7,0,14,0,5,1,9,9,11,6,19,6,6,5,0,7,18,3,16,19,9,7,10,7,11,4
1488,13,1,3,9,0,10,4,1,3,6,3,0,9,10,1,8,2,5,3,11,4,2,0,9,1,9,10,1,0,7,4,1,3,1,6,0,1,7,10,0,2,5,5,2,5,8,6,3,4,6,13,4,1,3,3,3,0,16,3,0,0,9,0,5,6,7,5,16,10,5,7,0,14,0,5,1,9,9,11,6,19,6,6,5,0,7,18,3,16,19,9,7,10,7,11,4
1489,13,1,3,9,0,10,4,2,3,6,3,0,9,10,1,8,2,5,3,11,4,2,0,9,1,9,10,1,0,7,4,1,3,1,6,0,1,7,10,0,2,5,5,2,6,8,6,3,4,6,13,4,1,3,3,3,0,16,3,0,0,9,0,5,6,7,5,16,10,5,7,0,14,0,5,1,9,9,11,7,19,6,6,5,0,7,18,3,16,19,9,7,11,7,11,5
1490,13,1,3,9,0,10,4,2,3,6,3,0,9,10,1,8,2,5,3,11,4,2,0,9,1,9,10,1,0,7,4,1,3,1,6,0,1,7,10,0,2,5,5,2,6,8,6,3,4,6,13,4,1,3,3,3,0,16,3,0,0,9,0,5,6,7,5,16,11,5,7,0,14,0,5,1,9,9,11,7,19,6,5,5,0,7,18,3,16,19,9,7,12,7,11,5
1491,13,1,3,9,0,10,4,2,3,6,3,0,10,11,2,8,2,5,3,11,4,2,0,9,1,9,10,1,0,7,4,1,3,1,6,0,1,7,10,0,2,6,5,2,6,8,6,3,4,6,13,4,1,3,3,3,0,16,3,0,0,9,0,5,6,7,5,16,11,5,7,0,14,0,5,1,9,9,11,7,19,6,5,5,0,7,18,3,16,19,9,7,12,7,11,5
1492,13,1,3,9,0,10,4,2,3,6,2,0,10,11,2,9,2,5,3,11,4,2,0,9,1,9,10,1,0,7,4,1,3,1,6,0,1,7,10,0,2,6,5,2,6,8,6,3,4,6,13,4,1,3,3,3,0,16,3,0,0,9,0,6,6,7,5,16,11,5,7,0,14,0,5,1,9,9,11,7,19,6,5,5,0,7,18,3,16,19,9,7,12,7,11,5
1493,13,1,3,9,0,10,4,3,3,6,2,0,10,11,2,9,2,5,3,11,4,2,0,9,1,9,10,1,0,7,4,1,3,1,7,0,1,7,10,0,2,6,5,2,6,8,6,3,4,7,13,4,1,3,3,2,0,16,3,0,0,9,0,6,6,7,6,16,11,5,7,0,14,0,5,1,9,9,11,7,19,6,5,5,0,7,18,3,16,20,9,7,12,7,11,5
1494,13,1,3,9,0,10,3,3,3,6,2,0,10,11,2,9,2,6,3,11,3,2,0,9,1,9,10,1,0,7,4,1,3,1,7,0,1,7,10,0,2,6,5,2,6,8,6,3,4,7,13,4,1,4,3,2,0,18,3,0,0,9,0,6,6,7,6,16,11,5,7,0,14,0,5,2,9,9,11,7,19,6,5,5,0,7,18,3,16,22,9,7,12,7,11,5
1495,13,1,3,9,0,10,3,3,3,6,2,0,10,11,2,9,2,6,3,12,3,2,0,9,1,9,10,1,0,7,4,1,3,1,8,0,1,7,10,0,2,6,5,2,6,8,6,3,4,7,13,4,1,4,3,2,0,19,3,0,0,9,0,6,6,7,6,16,11,5,7,0,14,0,5,2,9,10,11,7,19,6,5,5,0,7,18,3,16,22,9,7,12,7,11,5
1496,13,1,3,9,0,10,3,3,3,6,2,0,10,11,2,9,2,6,3,12,3,2,0,9,1,9,10,1,0,7,4,1,3,1,8,0,1,7,10,0,2,6,5,2,6,8,6,3,4,7,14,4,1,5,3,2,0,19,3,0,0,9,0,6,6,7,6,16,11,5,7,0,14,0,5,2,9,10,11,7,19,6,5,5,0,7,18,3,16,22,9,7,12,7,11,5
1497,13,1,3,9,0,10,3,3,3,6,2,0,11,11,2,9,2,6,3,12,3,2,0,9,1,9,10,1,0,7,4,1,3,1,8,0,1,7,10,0,2,6,5,2,6,8,6,3,4,7,14,4,1,5,3,2,0,19,3,0,0,9,0,6,6,7,6,16,12,5,7,0,14,0,5,2,9,10,11,7,19,6,5,5,0,7,18,3,16,24,9,7,12,7,11,5
1498,13,1,3,9,0,10,3,3,3,6,2,0,11,11,2,9,2,6,3,12,4,2,0,9,1,9,11,1,0,8,4,1,3,1,8,0,1,7,10,0,2,6,5,2,6,8,6,3,4,7,14,4,1,5,3,2,0,19,3,0,0,9,0,6,6,7,6,16,13,5,7,0,14,0,5,2,9,10,11,7,19,6,5,5,0,7,18,3,16,24,9,7,13,7,11,5
1499,13,0,3,9,0,10,3,4,3,6,2,0,11,11,2,9,2,6,4,12,4,2,0,9,1,9,11,1,0,8,4,1,3,1,8,0,1,7,10,0,2,6,5,2,6,8,6,3,4,7,14,4,1,5,3,2,0,19,3,0,0,9,0,6,6,7,6,16,13,5,7,0,14,0,5,2,9,10,11,7,19,6,5,5,0,7,19,3,16,25,9,7,13,7,11,5
1500,13,0,3,9,0,9,3,4,3,6,2,0,11,11,2,9,2,6,4,12,4,2,0,9,1,9,11,1,0,8,4,1,3,1,8,0,1,6,10,0,3,6,5,2,6,8,6,3,4,7,14,4,1,5,3,2,0,19,3,0,0,9,0,6,6,7,6,16,13,5,7,0,14,0,5,2,9,10,11,7,19,6,5,5,0,7,19,3,16,25,10,7,13,7,11,5
1501,13,0,3,9,0,9,4,4,3,6,2,0,11,11,2,9,2,6,4,12,4,2,0,9,1,9,11,1,0,8,4,1,3,1,8,0,1,6,10,0,3,6,5,2,6,8,6,3,4,8,14,4,1,5,3,2,0,19,3,0,0,8,0,6,6,7,6,16,13,5,7,0,14,0,5,2,9,10,11,8,20,7,5,5,0,7,19,3,16,25,10,7,13,7,11,5
1502,13,0,3,9,0,9,4,4,3,6,2,0,11,11,3,9,2,6,5,11,4,2,0,9,1,9,11,1,0,8,4,1,3,1,8,0,1,6,11,0,3,6,5,2,6,8,6,3,4,8,14,4,1,5,3,2,0,19,4,0,0,8,0,6,6,7,6,16,13,5,7,0,14,0,5,2,9,10,12,8,20,7,5,5,0,6,19,3,16,25,10,7,13,7,11,5
1503,13,1,3,9,0,9,4,4,3,6,2,0,11,11,3,9,2,6,5,11,4,2,0,9,1,9,11,1,0,8,4,1,3,1,8,0,1,7,11,0,3,6,6,2,6,8,6,3,4,8,14,4,1,5,3,3,0,19,4,0,0,8,0,6,6,7,6,17,14,5,7,0,14,0,5,2,9,10,12,8,19,7,5,5,0,5,19,3,16,26,10,7,13,7,11,5
1504,13,1,3,9,0,9,4,4,3,6,2,0,11,11,3,9,2,6,5,12,4,2,0,9,1,9,11,1,0,8,4,1,3,1,8,0,1,7,11,0,3,6,6,2,6,8,6,3,4,8,14,4,1,5,3,3,0,20,4,0,0,8,0,6,6,7,6,17,15,5,7,0,14,0,5,2,9,10,12,8,19,7,5,5,0,5,19,3,15,25,10,7,13,7,11,5
1505,13,1,3,9,0,9,4,4,3,6,2,0,11,11,3,10,2,6,5,12,4,2,0,9,1,9,11,1,0,8,4,1,3,1,8,0,1,7,11,0,3,6,6,2,6,8,6,3,4,8,14,4,1,5,3,3,0,20,4,0,0,8,0,6,6,7,6,17,15,5,7,0,14,0,5,2,9,10,12,9,19,7,5,5,0,5,19,3,15,26,9,7,13,7,11,5
1506,13,1,3,9,0,10,4,4,3,6,2,0,11,11,3,11,2,6,5,12,4,2,0,10,1,9,11,1,0,8,4,1,3,1,8,0,1,7,11,0,3,6,6,2,6,8,6,3,4,8,14,4,1,5,3,4,0,20,4,0,0,8,0,6,6,7,6,18,15,5,7,0,14,0,5,2,9,10,12,9,19,7,5,5,0,5,19,3,15,26,9,7,13,7,12,5
1507,13,1,3,9,0,11,4,4,3,6,2,0,11,11,3,11,2,6,5,12,4,2,0,10,1,9,11,1,0,8,4,1,3,1,8,0,1,7,11,0,3,6,6,3,6,8,6,3,4,8,14,4,1,5,3,4,0,20,5,0,0,8,0,6,6,7,6,18,15,5,7,0,14,0,5,2,9,11,12,10,19,7,6,5,0,5,19,3,15,26,9,7,13,7,12,5
1508,13,1,3,9,0,12,4,4,3,6,2,0,11,11,3,11,2,6,5,12,4,2,0,10,1,9,11,1,0,8,4,1,3,1,9,0,1,7,11,0,3,6,6,3,6,8,6,3,4,8,14,4,1,4,3,4,0,20,6,0,0,8,0,6,6,7,6,18,16,5,7,0,14,0,5,2,9,11,12,10,19,7,6,5,0,5,19,3,15,26,9,7,13,7,12,5
1509,13,1,3,9,0,12,4,4,3,6,2,0,11,11,3,11,2,6,5,12,5,2,0,10,1,9,11,1,0,8,4,1,3,1,10,0,1,7,11,0,3,6,6,3,7,8,7,3,4,8,14,4,1,4,3,4,0,20,6,0,0,8,0,6,6,7,6,18,16,5,6,0,14,0,5,2,9,11,12,10,19,7,6,5,0,5,19,3,15,26,9,7,12,7,13,5
1510,13,1,3,9,0,12,4,4,3,6,2,0,11,11,3,11,2,6,5,12,5,2,0,10,1,9,11,1,0,8,4,1,3,1,10,0,1,7,11,0,4,6,6,3,7,8,7,3,4,8,14,4,1,4,3,4,0,20,6,0,0,8,0,6,6,7,6,18,16,5,6,0,14,0,5,2,9,11,12,10,19,7,6,5,0,6,19,3,16,26,9,7,13,7,14,5
1511,13,1,3,9,0,12,4,4,3,6,2,0,11,11,4,11,2,6,5,12,5,2,0,10,1,9,11,1,0,8,4,1,3,1,10,0,1,7,11,0,4,6,6,3,7,8,7,3,4,8,14,4,1,4,3,4,0,20,6,0,0,8,0,6,6,7,6,18,16,5,6,0,14,0,5,2,9,11,12,10,19,7,6,5,0,6,19,3,16,26,9,7,13,7,14,5
1512,13,1,3,9,0,12,4,4,3,6,2,0,11,11,4,11,2,6,5,12,5,2,0,10,1,8,11,1,0,8,4,1,3,1,10,0,1,7,11,0,6,6,6,3,7,8,7,3,4,8,14,4,1,4,3,4,0,20,6,0,0,8,0,6,6,7,6,18,16,5,6,0,14,0,5,2,9,11,12,10,19,7,6,5,0,6,19,4,16,26,9,7,13,7,14,5
1513,13,1,3,9,0,12,4,4,3,6,3,0,11,11,4,11,2,6,5,12,5,2,0,10,1,8,11,1,0,8,4,1,3,1,10,0,1,7,11,0,6,6,6,3,7,8,7,3,4,8,14,4,1,4,3,4,0,20,6,0,0,8,0,6,6,7,6,18,16,5,6,0,14,0,5,2,9,11,12,10,20,7,6,5,0,7,19,4,16,26,10,7,13,7,13,5
1514,13,3,3,9,0,14,4,4,3,6,3,0,11,11,4,11,2,6,5,12,5,2,0,10,1,9,11,1,0,8,4,1,3,1,10,0,1,7,11,0,6,6,6,3,7,8,7,4,4,8,15,4,1,4,3,4,0,20,6,0,0,8,0,6,6,7,6,18,16,5,7,0,14,0,5,2,9,11,12,10,20,7,6,5,0,7,19,4,16,26,10,7,13,7,13,6
1515,13,3,3,9,0,14,4,4,3,6,3,0,11,11,4,11,2,6,5,12,5,2,0,10,1,9,11,1,0,7,4,1,3,1,11,0,1,7,11,0,6,6,6,3,7,8,7,4,4,8,14,4,1,4,3,4,0,20,7,0,0,8,0,6,6,7,6,18,16,5,7,0,15,0,5,2,9,11,12,10,20,7,6,5,0,7,20,4,16,26,10,7,13,7,13,6
1516,13,3,3,9,0,14,5,4,3,6,3,0,11,11,4,12,2,6,5,12,5,2,0,10,1,9,11,1,0,7,4,1,3,2,11,0,1,7,12,0,6,6,6,3,7,8,7,4,4,8,14,4,1,4,3,4,0,20,7,0,0,8,0,6,6,7,6,18,16,5,7,0,15,0,5,2,9,11,12,10,20,7,6,5,0,7,20,4,16,26,10,7,13,7,13,5
1517,13,3,3,9,0,14,5,4,3,6,3,0,11,11,4,12,2,6,5,12,5,2,0,10,1,9,11,1,0,7,4,1,3,2,11,0,1,7,11,0,6,6,6,3,8,8,7,4,4,8,14,4,1,4,3,4,0,20,7,0,0,8,0,6,6,7,6,18,15,5,7,0,15,0,5,2,9,11,12,10,20,7,6,5,0,7,21,4,17,25,10,7,13,6,13,5
1518,13,3,3,9,0,14,5,4,3,6,3,0,11,11,4,12,2,6,5,12,4,2,0,10,1,9,11,1,0,7,4,2,3,2,11,0,1,7,11,0,6,6,6,3,8,8,7,4,4,7,14,4,1,4,3,4,0,20,7,0,0,8,0,6,6,7,6,18,15,5,7,0,15,0,5,2,9,11,13,10,20,8,6,5,0,7,21,4,17,25,10,7,13,5,13,5
1519,13,3,4,9,0,14,5,4,3,6,3,0,11,11,4,12,2,6,5,12,4,2,0,10,1,9,11,1,0,7,4,2,3,2,11,0,1,7,11,0,6,6,6,3,8,8,7,4,4,7,15,4,1,4,4,4,0,20,7,0,0,8,0,6,7,7,6,18,15,5,7,0,15,0,5,2,9,11,14,10,20,8,6,5,0,7,22,4,18,25,10,7,13,5,13,5
1520,13,3,3,9,0,14,5,4,3,6,3,0,11,11,4,12,2,6,5,12,4,2,0,10,1,9,11,1,0,7,4,2,3,2,11,0,1,7,11,0,6,6,6,3,8,8,7,4,4,7,15,4,1,4,4,4,0,20,7,0,0,8,0,6,7,7,6,18,15,5,7,0,15,0,5,2,9,11,14,10,20,8,7,5,0,7,21,4,18,25,10,7,13,5,13,5
1521,13,3,3,9,0,14,5,4,3,6,3,0,11,11,4,12,2,6,5,12,4,2,1,10,1,9,11,1,0,7,4,2,3,2,10,0,1,7,11,0,5,6,6,4,8,8,7,4,4,7,15,4,1,4,4,4,0,20,7,0,0,8,0,6,7,7,6,18,15,5,7,0,15,0,5,2,9,11,14,10,20,8,7,5,0,7,21,4,18,25,10,7,13,5,13,5
1522,13,3,3,9,0,14,5,4,3,6,3,0,12,11,4,12,2,6,5,12,4,2,2,10,1,9,11,1,0,7,4,2,3,2,10,0,1,7,11,0,5,6,6,4,8,8,7,4,4,7,15,4,1,4,4,4,0,20,7,0,0,8,0,6,7,7,6,18,15,5,7,0,15,0,5,2,9,11,14,10,19,8,7,5,0,7,21,4,18,25,10,7,13,6,13,5
1523,13,3,3,9,0,14,5,4,3,6,3,0,12,11,4,12,2,6,5,12,4,2,2,10,1,9,11,1,0,7,4,2,3,2,10,0,1,8,11,0,5,6,6,4,8,8,7,4,4,7,15,4,0,4,4,4,0,21,7,0,0,8,0,6,8,7,6,18,15,5,7,0,14,0,5,2,9,12,14,10,19,8,7,5,0,7,21,4,18,25,11,7,13,6,13,5
1524,13,4,3,9,0,15,5,4,3,6,3,0,12,11,4,13,2,6,5,12,4,2,2,10,1,9,11,1,0,7,4,2,3,2,10,0,1,8,11,0,5,6,6,4,8,8,7,4,4,7,15,4,0,4,4,4,0,21,7,0,0,8,0,6,8,7,6,18,15,5,7,0,14,0,5,2,9,12,14,11,19,8,7,5,0,7,20,4,18,25,11,7,13,6,13,5
1525,13,4,3,9,0,15,5,4,3,6,3,0,12,11,4,13,2,6,5,12,4,2,2,10,1,9,11,1,0,7,4,2,3,2,10,0,1,8,11,0,5,6,6,4,8,8,7,4,4,7,15,4,0,4,4,4,0,21,7,0,0,8,0,6,8,7,6,18,15,5,7,0,14,0,5,2,9,12,14,11,20,8,7,5,0,7,20,4,18,26,11,7,13,7,13,5
1526,13,4,3,9,0,16,5,4,3,6,3,0,12,11,4,13,2,6,5,12,4,2,3,10,1,9,11,1,0,7,4,2,3,2,10,0,1,8,11,0,5,6,6,4,8,8,7,4,4,7,15,5,0,4,4,4,0,21,7,0,0,8,0,6,8,7,6,18,15,5,7,0,14,0,5,2,9,12,14,11,20,8,7,5,0,7,20,4,18,26,11,7,13,7,13,5
1527,13,4,3,10,0,16,6,4,3,6,3,0,12,11,4,12,2,6,5,12,4,2,3,10,1,9,11,1,0,7,4,2,3,2,9,0,1,8,11,0,5,6,6,4,8,8,6,4,4,7,15,4,0,4,4,4,0,22,7,0,0,8,0,6,8,7,6,17,15,5,7,0,14,0,5,2,10,12,14,11,20,8,7,5,0,7,20,4,18,26,11,7,14,7,13,5
1528,13,4,3,10,0,16,6,4,3,5,4,0,12,11,4,12,2,6,5,12,4,2,3,10,1,9,11,1,0,7,4,2,3,2,9,0,1,8,12,0,5,6,6,4,8,8,6,5,4,7,15,4,0,4,4,5,0,22,7,0,0,8,0,7,7,7,6,16,15,5,7,0,14,0,5,2,10,12,14,11,20,8,7,5,0,8,20,4,18,26,11,7,14,7,13,5
1529,13,4,3,10,0,16,6,4,3,5,4,0,11,11,4,12,2,6,5,13,4,2,3,10,1,9,11,1,0,7,4,3,3,2,9,0,1,8,12,0,5,6,6,4,9,8,6,5,4,7,15,4,0,4,4,5,0,22,7,0,0,8,0,7,9,7,5,16,15,5,7,0,14,0,5,2,11,12,14,11,20,8,7,5,0,8,20,4,18,26,11,7,14,7,13,5
1530,13,4,3,10,0,16,6,4,3,5,4,0,11,11,4,12,2,6,6,13,4,2,3,10,1,9,11,1,0,7,4,3,3,2,9,0,1,8,12,0,5,6,6,4,9,8,6,5,4,7,15,4,0,4,5,6,0,22,7,0,0,8,0,7,9,7,5,16,15,5,7,0,14,0,5,2,11,12,14,11,21,8,7,5,0,8,21,4,18,26,11,7,14,8,13,5
1531,13,4,3,10,0,16,6,4,3,5,4,0,11,10,4,12,2,6,6,13,4,2,3,10,1,9,11,1,0,7,4,3,3,2,9,0,1,8,12,0,5,6,6,4,9,8,6,5,4,7,15,5,0,4,6,6,0,22,7,0,0,7,0,8,10,7,5,16,15,5,7,0,14,0,5,2,13,12,14,11,21,8,7,5,0,8,22,4,18,26,11,7,14,8,13,5
1532,13,5,3,11,0,16,6,4,3,5,4,0,11,10,4,12,2,6,6,13,4,2,3,10,1,9,11,1,0,7,4,3,3,2,8,0,1,8,12,0,6,6,6,4,9,8,6,5,5,7,15,5,0,5,6,6,0,22,7,0,0,7,0,8,10,7,5,16,15,5,7,0,14,0,5,2,13,12,14,12,21,8,7,5,0,8,22,4,18,26,11,7,14,8,13,5
1533,13,5,3,11,0,16,6,4,3,5,3,0,11,10,4,12,2,6,6,13,4,2,3,10,1,9,11,1,0,7,4,4,3,2,8,0,1,8,12,0,6,6,6,4,9,8,6,5,5,7,15,5,0,5,6,6,0,22,7,0,0,7,0,8,10,7,5,16,15,5,7,0,14,0,5,2,13,12,14,13,21,9,7,5,0,8,22,4,18,26,11,7,14,9,13,5
1534,13,5,3,11,0,16,5,4,3,5,3,0,11,10,4,12,2,6,6,13,4,2,3,10,1,9,11,1,0,7,5,4,3,2,8,0,1,8,12,0,6,6,6,4,9,8,6,5,5,7,15,5,0,6,6,6,0,22,7,0,0,7,0,8,10,7,5,17,15,5,7,0,14,0,6,2,14,12,14,13,21,9,7,5,0,8,22,4,18,26,11,7,14,9,13,5
1535,13,5,3,11,0,16,5,6,3,5,3,0,11,10,4,12,2,6,6,13,5,2,3,10,1,10,11,1,0,7,5,4,3,2,8,0,2,9,12,0,6,6,6,4,9,8,6,5,5,7,15,5,0,6,6,6,0,22,7,0,0,7,0,8,10,7,5,17,15,5,7,0,14,0,6,2,14,12,14,13,21,9,7,5,0,8,22,4,18,26,11,7,14,10,13,5
1536,13,5,3,11,0,16,5,6,3,5,3,0,11,10,4,12,2,6,6,13,5,2,3,10,1,10,12,1,0,7,5,4,3,2,8,0,2,9,12,0,6,6,6,4,9,8,6,5,5,7,15,5,0,6,6,6,0,23,7,0,0,7,0,8,10,7,5,17,15,5,7,0,14,0,6,2,14,12,14,13,21,9,7,5,0,8,22,4,18,26,11,7,14,10,13,5
1537,13,5,3,11,0,16,5,6,3,5,3,0,11,10,4,12,2,6,6,13,5,2,3,10,1,11,12,1,0,7,5,4,3,2,8,0,2,9,12,0,6,6,6,4,9,8,6,5,5,7,15,5,0,6,6,7,0,23,8,0,0,7,0,8,10,7,5,17,15,5,7,0,14,0,6,2,14,12,14,14,22,9,7,5,0,8,22,4,18,26,11,8,13,10,13,5
1538,13,5,3,11,0,16,5,6,3,6,3,0,11,10,4,12,2,6,6,13,5,2,3,10,1,11,12,1,0,7,5,4,3,2,8,0,2,9,12,0,6,6,6,4,9,8,6,5,5,7,15,5,0,6,7,7,0,23,8,0,0,7,0,8,10,7,5,17,15,5,7,0,13,0,6,2,14,12,14,14,22,9,7,5,0,8,22,4,18,27,11,8,13,10,13,5
1539,13,5,3,11,0,16,5,6,4,6,3,0,11,9,4,12,2,6,6,13,5,2,3,10,1,11,12,1,0,7,5,4,3,2,8,0,2,9,12,0,6,6,6,4,9,8,6,5,5,7,15,5,0,6,7,7,0,23,8,0,0,7,0,8,10,7,5,17,15,5,7,0,13,0,6,2,14,12,14,14,22,9,7,5,0,8,22,4,18,27,11,8,13,10,13,5
1540,13,5,3,11,0,16,5,6,5,6,3,0,12,9,4,12,2,6,6,12,5,2,3,10,1,11,12,1,0,7,5,4,3,2,8,0,2,9,12,0,6,6,6,4,9,9,6,5,5,7,15,5,0,6,7,7,0,23,8,0,0,7,0,8,10,7,5,18,15,5,7,0,13,0,6,2,14,12,14,14,22,9,7,5,0,8,22,4,18,27,11,8,13,10,13,5
1541,13,5,3,10,0,16,5,6,5,7,4,0,12,9,4,12,2,6,6,12,5,2,3,11,1,11,12,1,0,7,5,4,3,2,8,0,2,9,12,0,6,6,6,4,9,9,6,5,5,7,15,5,0,6,7,7,0,23,8,0,0,7,0,8,10,8,5,18,15,5,7,0,13,0,6,2,14,12,14,14,22,9,7,6,0,8,22,4,18,26,11,8,13,10,14,5
1542,13,5,3,10,0,17,5,6,5,8,4,0,12,9,5,12,2,6,6,12,5,2,3,11,1,11,12,1,0,7,5,4,3,2,8,0,2,9,12,0,6,6,6,4,9,9,6,5,5,7,15,5,0,6,7,7,0,23,8,0,0,7,0,8,10,8,5,18,15,5,7,0,13,0,6,2,14,12,14,14,23,9,7,6,0,8,22,4,18,26,11,8,13,10,14,5
1543,13,5,3,10,0,17,6,6,5,8,4,0,12,9,5,12,2,6,6,12,5,2,3,11,1,11,12,1,0,7,5,4,4,2,8,0,2,9,12,0,6,6,6,4,9,9,6,5,5,7,15,5,0,6,7,8,0,23,8,0,0,7,0,8,10,8,5,19,15,5,7,0,13,0,6,2,14,12,14,14,23,9,7,6,0,8,22,4,18,26,11,8,13,10,14,5
1544,13,5,3,10,0,17,6,6,6,8,4,0,12,9,5,12,2,6,6,13,5,2,3,12,1,11,12,1,0,7,5,4,4,2,8,0,2,9,12,0,6,7,6,4,9,9,6,5,5,7,15,6,0,6,7,8,0,22,7,0,0,7,0,8,10,8,5,19,15,5,7,0,13,0,6,2,14,12,14,14,23,9,7,6,0,8,22,4,18,26,11,8,13,9,14,5
1545,15,5,3,10,0,17,6,6,6,8,4,0,12,11,5,12,2,6,6,13,5,2,3,12,1,11,13,1,0,7,5,4,4,2,8,0,2,9,12,0,6,7,6,4,9,9,6,5,5,7,15,6,0,6,7,8,0,22,7,0,0,7,0,9,10,8,5,19,15,5,7,0,13,0,6,2,14,12,14,14,25,9,7,6,0,8,22,4,18,26,11,8,13,9,15,5
1546,15,5,3,10,0,17,6,6,6,8,4,0,12,11,5,12,3,6,6,13,5,2,3,12,1,11,13,1,0,7,6,4,4,2,8,0,2,9,12,0,6,7,6,4,9,9,6,5,5,7,15,6,0,6,7,8,0,22,7,0,0,7,0,9,10,8,5,19,15,5,7,0,13,0,6,2,14,12,14,14,25,9,7,6,0,8,23,4,18,27,11,8,13,9,15,5
1547,15,5,3,10,0,17,6,6,6,8,4,0,12,11,5,12,3,6,6,13,5,2,3,12,2,11,13,1,0,7,6,5,4,2,8,0,2,9,12,0,6,7,6,4,9,9,6,5,5,7,15,6,0,6,7,8,0,22,7,0,0,7,0,10,10,8,5,19,15,5,7,0,13,0,6,2,14,12,14,14,25,9,7,6,0,8,24,4,18,27,11,8,13,9,15,5
1548,14,5,3,10,0,17,6,6,6,8,4,0,12,12,5,12,3,6,6,13,5,2,3,12,2,11,13,1,0,7,6,5,4,2,8,0,2,9,11,0,6,7,7,4,9,9,6,5,5,7,15,6,0,6,7,8,0,22,7,0,0,7,0,10,10,8,5,19,15,5,7,0,12,0,6,2,14,12,14,14,25,9,7,6,0,8,25,4,18,26,11,8,13,9,15,5
1549,14,5,3,10,0,17,7,6,6,8,4,0,12,12,5,12,3,6,6,13,5,2,3,12,2,11,13,1,0,7,7,5,4,2,8,0,2,9,11,0,6,8,7,4,9,9,6,5,5,7,15,6,0,6,7,8,0,22,7,0,0,7,0,10,10,8,6,19,15,5,7,0,12,0,6,2,14,12,14,14,24,9,7,7,0,8,25,4,18,26,11,8,13,9,15,5
1550,14,5,3,10,0,17,7,6,6,8,4,0,12,12,5,12,3,6,6,13,5,2,3,12,2,11,13,1,0,7,7,5,4,2,9,0,2,9,11,0,6,8,7,4,9,9,6,5,5,7,15,6,0,6,7,8,0,22,7,0,0,7,0,10,10,8,6,20,15,5,7,0,12,0,6,2,14,12,14,13,25,9,7,7,0,8,25,4,18,26,11,8,13,9,14,5
1551,14,5,3,10,0,17,7,6,6,8,4,0,13,12,5,12,3,6,6,13,5,3,3,12,2,11,13,1,0,7,7,5,4,2,9,0,2,9,11,0,6,9,7,4,9,9,6,5,5,7,15,6,0,6,7,8,0,22,7,0,0,7,0,10,10,8,6,20,15,5,7,0,12,0,6,2,13,12,15,13,27,9,7,7,0,9,25,4,18,26,11,8,13,9,14,5
1552,14,5,3,10,0,17,7,6,6,8,4,0,13,13,5,12,3,6,6,13,5,3,3,12,2,11,13,1,0,7,7,5,4,2,9,0,2,10,11,0,6,9,7,4,9,9,6,5,5,7,15,6,0,6,7,8,0,21,7,0,0,7,0,10,10,8,6,20,16,5,7,0,12,0,6,2,13,12,15,13,27,9,7,7,0,9,25,4,18,26,11,8,13,9,14,5
1553,14,5,3,10,0,17,7,6,6,8,5,0,13,13,5,12,3,6,6,13,5,3,3,12,2,11,13,1,0,7,7,5,4,2,9,0,2,10,11,0,6,9,7,4,9,9,6,5,4,7,15,6,0,6,7,8,0,21,7,0,0,7,0,10,10,8,6,20,16,5,7,0,12,0,6,2,13,12,15,12,27,9,7,7,0,9,25,4,18,26,11,9,13,9,14,5
1554,14,5,3,10,0,17,7,6,6,8,5,0,13,13,5,12,3,6,6,13,5,3,3,12,3,11,13,1,0,7,7,5,4,2,9,0,2,10,11,0,6,9,7,4,9,9,6,5,4,7,16,6,0,6,7,8,0,21,7,0,0,7,0,10,10,8,6,21,16,5,7,0,12,0,6,2,13,12,15,12,27,9,7,7,0,9,25,4,19,26,11,9,13,9,14,5
1555,14,5,3,10,0,17,7,6,6,8,5,0,12,13,5,12,3,6,6,14,5,4,3,11,3,11,13,1,0,7,7,5,4,2,9,0,2,10,11,0,6,9,7,4,10,9,6,5,4,7,16,7,0,6,7,9,0,21,7,0,0,7,0,10,10,8,6,21,16,5,7,0,12,0,6,2,13,12,15,12,27,9,7,8,0,9,25,4,19,26,11,9,13,10,14,5
1556,14,5,3,10,0,17,7,6,6,8,5,0,12,13,5,12,3,6,6,14,5,4,3,11,3,11,13,1,0,7,7,5,5,2,9,0,2,10,11,0,6,9,7,4,10,9,6,5,4,7,16,7,0,6,7,9,0,21,7,0,0,7,0,10,10,8,6,21,17,5,8,0,12,0,6,2,13,12,15,12,27,9,7,8,0,9,25,4,19,26,11,9,13,10,14,5
1557,15,5,3,10,0,17,7,6,6,8,5,0,12,13,5,12,3,6,6,14,5,4,3,11,3,11,13,1,0,7,7,5,5,2,9,0,2,10,11,0,6,9,7,4,10,9,6,5,4,7,16,7,0,6,7,9,0,21,8,0,0,7,0,10,10,8,6,21,17,5,8,0,12,0,6,3,13,12,15,12,27,9,8,8,0,9,25,4,19,26,11,9,13,10,14,5
1558,15,5,3,10,0,17,7,6,6,8,5,0,12,13,5,12,3,6,6,14,5,4,3,11,3,11,13,1,0,7,7,5,5,2,9,0,2,10,11,1,6,9,7,4,10,10,6,5,5,7,16,7,0,6,7,9,0,21,8,0,0,7,0,10,10,8,6,21,17,5,8,0,12,0,6,3,13,12,15,12,27,9,8,8,0,9,25,4,19,26,11,9,13,11,14,5
1559,16,5,3,10,0,17,7,6,6,8,5,0,12,13,5,12,3,6,6,14,5,4,3,11,3,12,13,1,0,7,7,5,5,2,9,0,2,10,11,1,6,9,7,4,10,10,6,5,5,7,16,7,0,7,7,9,0,21,8,0,0,7,0,10,10,8,6,21,17,6,8,0,12,0,6,3,13,12,15,12,27,9,8,8,0,9,26,4,19,26,11,9,13,11,14,5
1560,16,5,3,10,0,18,7,6,6,8,5,0,12,13,5,12,3,6,6,14,5,4,3,11,3,10,13,1,0,7,7,5,5,2,9,0,2,9,11,1,6,9,7,4,10,10,6,5,5,7,16,7,0,7,7,10,0,21,8,0,0,7,0,11,10,8,6,21,17,6,8,0,12,0,6,3,13,12,15,12,27,9,9,8,0,9,27,4,18,26,11,9,13,11,14,5
1561,17,5,3,10,0,18,7,6,6,9,5,0,11,13,5,12,3,6,6,14,5,4,3,11,3,10,13,1,0,7,7,5,5,2,9,0,2,9,11,1,6,9,7,4,10,10,6,5,5,7,16,7,0,7,7,10,0,21,8,0,0,7,0,11,10,8,6,21,17,6,9,0,12,0,6,3,13,12,15,12,27,9,9,8,0,9,27,4,18,26,11,9,13,11,14,5
1562,17,4,3,10,0,18,8,6,6,9,5,0,11,13,5,12,3,6,5,14,5,4,3,11,3,10,13,1,0,7,7,5,5,2,9,0,2,10,11,1,6,9,7,4,10,10,6,5,5,7,16,7,0,7,7,10,0,21,8,0,0,7,0,11,10,8,7,21,17,6,9,0,12,0,6,3,13,12,15,12,27,9,9,8,0,9,27,4,18,26,11,9,13,11,14,5
1563,17,4,3,10,0,18,8,6,6,9,5,0,10,13,5,13,3,6,5,14,5,4,3,11,3,10,13,1,0,6,7,5,5,2,9,0,2,10,11,1,6,9,7,4,10,10,6,5,5,7,16,7,0,7,7,10,0,21,8,0,0,6,0,11,10,8,7,21,17,6,9,0,12,0,6,3,13,12,15,12,27,9,9,8,0,9,27,4,18,25,11,9,13,11,14,5
1564,17,4,3,10,0,18,8,6,6,9,5,0,9,13,5,13,3,7,5,13,5,4,3,11,3,10,13,1,0,6,7,5,5,2,9,0,2,10,11,1,6,9,7,4,10,10,7,5,6,7,17,7,0,7,7,11,0,21,8,0,0,6,0,11,10,8,7,21,17,6,9,0,12,0,6,3,13,12,15,12,27,9,9,8,0,10,27,4,18,25,11,9,13,11,14,5
1565,17,4,3,10,0,18,8,6,6,9,5,0,9,13,5,13,3,7,5,13,5,4,3,11,4,10,13,1,0,6,7,5,5,2,9,0,2,10,11,1,6,9,7,4,10,10,7,5,6,7,17,7,0,7,7,11,0,21,8,0,0,6,0,11,10,8,7,21,17,6,10,0,12,0,6,3,13,12,15,12,27,9,9,8,0,10,27,4,20,25,11,9,13,11,14,5
1566,17,4,3,10,0,18,8,6,6,9,5,0,9,13,5,14,3,7,4,13,5,4,3,11,4,10,13,1,0,6,7,5,4,2,9,0,2,10,12,1,6,9,7,4,10,10,7,5,6,7,17,7,0,7,7,11,0,21,8,0,0,6,0,11,11,9,7,21,17,6,10,0,12,0,6,3,13,12,14,12,27,9,9,8,0,10,27,4,20,26,11,9,13,11,14,5
1567,17,4,3,10,0,18,8,6,6,9,5,0,9,13,5,14,4,7,4,13,5,4,3,10,4,10,14,1,0,6,7,5,5,2,9,0,2,10,12,1,6,9,7,4,10,10,7,5,6,7,18,7,0,7,7,11,0,21,8,0,0,6,0,11,12,9,8,21,17,6,9,0,12,0,6,3,13,12,14,12,27,9,9,8,0,10,27,4,20,26,11,9,13,12,14,5
1568,18,4,3,10,0,18,9,6,6,9,5,0,9,13,5,14,4,7,4,13,5,4,3,10,4,10,14,2,0,6,6,5,5,2,9,0,2,10,12,1,6,9,7,4,10,10,7,5,6,8,18,7,0,7,7,10,0,21,8,0,0,6,0,11,13,9,8,21,17,6,9,0,12,0,6,3,13,12,14,12,28,9,9,8,0,10,27,4,20,25,11,9,13,12,14,5
1569,18,4,3,10,0,18,9,6,6,8,5,0,9,13,5,14,4,7,4,13,5,4,3,10,4,10,14,2,0,6,6,5,5,2,9,0,2,10,12,1,6,9,7,4,10,11,7,5,6,8,18,7,0,7,7,10,0,21,8,0,0,6,0,11,13,9,8,21,17,6,9,0,12,0,6,3,14,12,14,12,28,9,9,8,0,10,27,4,20,24,11,10,13,12,14,5
1570,18,4,3,10,0,18,9,6,6,8,5,0,9,14,5,14,4,7,4,13,5,4,3,10,4,10,14,2,0,6,6,5,5,2,9,0,2,10,12,1,6,9,7,4,10,11,7,5,6,8,18,7,0,7,7,10,0,20,8,0,0,6,0,11,13,9,7,21,17,6,9,0,12,0,6,3,14,12,14,12,28,9,9,8,0,10,27,4,20,24,11,10,13,12,14,5
1571,18,4,3,10,0,18,9,6,6,8,5,0,9,14,5,14,4,7,4,13,5,4,3,10,4,10,14,2,0,6,6,5,5,2,9,0,2,10,12,1,7,9,7,4,10,11,7,5,6,9,18,7,0,7,7,10,0,20,8,0,0,6,0,11,13,9,7,21,17,6,9,0,12,0,6,3,14,12,14,12,28,10,9,8,0,10,27,4,20,24,11,10,13,12,14,5
1572,18,4,3,10,0,18,9,6,6,8,5,0,9,15,5,14,4,7,4,13,5,4,3,10,4,10,14,2,0,6,6,5,5,2,9,0,2,10,12,1,7,9,7,4,10,11,7,5,6,9,18,7,0,7,7,10,0,21,8,0,0,6,0,11,13,9,7,21,17,6,9,0,12,0,6,3,14,12,14,12,28,10,9,8,0,10,27,4,20,24,11,10,14,12,14,5
1573,18,4,3,10,0,18,9,6,6,8,5,0,9,15,5,14,4,7,4,13,5,4,3,10,4,11,14,2,0,6,6,5,5,2,8,0,2,10,12,1,7,9,7,4,10,11,7,5,6,9,18,7,0,7,7,10,0,21,8,0,0,6,0,11,13,9,7,22,17,6,9,0,12,0,6,3,14,12,15,13,28,10,9,8,0,10,27,4,20,24,11,10,14,12,14,5
1574,18,4,3,11,0,18,9,6,6,8,5,0,9,16,5,14,4,8,5,13,5,4,3,10,4,11,14,2,0,6,6,5,4,2,8,0,2,10,12,1,8,9,7,4,10,11,7,5,6,9,18,7,0,7,7,10,0,21,8,0,0,6,0,11,13,9,7,22,17,6,9,0,12,0,6,3,14,12,15,13,28,10,9,8,0,10,27,4,21,24,11,11,14,12,14,5
1575,18,4,3,11,0,18,9,6,6,8,5,0,9,15,5,14,4,8,5,13,5,4,3,10,4,11,14,2,0,6,6,5,4,2,8,0,2,10,12,1,8,8,7,4,10,11,7,5,6,9,18,8,0,7,7,10,0,21,7,0,0,6,0,11,14,9,7,23,17,6,9,0,12,0,6,3,14,12,15,13,28,11,9,8,0,10,27,4,21,24,11,11,14,12,15,5
1576,18,4,3,11,0,18,9,6,6,8,5,0,9,15,5,14,4,8,5,13,5,4,3,10,4,11,14,2,0,6,6,5,4,2,9,0,2,10,12,1,8,8,7,4,10,11,7,5,6,9,18,8,0,7,7,10,0,21,7,0,0,6,0,11,14,9,7,23,17,6,9,0,12,0,6,3,14,12,16,13,28,11,9,8,0,10,27,4,21,24,11,11,14,12,15,5
1577,18,4,3,11,0,18,9,6,6,8,5,0,9,15,5,15,4,8,6,13,5,4,3,10,4,11,14,2,0,6,6,5,4,2,9,0,2,10,13,1,8,10,7,4,10,11,7,5,6,9,18,8,0,7,7,10,0,21,7,0,0,6,0,11,14,10,7,23,17,6,9,0,12,0,6,3,14,12,16,12,28,11,9,8,0,10,27,4,21,24,11,11,14,12,15,5
1578,18,4,3,11,0,18,9,6,6,8,5,0,9,15,5,15,4,8,6,13,5,4,4,10,4,11,15,2,0,6,6,5,4,2,9,0,2,10,13,1,8,10,7,4,10,11,7,5,6,9,18,8,0,7,7,10,0,21,7,0,0,6,0,11,15,10,7,23,17,7,9,0,11,0,6,3,14,12,16,12,27,11,9,8,0,10,27,5,21,24,11,11,14,12,15,5
1579,18,4,3,11,0,18,9,6,6,8,5,0,9,15,5,16,4,8,6,13,5,4,4,10,4,11,15,2,0,6,6,5,4,2,9,0,2,10,13,1,8,10,7,4,10,11,7,5,6,9,18,8,0,7,7,10,0,21,7,0,0,7,0,11,15,10,7,23,17,7,9,0,11,0,6,3,14,12,16,12,28,11,9,8,0,10,27,5,20,24,11,11,14,12,15,5
1580,19,4,3,11,0,18,9,6,6,9,5,0,9,15,5,16,4,8,6,13,5,4,4,11,4,11,15,2,0,6,6,5,4,2,9,0,2,10,13,1,8,10,7,4,10,11,7,5,6,9,18,8,0,7,7,10,0,21,7,0,0,7,0,11,15,10,7,23,17,6,9,0,11,0,6,3,14,12,16,12,28,11,9,8,0,10,27,5,20,24,12,11,14,12,15,5
1581,19,4,3,11,0,18,9,6,6,9,5,0,9,15,5,16,4,8,6,13,5,4,4,11,4,11,15,2,0,6,6,5,5,2,9,0,2,10,13,1,8,10,7,4,11,12,7,6,6,9,18,8,1,7,8,10,0,21,7,0,0,7,0,11,15,10,7,23,17,6,9,0,11,0,6,3,14,13,16,11,27,10,9,8,0,10,27,5,20,24,12,11,14,12,15,5
1582,19,4,3,11,0,18,9,6,6,9,6,0,9,15,5,16,4,8,6,14,5,4,4,11,4,11,15,2,0,6,6,5,5,2,9,0,3,10,12,1,8,10,7,4,11,12,7,6,6,9,18,8,1,7,8,10,0,21,7,0,0,8,0,11,16,10,7,23,17,6,9,0,11,0,6,3,14,13,16,11,27,10,9,8,0,10,26,5,20,24,12,11,14,12,15,5
1583,19,4,3,11,0,18,9,6,6,10,7,0,9,15,5,16,4,8,6,14,5,4,4,11,4,11,16,2,0,6,6,5,5,2,9,0,3,10,13,1,8,10,7,4,11,12,7,6,6,9,18,8,1,7,8,10,0,21,7,0,0,8,0,11,16,10,7,23,17,6,9,0,11,0,6,3,15,13,17,11,27,10,8,8,0,10,26,5,20,24,12,11,14,12,15,5
1584,19,4,3,11,0,18,9,6,6,10,9,0,9,15,5,16,4,8,6,14,5,4,4,11,4,11,16,2,0,6,6,5,5,2,9,0,3,11,13,1,7,10,6,4,11,12,7,6,6,9,19,8,1,7,8,10,0,19,7,0,0,8,0,10,16,10,7,24,17,6,9,0,11,0,6,3,15,13,17,11,27,10,8,8,0,10,26,5,20,24,12,11,14,12,15,5
1585,19,4,3,11,0,18,10,6,6,10,9,0,9,15,5,16,4,8,6,14,5,4,4,11,4,11,16,2,0,6,6,5,5,2,9,0,3,11,13,1,7,10,6,4,11,12,7,6,6,9,19,8,1,7,8,10,0,19,7,0,0,8,0,10,16,10,7,24,17,6,9,0,11,0,6,3,15,13,17,11,27,10,7,8,0,10,26,5,20,24,12,11,14,12,15,5
1586,19,4,3,11,0,18,11,6,6,10,9,0,9,15,5,16,4,8,6,14,5,4,4,11,4,11,16,2,0,6,6,5,5,2,9,0,3,11,13,1,7,10,6,5,11,12,7,6,6,9,19,8,1,7,8,10,0,19,7,0,0,8,0,10,16,10,7,24,17,5,9,0,11,0,6,3,15,13,17,12,27,10,7,9,0,11,26,5,21,24,12,11,14,12,15,5
1587,19,4,3,12,0,18,11,6,7,10,9,0,9,15,5,16,4,8,6,14,5,4,4,11,4,12,16,2,0,6,6,5,5,2,9,0,3,11,13,1,7,10,6,5,11,12,7,6,6,9,19,8,1,6,8,10,0,19,7,0,0,8,0,10,16,10,7,24,17,5,9,0,11,0,6,3,15,13,17,13,27,10,7,9,0,12,26,5,21,24,12,11,14,12,15,6
1588,20,4,3,12,0,18,11,6,7,10,9,0,9,15,5,16,4,8,6,14,5,4,4,11,4,12,16,2,0,6,6,5,5,2,9,0,3,11,13,1,7,10,6,5,11,12,7,6,6,9,19,8,1,6,8,10,0,19,7,0,0,8,0,10,16,10,7,24,17,5,9,0,12,0,6,3,15,13,17,13,27,10,7,9,0,12,26,5,22,24,12,11,14,12,15,6
1589,20,4,3,12,0,18,11,6,7,10,9,0,10,15,5,16,4,8,6,14,5,4,4,11,4,12,16,2,0,6,6,5,5,2,9,0,3,10,13,1,7,10,6,5,11,12,7,6,6,10,19,8,1,6,8,10,0,19,7,0,0,8,0,10,16,10,7,24,17,5,9,0,12,0,6,3,15,13,17,13,28,10,7,9,0,12,26,5,22,24,12,11,14,12,15,6
1590,20,4,3,12,0,18,11,6,7,10,10,0,10,15,5,16,4,8,6,14,5,4,4,10,4,12,16,2,0,6,6,5,5,2,9,0,3,10,13,1,7,10,6,5,12,12,7,6,6,10,20,8,1,6,8,10,0,20,7,0,0,8,0,10,16,10,7,24,17,5,9,0,12,0,7,3,15,14,17,13,28,10,7,9,0,12,26,5,22,24,12,11,14,12,15,6
1591,20,4,3,12,0,18,11,6,7,10,9,0,10,15,5,16,4,8,7,14,5,4,4,10,4,12,16,2,0,6,7,5,5,2,9,0,3,10,13,1,7,10,6,5,12,12,7,6,6,10,19,8,1,6,8,10,0,20,7,0,0,7,0,10,16,10,7,24,17,5,10,0,12,0,7,3,15,14,17,13,28,10,7,9,0,12,26,5,22,25,12,11,14,12,15,6
1592,20,4,3,12,0,18,11,6,7,9,9,0,10,15,6,16,4,8,7,14,5,4,4,10,4,12,16,2,0,6,7,5,5,2,9,0,3,10,14,1,7,10,6,5,12,13,7,6,6,10,19,8,1,6,8,10,0,20,7,0,0,7,0,10,16,10,7,24,17,5,10,0,12,0,7,3,15,14,17,13,28,10,7,9,0,12,26,5,21,25,12,11,14,12,14,6
1593,20,4,3,12,0,18,11,6,7,9,9,0,10,15,6,16,4,8,7,14,5,4,4,10,4,12,16,2,0,6,7,5,5,2,9,0,3,10,14,1,7,10,6,5,12,13,7,6,6,10,19,8,1,6,8,10,0,20,7,0,0,7,0,10,16,10,8,24,17,6,10,0,12,0,7,3,15,14,17,13,28,10,7,9,0,12,26,5,21,25,12,11,14,12,14,6
1594,20,4,3,12,0,18,11,6,7,9,10,0,9,15,6,16,4,8,7,14,5,4,4,10,4,12,16,2,0,6,7,5,5,2,9,0,3,10,14,1,7,10,6,5,12,13,7,6,6,10,19,8,1,6,8,10,0,20,8,0,0,7,0,11,15,11,8,24,17,6,10,0,12,0,7,2,15,14,17,13,28,10,7,9,0,12,26,5,21,25,12,11,14,12,14,6
1595,20,4,3,12,0,18,11,6,7,9,10,0,9,15,6,16,4,8,7,14,5,4,4,10,4,12,16,2,0,6,7,5,5,2,9,0,3,10,14,1,7,10,6,5,12,13,7,6,7,11,19,8,1,6,8,10,0,20,8,0,0,7,0,11,15,12,8,24,17,6,10,0,13,0,7,2,15,14,17,13,28,10,8,9,0,12,26,5,21,25,12,11,14,12,15,6
1596,20,4,3,12,0,18,11,6,7,9,10,0,9,16,6,16,4,8,7,14,5,4,4,10,4,12,16,2,0,6,7,5,6,2,9,0,3,10,14,1,7,10,6,5,12,13,7,6,7,11,19,8,1,6,8,10,0,19,8,1,0,7,0,11,15,12,8,24,17,6,10,0,14,0,7,2,15,14,17,13,28,10,8,9,0,12,26,5,22,25,12,11,14,13,15,6
1597,21,4,3,12,0,18,11,6,7,9,10,0,9,17,6,16,4,8,7,14,5,4,4,10,4,12,16,2,0,6,7,5,7,2,9,0,3,10,14,1,7,10,6,5,12,13,7,6,7,11,19,8,1,8,8,10,0,19,8,1,0,7,0,11,15,12,8,24,17,6,10,0,14,0,7,2,15,14,17,13,28,11,8,9,0,11,26,5,22,25,13,11,14,13,15,6
1598,21,4,3,12,0,18,11,6,7,9,10,0,9,17,6,16,4,8,7,14,5,5,5,10,4,12,16,2,0,6,7,5,7,2,9,0,4,10,14,1,8,10,6,5,12,13,7,6,7,11,19,8,1,8,8,10,0,20,8,1,0,7,0,11,16,12,8,24,17,6,11,0,14,0,7,2,15,15,16,13,28,11,8,9,0,10,26,5,22,25,13,11,14,13,15,6
1599,21,4,3,12,0,18,11,6,8,9,10,0,9,18,6,15,4,8,7,14,5,5,5,10,4,12,16,2,0,6,7,5,7,2,9,0,4,10,14,1,8,11,6,5,12,13,7,6,7,11,19,8,1,8,8,10,0,20,8,1,0,7,0,11,17,12,8,25,17,6,11,0,14,0,7,2,15,15,16,13,28,11,8,9,0,10,26,5,22,25,13,11,14,13,15,6
1600,23,4,3,12,0,18,11,6,8,9,10,0,9,19,6,15,4,8,7,14,5,5,5,10,5,12,16,2,0,6,7,5,7,2,9,0,4,10,14,1,8,11,6,5,12,13,7,6,7,11,19,9,1,8,8,10,0,20,8,1,0,7,0,11,17,12,8,25,17,6,12,0,14,0,7,2,15,15,16,13,28,11,8,9,0,10,26,5,22,25,13,11,14,13,15,6
1601,23,4,3,12,0,18,12,6,8,9,10,0,9,19,6,15,4,8,7,14,5,5,5,10,5,12,16,2,0,6,7,5,7,2,9,0,4,10,14,1,8,11,6,5,12,13,7,6,7,11,19,9,1,8,8,11,0,20,8,1,0,7,0,11,17,12,8,25,17,6,12,0,15,0,7,2,15,15,16,13,28,11,8,9,0,10,26,5,22,25,14,11,14,13,15,6
1602,23,4,3,12,0,18,12,8,8,9,10,0,9,19,6,15,4,8,8,14,6,5,5,10,5,12,16,2,0,5,7,5,7,2,9,0,4,10,14,1,8,11,6,5,13,13,7,6,7,11,19,9,1,8,8,11,0,20,8,1,0,7,0,11,17,12,8,25,17,6,12,0,15,0,7,2,15,15,16,13,28,11,8,9,0,10,26,5,22,25,14,11,15,13,16,6
1603,23,4,3,12,0,18,12,8,8,9,11,0,9,19,6,16,4,8,8,14,6,5,5,10,5,12,16,2,0,6,7,5,7,2,9,0,4,10,14,1,8,11,6,5,13,13,7,6,7,11,19,9,1,8,8,11,0,20,8,1,0,7,0,11,17,12,8,25,17,6,12,0,15,0,7,2,15,15,16,13,28,11,8,9,0,10,26,5,22,26,14,11,15,13,16,6
1604,23,4,3,12,0,18,12,8,7,9,11,0,9,19,6,16,4,8,8,14,6,5,5,10,5,12,16,2,0,6,7,5,7,2,9,0,4,10,14,1,8,11,6,5,13,13,7,6,7,11,19,9,1,8,8,12,0,20,8,1,0,7,0,11,17,12,8,25,17,6,12,0,16,0,7,2,16,16,16,13,28,11,8,9,0,10,27,5,23,26,14,11,15,12,16,6
1605,23,4,3,12,0,19,12,8,7,9,11,0,9,19,6,15,4,8,8,15,6,5,5,10,5,12,16,2,0,6,7,5,7,2,9,0,4,10,14,1,8,11,6,6,13,13,7,6,7,11,19,10,1,8,8,12,0,20,8,1,0,7,0,11,17,12,8,26,17,6,12,0,16,0,7,2,16,17,16,13,29,11,8,9,0,10,28,5,23,26,14,10,15,12,16,6
1606,23,4,3,13,0,19,12,8,7,9,11,0,9,19,6,15,4,8,8,15,6,5,5,11,5,12,16,2,0,6,7,6,7,2,9,0,4,10,14,1,8,13,6,6,13,13,7,6,8,11,19,10,1,8,8,12,0,20,8,1,0,7,0,11,17,12,8,26,17,6,12,0,16,0,7,2,16,17,16,13,29,11,8,9,0,10,28,5,24,25,14,10,15,11,17,6
1607,23,4,3,13,0,19,12,8,8,9,11,0,9,19,6,16,4,8,8,15,6,5,5,11,5,12,16,2,0,7,7,6,7,2,9,0,4,10,14,2,8,14,6,6,13,13,8,6,8,11,19,10,1,8,8,12,0,19,8,1,0,7,0,11,17,12,8,26,16,6,12,0,16,0,7,2,16,17,16,13,29,12,8,9,0,10,28,5,24,25,14,10,15,12,17,6
1608,23,4,3,13,0,19,12,8,8,9,11,0,9,19,6,16,4,8,8,15,6,5,6,12,5,13,16,2,0,7,7,6,7,2,9,0,4,10,14,2,8,14,6,6,14,13,8,6,8,11,19,10,1,8,8,12,0,19,8,1,0,7,0,11,17,12,8,26,16,6,12,0,16,0,7,2,17,17,16,13,29,12,8,9,0,10,28,5,24,25,14,10,15,12,17,6
1609,23,4,3,13,0,19,12,8,8,9,11,0,9,19,6,16,4,8,8,15,7,5,6,12,5,13,16,2,0,7,7,6,7,2,9,0,4,10,14,2,8,14,6,6,14,13,8,6,8,11,19,10,1,8,8,12,0,19,8,1,0,7,0,11,17,12,9,26,17,6,12,0,17,0,7,2,17,18,16,13,29,12,8,9,0,10,28,5,24,25,14,10,15,13,17,6
1610,23,5,3,13,0,19,12,8,8,9,11,0,9,19,6,16,4,8,8,15,7,6,6,12,6,13,16,2,0,7,7,7,8,2,9,0,4,10,13,2,8,14,6,6,14,13,8,6,8,11,19,10,1,8,8,12,0,19,8,2,0,7,0,11,17,12,9,26,17,6,12,0,17,0,7,2,17,19,15,13,29,12,8,10,0,10,28,5,23,25,14,10,14,13,17,6
1611,23,6,3,13,0,19,12,8,8,9,11,0,9,19,6,16,4,8,8,16,7,6,6,12,6,13,16,2,0,7,7,7,8,2,9,0,4,10,13,2,8,14,6,6,14,13,9,6,8,12,19,10,1,9,8,12,0,19,8,2,0,7,0,11,17,12,9,25,17,6,12,0,18,0,7,2,17,19,15,13,29,12,8,10,0,10,28,5,23,25,14,10,14,13,17,6
1612,23,6,3,13,0,19,12,8,8,9,11,0,9,19,6,16,4,8,8,15,7,6,6,12,6,14,16,2,0,8,8,7,9,2,9,0,4,10,13,2,8,14,6,6,14,13,9,6,8,12,19,10,1,9,8,12,0,20,8,2,0,7,0,11,17,12,9,26,17,6,12,0,18,0,7,2,17,19,15,13,29,12,8,10,0,10,29,5,23,25,14,10,14,13,17,6
1613,23,6,3,13,0,19,12,8,8,9,11,0,9,19,6,16,4,8,8,15,7,6,6,13,6,14,16,2,0,9,8,7,9,2,9,0,4,10,13,2,8,14,7,6,14,13,9,6,8,12,19,10,1,9,8,12,0,20,8,2,0,7,0,11,17,12,9,26,17,6,12,0,18,0,7,2,17,19,15,13,29,12,8,11,0,10,29,5,23,25,14,10,14,13,17,6
1614,23,6,3,13,0,19,12,8,8,9,11,0,9,19,6,16,4,8,9,15,7,6,6,13,6,15,16,2,0,9,8,7,9,2,9,0,4,10,13,2,8,13,7,6,14,13,9,6,8,12,19,9,1,9,8,12,0,20,8,2,0,7,0,11,17,12,9,26,17,6,12,0,18,0,7,2,17,19,15,14,29,12,8,11,0,10,29,5,23,25,14,10,14,13,17,6
1615,23,6,3,13,0,19,12,8,8,9,10,0,9,19,6,16,4,8,9,15,7,6,6,13,5,15,14,2,0,9,8,7,9,2,9,0,4,10,13,2,8,13,7,6,14,13,9,6,8,12,19,9,1,9,8,13,0,20,8,2,0,7,0,11,17,12,9,26,17,6,12,0,18,0,7,2,17,19,15,14,29,12,8,10,0,10,29,5,23,25,14,10,14,13,17,6
1616,23,6,3,13,0,20,12,9,8,9,10,0,9,19,6,16,4,8,9,15,7,6,6,13,5,16,14,2,0,9,8,7,9,2,9,0,4,10,13,2,8,13,7,6,14,13,9,6,8,12,19,9,1,9,8,13,0,20,8,2,0,8,0,11,17,12,9,26,17,6,12,0,18,0,7,3,17,19,15,14,29,12,8,10,0,10,29,5,23,25,14,11,13,13,17,6
1617,23,6,3,13,0,20,13,9,8,9,10,0,9,19,6,16,4,8,9,15,7,6,6,13,5,16,13,2,0,9,8,7,9,2,9,0,4,10,13,2,8,13,7,5,14,13,9,6,8,12,19,9,1,9,8,13,0,20,8,2,0,8,0,11,16,12,10,26,17,5,13,0,18,0,7,3,17,19,15,14,29,12,8,10,0,10,28,5,24,25,14,11,13,13,17,6
1618,23,6,3,13,0,20,13,9,8,9,10,0,9,19,6,16,4,8,9,15,7,6,6,13,5,16,14,2,0,9,8,7,9,2,9,0,4,10,13,2,8,14,7,5,14,13,9,6,8,12,19,10,1,9,8,13,0,20,8,3,0,8,0,11,16,12,10,26,17,5,13,0,18,0,8,3,17,19,15,14,29,12,8,10,0,10,28,5,24,25,14,11,13,13,17,6
1619,23,6,3,13,0,20,13,9,8,9,10,0,9,18,6,15,4,8,9,15,7,6,6,13,5,16,14,2,0,9,8,7,9,2,9,0,4,10,13,2,8,14,7,5,14,13,9,6,8,12,19,10,1,9,8,13,0,20,8,3,0,8,0,11,16,12,10,26,17,5,13,0,18,0,8,3,18,19,15,14,29,12,8,10,0,10,28,5,24,26,13,11,14,13,17,6
1620,23,6,3,13,0,20,13,9,8,8,10,0,9,18,6,15,4,8,9,15,8,6,6,13,5,16,14,2,0,9,8,7,9,2,9,0,4,10,12,2,8,14,7,5,14,13,9,7,8,12,19,10,1,9,8,13,0,20,8,3,0,9,0,11,16,12,9,26,17,5,13,0,18,0,8,3,18,19,15,14,29,12,8,10,0,10,28,5,24,25,13,12,14,13,17,6
1621,23,6,3,13,0,20,13,9,8,8,10,0,10,18,6,15,4,8,9,15,8,6,6,13,5,16,15,2,0,9,8,7,9,2,9,0,4,10,12,2,8,14,7,5,14,13,9,7,8,12,20,10,1,8,8,13,0,20,8,3,0,9,0,11,16,12,9,26,17,5,12,0,18,0,8,3,19,19,15,14,29,12,8,10,0,10,27,5,24,25,13,12,14,13,17,6
1622,23,6,3,13,0,20,13,9,9,8,10,0,10,18,6,15,4,8,9,15,8,6,6,13,5,16,15,2,0,9,8,7,9,2,9,0,4,10,12,2,8,14,7,5,14,13,10,7,8,12,20,10,1,8,8,13,0,21,8,3,0,9,0,11,16,12,10,26,18,5,12,0,18,0,8,3,19,19,15,14,29,13,8,10,0,10,26,5,24,25,13,12,14,13,17,6
1623,23,6,3,13,0,20,13,9,9,8,10,0,10,18,6,15,4,8,9,15,8,6,6,13,5,16,15,2,0,9,8,7,9,2,10,0,4,10,13,2,8,14,7,5,14,13,11,7,8,12,20,10,1,8,8,13,0,21,8,3,0,9,0,11,16,12,10,27,18,6,12,0,18,0,8,3,20,19,15,14,29,13,8,10,0,10,26,5,24,25,13,12,14,13,17,6
1624,23,6,3,13,0,20,13,9,9,8,10,0,10,18,6,15,4,8,9,15,8,6,6,13,5,16,15,2,0,9,9,7,9,2,10,0,4,10,13,2,8,14,7,5,14,13,11,7,8,12,20,10,1,8,8,13,0,21,8,3,0,10,0,11,16,12,10,27,18,6,12,0,19,0,8,3,20,19,15,14,28,13,8,10,0,10,26,5,24,25,13,12,14,13,17,6
1625,24,7,3,13,0,20,13,9,9,8,10,0,10,18,6,15,4,8,9,15,8,6,6,13,5,16,15,2,0,10,9,7,9,2,10,0,4,10,13,2,9,14,7,5,14,13,11,7,8,12,20,10,1,8,8,13,0,21,8,3,0,10,0,11,17,12,10,27,18,6,12,0,19,0,8,3,20,19,15,14,28,14,8,10,0,10,26,5,24,25,13,13,14,13,17,6
1626,24,7,3,13,0,20,13,9,9,8,10,0,10,18,6,15,4,8,9,15,8,6,6,13,5,16,16,2,0,10,9,7,9,2,11,0,4,10,13,2,9,14,7,5,14,13,11,6,8,12,20,10,1,8,8,13,0,21,8,3,0,10,0,11,17,12,11,27,18,6,12,0,19,0,8,3,20,19,15,14,28,14,8,10,0,10,27,6,24,25,13,13,14,12,17,6
1627,24,7,3,12,0,20,13,10,9,8,10,0,10,18,6,16,4,8,9,15,8,6,6,13,5,16,16,2,0,10,9,7,9,2,11,0,4,10,13,2,9,14,7,5,14,13,11,6,8,12,20,10,1,7,8,13,0,21,8,3,0,10,0,11,17,12,11,27,18,6,11,0,19,0,8,3,21,18,15,14,28,15,8,10,0,10,27,6,24,26,13,13,14,12,17,6
1628,24,7,3,12,0,20,13,10,9,8,11,0,10,18,6,16,4,8,9,15,8,6,6,13,5,16,16,2,0,10,9,7,9,2,11,0,4,10,13,2,9,14,7,5,14,13,11,6,8,12,21,11,1,7,8,13,0,21,8,3,0,10,0,11,17,12,11,27,18,6,11,0,19,0,8,3,21,18,15,14,28,15,8,10,0,10,28,7,24,26,13,13,14,12,17,6
1629,24,7,3,12,0,20,13,10,9,8,11,0,10,18,6,16,5,8,9,15,8,6,6,13,5,16,16,2,0,10,9,7,9,2,12,0,4,10,12,2,9,14,7,5,14,13,11,6,8,12,21,11,1,7,8,13,0,21,8,3,0,10,0,11,16,12,11,27,18,6,11,0,19,0,8,3,21,18,15,14,28,15,8,10,0,10,27,7,24,26,13,13,14,12,17,6
1630,24,7,3,12,0,20,13,10,9,8,11,0,10,18,6,16,5,8,9,15,8,6,6,13,5,16,16,2,0,11,9,7,9,2,12,0,4,11,12,2,9,14,7,5,14,13,13,6,9,12,21,11,1,7,8,13,0,21,8,3,0,10,0,11,15,12,11,27,18,6,11,0,19,0,8,3,21,18,15,14,28,16,8,10,0,10,27,7,24,26,13,13,14,13,17,6
1631,23,7,3,12,0,20,13,10,9,8,11,0,10,17,6,16,5,8,9,15,8,6,6,13,5,16,16,2,0,11,9,7,9,2,12,0,4,11,12,2,9,14,7,5,14,13,13,6,9,12,21,11,1,7,8,12,0,21,8,3,0,10,0,11,15,12,11,28,18,6,11,0,19,0,8,3,21,18,15,14,28,16,8,10,0,10,28,7,24,26,13,14,14,13,17,6
1632,23,7,3,12,0,20,13,10,9,8,11,0,10,17,6,16,5,8,9,15,8,6,6,13,5,16,16,2,0,11,8,7,9,2,12,0,4,11,13,2,9,14,7,5,14,13,13,6,9,12,21,11,1,7,8,12,0,21,8,3,0,10,0,11,15,12,11,28,18,7,12,0,19,0,8,3,21,18,15,14,28,16,8,10,0,10,28,7,25,27,13,14,14,13,17,6
1633,22,7,3,12,0,20,13,10,9,9,11,0,10,17,6,16,5,8,9,15,8,6,6,13,5,16,16,2,0,11,9,7,9,2,12,0,4,11,13,2,9,14,7,5,14,13,13,6,9,12,21,11,1,7,8,12,0,21,8,3,0,10,0,11,16,12,11,28,18,7,12,0,19,0,8,3,21,18,15,14,28,16,8,10,0,10,28,7,25,27,13,14,14,13,17,6
1634,22,7,3,12,0,20,13,10,9,9,11,0,10,17,6,17,5,8,9,15,8,6,6,13,5,16,17,2,0,11,9,7,9,2,12,0,4,11,13,2,9,14,7,5,14,13,13,6,9,12,21,11,1,7,8,12,0,21,8,3,0,10,0,11,16,12,11,29,18,7,12,0,19,0,8,3,22,18,15,14,28,16,8,10,0,10,28,7,25,27,13,14,14,13,17,6
1635,22,7,3,12,0,19,13,10,9,9,11,0,10,17,6,17,5,8,9,15,8,7,6,13,5,16,17,2,0,11,9,7,9,2,12,0,4,12,13,2,9,14,7,5,14,13,13,6,9,12,21,11,1,7,8,12,0,21,8,3,0,10,0,11,16,12,11,29,19,7,12,0,19,0,8,3,23,18,15,14,28,16,8,10,0,10,28,6,25,27,13,14,14,13,17,6
1636,22,7,3,12,0,19,13,10,10,9,11,0,10,17,6,17,5,8,9,15,8,8,6,13,5,16,17,2,0,11,9,7,9,2,12,0,4,12,14,2,9,14,7,5,14,13,13,6,9,12,21,11,1,7,8,12,0,21,8,3,0,10,0,11,16,13,11,29,19,7,12,0,19,0,9,3,23,18,15,15,28,16,8,10,0,10,28,6,25,27,13,14,14,13,18,6
1637,23,7,3,12,0,19,13,10,10,9,11,0,11,17,6,17,5,8,9,15,8,8,6,13,5,16,18,2,0,11,9,7,9,2,12,0,4,12,14,2,9,14,6,5,14,13,13,6,9,12,21,11,1,7,8,12,0,21,8,3,0,10,0,11,16,14,11,28,20,8,12,0,19,0,9,3,23,18,15,15,28,16,8,10,0,10,28,6,25,27,13,14,14,13,18,6
1638,23,7,3,12,0,19,13,10,10,9,11,0,11,17,6,17,5,8,9,15,8,8,6,13,5,16,18,2,0,11,9,7,9,2,13,0,4,12,14,2,9,14,6,6,14,13,13,6,9,12,21,11,1,7,8,12,0,21,8,3,0,10,0,11,16,14,11,28,20,8,12,0,19,0,9,3,23,19,15,15,28,15,8,10,0,10,28,6,25,27,14,14,14,13,18,6
1639,23,7,3,13,0,19,13,10,10,9,11,0,11,17,6,18,5,8,9,16,8,8,6,13,5,16,18,2,0,11,9,7,9,3,13,0,4,12,15,2,9,14,6,6,14,13,13,6,9,12,21,11,1,7,8,12,0,21,8,3,0,10,0,11,16,14,11,28,20,8,12,0,19,0,9,3,23,19,15,15,28,15,8,10,0,10,28,6,25,27,14,14,14,13,18,6
1640,23,7,3,13,0,19,13,10,10,9,11,0,13,17,6,18,5,8,9,16,8,8,6,13,5,16,18,2,0,11,9,7,9,3,13,0,4,12,15,2,9,14,6,6,15,13,13,6,9,12,21,11,1,7,8,12,0,21,8,3,0,10,0,11,16,14,11,29,20,8,12,0,19,0,9,3,23,19,15,15,28,15,8,10,0,10,27,6,26,27,14,14,14,13,18,6
1641,23,7,3,13,0,19,13,10,10,9,10,0,13,17,7,18,5,8,9,16,8,8,6,14,5,16,18,2,0,11,9,7,9,3,13,0,4,12,16,2,9,14,6,6,15,13,13,6,9,12,21,11,1,7,8,12,0,21,8,3,0,10,0,11,16,14,11,29,20,8,12,0,19,0,9,3,23,19,15,15,28,15,8,10,0,11,27,6,26,27,14,14,14,13,18,5
1642,23,7,3,14,0,19,16,10,10,9,10,0,13,18,7,18,5,8,9,16,8,8,6,14,5,16,18,2,0,11,10,7,10,3,13,0,4,11,16,2,9,14,6,6,15,13,13,6,9,12,21,11,1,7,8,12,0,21,8,3,0,10,0,11,16,14,11,29,20,8,12,0,19,0,9,3,23,19,15,15,28,16,8,10,0,11,27,6,26,27,15,14,13,13,18,5
1643,23,7,3,14,0,19,16,10,10,9,11,0,13,18,7,18,5,8,9,16,8,8,6,14,5,16,18,2,0,11,10,7,10,3,13,0,4,11,18,2,9,14,7,6,15,13,13,6,9,12,21,11,1,7,8,12,0,20,8,3,0,10,0,11,16,14,11,29,20,8,12,0,19,0,9,3,23,19,15,15,28,16,8,10,0,11,27,6,26,27,15,14,13,13,18,5
1644,23,7,3,15,0,19,16,10,10,9,12,0,13,18,7,18,5,8,9,16,8,8,6,14,6,16,18,2,0,11,10,7,10,3,13,0,4,11,18,2,10,14,7,6,15,13,13,6,9,12,21,11,1,8,8,12,0,20,8,3,0,10,0,11,16,14,11,28,20,8,12,0,19,0,9,3,23,19,15,15,28,16,8,10,0,11,27,6,26,28,15,14,13,13,18,5
1645,23,7,3,15,0,19,16,10,10,9,13,0,13,18,7,18,5,8,9,16,8,8,6,14,6,16,18,2,0,11,10,7,10,3,13,0,4,11,18,2,10,15,8,6,15,13,13,6,9,12,21,11,1,8,8,12,0,20,8,4,0,10,0,11,16,14,11,28,20,8,13,0,19,0,9,3,23,19,15,15,28,16,8,10,0,11,27,6,26,29,15,15,13,13,18,5
1646,22,7,3,15,0,19,16,11,9,10,13,0,14,18,7,18,5,8,9,16,8,8,6,15,6,16,18,2,0,11,10,7,10,3,13,0,3,11,17,2,10,15,8,6,15,13,13,6,9,12,21,11,1,8,7,12,0,20,8,4,0,10,0,11,16,14,11,29,20,8,13,0,19,0,9,3,23,19,15,15,28,16,8,10,0,11,26,6,26,29,15,14,13,14,18,5
1647,22,7,3,15,0,19,16,11,9,10,13,0,14,18,8,18,5,8,9,16,8,8,6,15,6,16,18,2,0,11,10,7,10,3,13,0,3,11,18,2,10,15,8,6,14,13,13,7,9,12,21,11,1,8,7,12,0,20,8,4,0,10,0,11,16,14,12,29,20,8,13,0,19,0,9,3,23,19,15,15,28,16,8,10,0,11,26,6,26,29,15,14,13,12,18,5
1648,22,7,3,15,0,19,16,11,9,10,13,0,14,18,8,18,5,8,9,16,8,8,6,15,6,18,19,2,0,11,10,7,10,3,13,0,3,11,17,2,10,15,8,6,14,13,13,7,9,12,21,11,1,8,7,12,0,20,8,4,0,10,0,11,16,14,12,29,20,8,13,0,19,0,9,4,23,19,15,15,28,16,8,10,0,11,26,6,26,29,15,14,13,12,17,5
1649,22,7,3,16,0,19,16,11,9,10,13,0,14,18,8,17,5,8,9,16,8,8,7,15,6,18,19,2,0,11,10,7,10,3,13,0,3,11,17,2,10,15,8,6,14,13,13,7,9,12,21,11,1,8,6,12,0,20,8,5,0,10,0,11,16,14,12,29,20,8,13,0,19,0,9,4,23,19,15,15,28,16,8,10,0,11,26,6,26,29,15,14,13,12,17,5
1650,22,8,3,16,0,19,16,11,9,10,13,0,14,18,8,17,5,8,9,16,8,8,7,15,6,18,19,2,0,12,10,7,10,3,14,0,3,11,17,2,10,15,8,6,14,13,13,7,9,12,21,11,1,8,7,12,0,20,8,5,0,10,0,11,17,14,11,29,20,8,13,0,19,0,9,4,23,19,16,15,29,16,8,10,0,11,26,6,26,29,16,14,13,12,17,5
1651,22,8,3,16,0,19,16,11,9,10,14,0,14,18,8,17,5,8,9,16,8,8,7,15,6,18,19,2,0,12,10,7,10,3,14,0,3,11,17,2,10,15,8,6,14,13,13,7,9,12,21,11,1,8,7,12,0,20,8,5,0,10,0,11,17,15,11,29,20,8,13,0,19,0,9,4,23,19,17,14,29,16,8,10,0,11,26,7,26,29,16,15,13,12,17,5
1652,22,8,3,16,0,19,16,11,9,10,14,0,14,19,8,17,5,8,9,17,8,8,7,15,6,18,19,2,0,12,10,7,10,3,14,0,3,11,18,2,12,15,8,6,15,13,13,7,9,12,21,11,1,8,7,12,0,20,8,5,0,10,0,11,17,16,11,29,20,8,13,0,19,0,9,4,23,19,17,15,29,16,9,10,0,11,26,7,27,29,16,15,13,12,17,5
1653,22,7,3,16,0,19,16,11,9,10,14,0,14,19,8,17,5,8,9,17,8,8,7,15,6,18,19,2,0,12,10,7,10,3,15,0,3,11,18,3,12,15,8,6,15,14,13,7,9,12,21,12,1,8,7,12,0,20,8,5,0,10,0,11,17,16,11,29,20,8,13,0,20,0,9,4,23,19,17,15,29,16,9,10,0,11,26,7,27,29,16,15,13,12,17,5
1654,22,7,3,16,0,19,16,11,9,11,14,0,14,19,8,17,5,8,9,17,8,8,7,15,6,18,19,2,0,12,10,7,10,3,15,0,3,11,18,3,12,15,8,6,16,15,13,7,8,12,21,12,1,8,7,12,0,20,8,5,0,10,0,11,17,16,11,29,20,8,13,0,20,0,9,4,23,19,17,15,29,16,9,10,0,11,26,7,27,29,16,15,13,12,17,5
1655,22,7,3,16,0,19,16,11,9,11,14,0,14,19,8,17,5,8,9,17,8,8,7,15,6,18,19,2,0,13,10,8,10,3,15,0,3,11,18,3,12,16,8,6,16,15,13,7,8,12,20,12,1,8,7,12,0,20,8,5,0,10,0,11,17,16,11,29,21,8,13,0,20,0,9,4,23,19,17,15,29,16,9,10,0,11,26,7,27,29,16,15,14,12,17,5
1656,22,7,3,16,0,19,16,11,9,11,15,0,14,19,9,17,5,9,9,17,8,9,7,15,6,18,19,2,0,13,10,9,10,3,15,0,3,10,18,3,12,16,8,6,16,15,13,7,8,12,20,12,1,8,7,12,0,20,8,5,0,10,0,11,17,16,11,29,21,8,13,0,20,0,9,4,23,19,17,15,28,16,9,11,0,11,26,8,27,29,16,15,14,12,17,6
1657,23,7,4,16,0,19,17,11,9,11,15,0,14,19,9,17,5,9,9,17,8,9,7,15,6,18,19,2,0,13,10,9,10,3,14,0,3,10,18,3,12,16,8,6,16,16,13,7,8,12,20,12,1,8,7,12,0,20,8,5,0,10,0,11,17,16,12,30,21,8,13,0,20,0,9,4,23,20,17,16,28,16,9,11,0,11,25,8,27,29,16,15,14,12,17,6
1658,23,7,4,16,0,19,18,11,9,11,15,0,14,19,9,17,5,9,9,17,8,9,7,15,6,18,19,2,0,13,10,9,10,3,14,0,3,10,18,3,12,16,8,6,17,16,13,8,8,13,20,12,1,8,7,12,0,20,8,4,0,10,0,11,17,16,12,31,21,8,12,0,20,0,9,4,22,20,17,16,28,16,9,11,0,11,25,8,27,29,16,15,14,12,17,6
1659,23,7,4,16,0,19,18,11,9,11,15,0,14,19,10,17,5,9,9,17,8,10,7,15,6,19,19,2,0,13,10,9,10,3,14,0,3,10,18,3,12,16,8,6,17,16,13,8,8,13,20,12,1,8,7,12,0,21,9,4,0,10,0,11,17,16,12,31,21,8,12,0,20,0,9,4,23,20,17,16,28,16,9,12,0,11,25,8,27,30,16,15,14,12,17,6
1660,23,7,4,16,0,20,18,11,9,11,15,0,14,19,10,17,5,9,9,17,8,10,7,15,6,19,19,2,0,13,10,9,10,3,14,0,3,10,18,3,12,16,8,6,17,16,13,8,8,13,20,12,1,8,7,12,0,21,9,4,0,12,0,11,17,16,12,31,21,8,12,0,20,0,9,4,23,19,17,16,28,16,9,12,0,11,25,9,27,30,16,15,14,12,17,6
1661,23,7,4,16,0,21,18,11,9,11,15,0,14,19,10,17,5,9,9,17,8,10,7,15,6,19,19,2,0,13,10,9,10,3,14,0,3,10,18,3,12,16,8,6,17,16,13,8,8,13,20,12,1,8,7,12,0,21,9,4,0,12,0,11,17,16,12,31,21,9,12,0,20,0,9,4,23,19,17,16,28,16,9,12,0,11,25,9,26,30,15,15,14,12,17,6
1662,23,7,4,16,0,21,19,11,9,11,15,0,14,19,10,17,5,9,9,17,8,10,7,15,6,19,18,2,0,13,10,9,10,3,15,0,3,10,18,3,12,16,8,6,17,16,13,8,8,13,20,12,1,8,7,12,0,21,9,4,0,12,0,11,17,16,12,31,21,9,12,0,20,0,9,4,23,19,17,17,29,16,9,12,0,11,25,11,26,30,15,15,13,12,17,6
1663,23,7,4,16,0,21,19,11,9,11,15,0,14,19,10,16,5,9,9,17,8,10,7,16,6,19,18,2,0,13,11,9,10,3,15,0,3,10,18,3,12,17,8,6,17,16,13,8,8,13,20,12,1,8,7,12,0,22,10,4,0,12,0,11,16,16,12,31,21,9,12,0,20,0,9,4,23,19,17,18,29,16,9,12,0,11,25,11,26,30,15,15,13,12,17,6
1664,23,7,4,17,0,21,18,11,9,11,15,0,14,19,10,16,5,9,9,17,8,10,7,16,6,19,18,2,0,13,11,9,10,3,15,0,3,10,18,3,12,17,8,6,17,16,13,8,8,13,21,12,1,8,7,12,0,22,10,4,0,12,0,11,16,16,12,31,21,9,12,0,20,0,9,4,23,18,17,18,30,16,9,12,0,11,25,11,26,30,15,15,13,12,18,6
1665,23,8,4,17,0,20,18,11,9,11,15,0,15,19,10,17,5,9,9,18,9,11,7,16,6,19,18,2,0,13,11,9,10,3,15,0,3,10,18,3,12,17,8,6,18,16,13,8,8,13,22,12,1,8,7,12,0,24,10,4,0,12,0,11,16,16,12,31,21,9,12,0,21,0,9,4,23,18,17,18,30,16,9,12,0,11,25,12,25,30,15,16,13,12,18,6
1666,23,8,4,16,0,20,18,11,9,11,15,0,15,19,10,17,5,9,9,18,10,11,7,16,6,19,18,3,0,13,10,9,10,3,15,0,3,10,18,3,12,17,9,6,19,16,13,8,8,14,22,12,1,8,7,12,0,24,10,4,0,13,0,11,16,16,13,31,21,9,11,0,21,0,10,4,23,18,18,18,30,16,9,12,0,11,25,12,25,30,15,16,13,12,18,6
1667,24,8,4,16,0,20,19,11,9,11,15,0,15,19,10,17,5,9,9,18,10,11,7,16,6,19,17,3,0,13,10,9,10,3,15,0,3,10,18,3,12,17,9,6,19,16,13,9,8,14,22,12,1,8,7,12,0,24,10,4,0,13,0,11,16,16,13,30,21,9,11,0,21,0,10,4,23,18,18,18,30,16,9,12,0,11,25,12,25,30,15,16,13,12,18,7
1668,24,9,4,16,0,20,18,11,9,11,15,0,15,19,10,17,5,9,9,18,11,11,7,17,6,19,17,3,0,13,10,9,10,3,15,0,3,11,18,3,12,17,9,6,19,16,13,9,8,14,22,12,1,8,7,12,0,24,10,4,0,13,0,11,16,16,13,30,21,9,11,0,21,0,10,4,23,18,18,17,30,16,9,11,0,10,25,12,25,30,15,16,13,12,18,7
1669,25,9,4,16,0,20,18,11,9,11,15,0,15,19,10,17,5,9,9,18,11,11,7,17,6,19,17,3,0,13,10,9,10,3,15,0,3,11,18,3,12,17,9,6,19,16,13,9,8,15,22,12,1,8,7,12,0,24,11,4,0,13,0,11,16,15,13,30,21,9,11,0,21,0,10,4,23,18,19,17,31,16,10,11,0,10,25,12,26,30,15,16,13,13,18,7
1670,25,9,4,16,0,20,18,11,9,11,15,0,15,19,10,17,5,9,9,18,11,11,6,18,6,19,17,3,0,13,10,9,10,3,15,0,3,11,18,3,12,17,9,6,19,16,13,9,8,15,22,12,1,8,7,12,0,24,11,4,0,13,0,11,16,15,13,30,21,9,10,0,21,0,10,4,23,18,19,17,33,16,10,11,0,10,25,12,25,30,15,16,14,13,18,7
1671,25,9,4,16,0,20,18,11,9,11,16,0,15,19,10,17,5,9,9,18,11,11,6,18,6,20,17,3,0,13,10,9,10,3,15,0,3,12,18,3,12,17,9,6,19,16,13,9,8,15,22,12,1,8,7,12,0,24,11,4,0,14,0,11,16,15,13,29,21,9,10,0,21,0,10,4,23,18,19,16,32,16,10,11,0,10,24,12,25,30,15,16,14,13,18,7
1672,25,9,4,16,0,20,18,11,10,11,16,1,15,19,10,18,5,9,9,18,11,11,6,18,6,20,17,3,0,13,10,9,10,3,15,0,3,12,18,3,12,17,9,6,19,16,13,8,8,15,22,12,1,8,7,12,0,24,11,4,0,15,0,11,16,15,13,29,22,9,10,0,21,0,10,4,23,18,19,16,32,16,10,11,0,10,24,12,25,30,15,16,15,13,18,7
1673,25,9,4,16,0,20,18,11,11,11,16,1,15,19,10,18,5,9,9,18,11,11,6,18,6,20,17,3,0,13,10,9,10,3,15,0,3,12,18,3,12,17,9,6,18,16,13,8,8,15,22,12,1,8,7,12,0,24,11,4,0,15,0,11,16,15,13,29,22,10,10,0,21,0,10,4,23,18,19,16,32,16,10,11,0,10,24,12,25,30,15,16,15,13,18,7
1674,25,9,4,16,0,20,18,11,11,11,16,1,15,19,10,18,5,9,9,18,11,11,6,18,6,20,17,3,0,13,10,9,10,3,15,0,3,12,18,3,12,17,9,6,19,15,13,8,8,15,23,12,1,8,7,12,0,24,11,4,0,15,0,11,16,15,13,29,22,10,10,0,21,0,10,4,23,19,19,16,32,16,10,11,0,10,24,12,25,31,15,16,16,13,18,7
1675,25,9,4,16,0,21,18,11,11,12,16,1,15,19,10,18,5,9,9,18,11,11,6,18,6,20,17,3,0,13,10,9,10,3,15,0,3,12,18,3,12,17,9,6,19,15,13,8,8,15,23,12,1,8,7,12,0,24,11,4,0,15,0,11,16,15,13,29,23,10,10,0,22,0,10,4,23,19,20,16,32,16,10,11,0,10,24,12,25,31,15,16,16,13,18,7
1676,25,9,4,16,0,21,18,11,11,12,15,1,15,18,10,18,5,9,9,18,11,11,6,18,6,20,17,3,0,13,10,9,11,3,14,0,3,12,18,3,12,17,9,6,19,15,14,8,8,16,23,12,1,8,7,12,0,24,11,4,0,15,0,11,15,15,13,29,23,10,10,0,22,0,11,4,23,19,20,16,32,16,10,11,0,10,24,12,25,31,15,16,16,13,18,8
1677,25,9,4,16,0,21,18,11,11,12,15,1,15,18,10,18,5,9,9,18,11,11,7,18,6,20,17,3,0,13,10,9,11,3,14,0,3,12,18,3,12,17,9,6,19,15,14,8,8,16,23,12,1,9,7,12,0,24,10,4,0,15,0,11,15,15,12,28,23,10,10,0,22,0,11,4,23,19,20,16,32,16,10,11,0,10,24,12,25,31,15,15,16,13,18,8
1678,25,9,4,15,0,21,18,11,11,12,16,1,15,18,10,18,5,9,9,18,11,11,7,17,6,20,17,3,0,13,10,9,12,3,14,0,3,12,20,3,12,17,9,6,19,15,14,8,8,16,23,12,1,9,8,12,0,24,10,4,0,15,0,11,15,16,12,28,24,10,10,0,22,0,11,4,23,19,20,16,32,16,10,11,0,10,24,12,25,32,15,15,16,13,18,8
1679,25,9,4,15,0,21,18,11,11,12,16,1,15,18,10,18,5,9,9,18,11,11,7,17,6,20,17,3,0,13,11,9,12,3,13,0,3,12,20,3,12,17,9,6,19,15,14,8,8,16,24,12,2,9,8,12,0,24,10,4,0,15,0,11,15,16,12,28,25,10,10,0,22,0,11,4,23,19,20,16,32,16,11,11,0,10,25,12,25,32,15,16,16,12,18,8
1680,25,9,4,15,0,21,18,11,12,12,16,1,15,18,10,18,5,9,9,18,11,11,7,17,6,20,16,3,0,13,11,9,12,3,13,0,3,12,20,3,12,17,9,6,20,15,14,8,8,16,24,12,2,9,8,12,0,26,10,4,0,15,0,11,15,16,12,28,25,10,10,0,22,0,11,4,23,19,21,16,32,16,11,11,0,10,25,12,25,33,15,16,16,12,18,8
1681,25,9,4,15,0,21,18,11,12,12,16,1,15,18,10,18,5,9,10,17,11,11,7,17,6,20,16,3,0,13,12,9,12,3,13,0,3,12,20,3,12,17,9,6,21,15,14,8,8,16,24,12,2,9,9,12,0,26,10,4,0,15,0,12,15,16,12,28,26,10,10,0,23,0,11,4,23,19,21,16,32,17,11,11,0,10,25,12,25,33,15,16,16,12,18,8
1682,25,9,4,15,0,21,18,11,12,12,16,1,15,18,10,18,5,9,11,17,12,11,7,18,6,20,17,3,0,13,12,9,12,3,13,0,3,12,21,3,12,17,9,6,21,15,14,8,8,17,24,12,2,10,9,12,0,26,11,4,0,15,0,12,15,16,11,28,26,10,11,0,23,0,11,4,23,20,21,16,32,17,11,11,0,11,26,13,25,33,15,16,16,12,18,9
1683,25,9,4,15,0,21,18,11,12,12,16,1,15,19,10,18,5,9,11,17,12,11,7,19,6,20,17,3,0,13,11,9,12,3,13,0,3,12,21,3,12,17,9,7,21,16,14,8,8,17,24,12,2,10,9,12,0,26,11,4,0,15,0,13,15,16,11,28,26,10,11,0,24,0,11,4,23,20,21,16,32,17,11,11,0,11,26,13,25,34,15,16,16,12,18,9
1684,25,9,4,15,0,21,19,11,12,12,16,1,15,19,11,18,5,9,11,17,12,11,7,19,6,21,17,3,0,13,11,10,12,3,13,0,3,12,21,3,12,17,9,8,21,17,14,8,8,17,24,12,2,10,9,12,0,26,11,4,0,15,0,13,15,16,11,28,26,10,11,0,24,0,11,4,23,20,20,16,31,17,11,11,0,12,26,13,25,34,15,16,15,13,19,9
1685,25,9,4,15,0,21,19,11,12,12,16,1,15,19,11,18,5,9,11,17,12,11,7,19,6,21,17,3,0,13,11,10,12,3,13,0,3,12,21,3,12,18,9,8,21,16,14,8,8,17,24,12,2,10,9,12,0,26,11,4,0,15,0,15,15,16,11,28,25,10,11,0,25,0,11,4,23,21,21,16,31,17,12,11,0,12,26,13,25,34,15,16,15,13,19,9
1686,25,9,5,15,0,21,19,11,12,12,16,1,15,19,11,18,5,9,11,18,12,11,7,20,6,21,17,3,0,13,11,10,12,3,13,0,3,12,21,3,12,18,10,8,21,16,14,8,8,17,23,12,2,10,9,12,0,26,11,4,0,15,0,15,15,16,11,28,25,11,11,0,25,0,11,4,23,21,21,16,31,17,12,11,0,12,26,13,25,34,15,15,15,13,19,9
1687,25,9,5,15,0,21,19,11,12,12,16,1,15,19,11,19,5,9,11,19,12,11,7,20,6,22,17,3,0,13,11,10,12,3,13,0,3,11,21,3,12,18,11,8,21,16,14,8,8,17,23,12,2,10,9,12,0,26,11,4,0,15,0,15,15,16,11,28,26,12,11,0,25,0,11,4,23,21,21,17,31,16,12,11,0,12,26,13,25,34,15,15,15,13,19,9
1688,25,9,5,15,0,21,19,12,12,12,16,2,15,20,12,19,5,9,11,19,12,11,7,20,6,21,19,3,0,13,12,10,12,3,13,0,3,11,22,3,12,18,11,8,21,16,14,8,8,17,23,12,2,10,9,12,0,26,11,4,0,16,0,15,16,17,11,28,26,12,11,0,25,0,11,4,23,21,21,17,32,16,12,11,0,14,26,13,25,34,15,15,15,13,21,9
1689,25,9,5,15,0,21,19,12,12,12,16,2,15,20,12,19,5,9,11,20,13,11,7,20,6,21,20,3,0,13,12,11,12,3,14,0,3,12,22,3,12,18,11,8,21,16,14,8,8,17,23,13,2,10,9,12,0,26,11,4,0,16,0,15,16,18,11,28,27,13,11,0,25,0,11,5,23,22,21,17,32,16,12,11,0,14,26,13,25,35,15,15,16,13,22,9
1690,25,9,6,15,0,21,19,12,12,13,16,2,15,20,12,20,5,9,11,20,13,12,7,20,6,21,20,3,0,13,12,11,12,3,14,0,3,12,21,3,12,18,11,8,21,16,14,8,8,17,23,13,2,11,9,12,0,26,11,4,0,16,0,15,17,18,11,28,27,13,11,0,25,0,11,5,23,23,21,17,32,16,12,11,0,14,26,13,25,35,15,15,16,13,22,9
1691,25,9,6,15,0,21,19,12,12,13,16,2,15,20,12,20,5,9,11,20,13,12,7,20,6,21,20,3,0,13,11,11,12,3,14,0,3,12,21,3,12,18,11,8,20,17,14,8,9,16,23,13,2,11,9,12,0,26,11,3,0,16,0,15,17,18,11,28,27,13,11,0,25,0,11,5,24,22,21,17,32,16,12,11,0,14,26,13,25,35,15,15,16,13,22,9
1692,25,9,6,15,0,21,19,12,12,13,16,2,15,20,12,20,5,9,11,20,13,12,7,20,7,21,20,3,0,13,11,11,12,3,14,0,3,12,21,3,12,18,11,8,19,18,14,8,9,16,23,13,2,11,9,12,0,28,12,4,0,16,0,15,17,18,11,28,27,13,11,0,25,0,11,5,24,22,21,17,32,16,12,11,0,14,26,13,25,35,15,15,16,13,22,9
1693,25,8,5,15,0,21,19,12,12,13,16,2,15,20,13,20,5,9,11,20,13,12,8,20,7,21,20,3,0,13,11,11,12,3,14,0,3,13,21,3,12,18,11,8,19,18,14,8,9,16,23,13,2,11,9,12,0,28,12,4,0,16,0,15,17,18,11,29,27,13,11,0,25,0,10,5,24,22,20,17,32,16,12,12,0,15,26,13,25,35,15,15,17,13,22,9
1694,25,8,5,15,0,21,19,12,12,13,16,2,15,20,13,20,5,9,11,21,13,12,8,20,7,21,20,3,0,13,11,11,12,3,14,0,3,13,21,3,12,18,11,9,19,18,14,8,9,16,23,13,2,11,9,12,0,28,12,4,0,16,0,15,17,18,11,29,29,13,11,0,25,0,10,5,24,22,20,18,32,16,12,12,0,14,26,13,25,35,15,15,17,13,22,9
1695,25,8,5,15,0,21,19,12,13,13,16,2,15,21,13,20,5,9,11,21,13,12,8,20,7,21,20,3,0,13,11,11,12,3,14,0,3,13,21,3,12,18,11,9,19,18,14,8,9,16,23,13,2,11,9,12,0,28,13,4,0,16,0,15,17,18,11,29,30,13,11,0,25,0,10,5,24,22,20,18,33,16,12,12,0,14,26,13,25,35,15,15,17,13,22,9
1696,25,8,5,15,0,21,19,13,13,13,16,2,16,21,13,20,5,9,11,21,13,12,8,20,7,21,20,3,0,13,11,11,12,3,14,0,3,13,21,3,12,18,11,9,19,18,14,8,10,16,23,13,2,11,9,12,0,27,13,4,0,16,0,15,17,18,11,30,30,13,12,0,25,0,10,5,24,22,20,18,33,16,12,12,0,14,26,13,24,35,14,15,17,13,21,9
1697,25,8,5,15,0,21,19,13,13,13,16,2,16,21,13,20,5,9,11,22,13,12,8,20,7,21,20,3,0,13,11,11,12,3,14,0,3,14,21,3,12,18,11,9,19,18,14,8,10,17,23,13,2,11,9,12,0,27,13,4,0,16,0,15,17,18,11,30,30,13,12,0,25,0,10,5,24,22,20,18,33,16,12,12,0,14,26,13,24,35,14,15,17,14,21,9
1698,25,8,5,15,0,21,19,13,13,13,16,2,16,21,13,20,5,9,11,22,13,13,8,21,7,21,20,3,0,13,11,11,12,3,14,0,3,14,21,3,12,18,11,9,19,18,14,8,10,17,23,13,2,11,9,11,0,27,13,4,0,16,0,15,17,18,11,30,30,13,12,0,25,0,10,5,24,22,20,18,33,16,12,12,0,14,25,13,24,34,14,16,17,14,21,9
1699,25,8,5,15,0,21,19,14,13,13,16,2,16,20,13,20,5,9,11,22,13,13,8,22,7,21,20,3,0,13,11,11,12,3,14,0,3,15,21,3,12,18,11,9,19,18,14,8,10,17,23,13,2,11,9,10,0,27,13,4,0,16,0,15,17,18,11,30,31,13,12,0,25,0,10,5,24,22,20,18,33,16,12,12,0,14,26,13,23,34,14,16,17,14,21,9
1700,26,8,5,15,0,21,20,14,13,13,16,2,16,20,13,20,5,8,11,21,13,13,8,22,7,21,21,3,0,14,11,11,12,3,14,0,3,15,21,3,12,18,11,9,19,19,14,8,11,17,23,13,2,11,9,10,0,27,13,4,0,16,0,15,16,18,11,30,31,13,12,0,25,0,10,5,24,22,20,19,32,16,12,12,0,14,27,13,23,34,14,16,18,14,22,9
1701,26,8,5,15,0,21,20,14,13,13,16,2,16,20,13,20,5,8,11,20,13,13,8,22,7,21,21,3,0,14,11,11,12,3,14,0,3,15,21,3,12,18,11,9,19,19,14,8,11,17,23,13,2,11,9,10,0,27,13,4,0,16,0,15,16,18,11,30,31,13,14,0,26,0,10,5,25,22,20,19,32,16,12,12,0,14,27,12,23,34,14,16,18,13,22,9
1702,26,8,5,15,0,21,20,14,13,13,16,2,17,20,13,20,5,8,11,20,13,13,8,22,7,20,21,3,0,14,11,11,12,3,14,0,3,15,21,3,12,18,11,9,19,18,14,8,11,17,23,13,2,11,9,10,0,27,13,4,0,16,0,15,17,18,11,30,31,13,14,0,26,0,10,5,25,22,20,20,32,16,12,12,0,15,27,12,23,35,14,17,18,13,22,9
1703,26,8,5,16,0,21,20,14,13,13,16,2,17,20,13,20,5,8,11,20,13,13,8,22,7,20,21,3,0,14,11,11,12,3,14,0,3,15,21,3,12,18,11,9,20,19,14,8,11,16,22,13,2,11,9,10,0,27,13,4,0,16,0,15,18,18,11,30,31,13,14,0,27,0,10,5,25,22,20,20,32,16,12,12,0,15,27,13,23,35,14,18,18,13,22,9
1704,26,8,5,16,0,21,20,14,13,13,16,2,17,20,13,20,5,8,11,20,13,13,8,23,7,20,21,3,0,14,12,11,12,3,14,0,3,14,21,3,12,18,11,9,20,19,14,8,11,16,22,13,2,11,9,10,0,27,13,4,0,16,0,15,18,18,11,30,31,13,14,0,27,0,10,5,25,21,20,20,32,16,13,12,0,17,27,13,23,36,14,18,18,13,22,9
1705,26,8,5,16,0,21,20,14,13,13,16,2,17,21,13,21,5,8,11,20,13,13,8,23,7,20,22,2,0,14,12,11,13,3,14,0,3,14,21,3,12,18,11,9,20,19,14,8,11,17,22,13,2,11,9,10,0,27,13,4,0,15,0,15,18,19,11,30,31,13,14,0,27,0,10,5,25,21,20,20,32,16,13,12,0,17,27,13,23,36,14,18,18,13,22,9
1706,26,9,5,17,0,22,20,14,13,13,16,2,17,21,13,21,5,8,12,19,13,13,9,23,7,20,22,2,0,14,12,11,13,2,14,0,3,14,21,3,12,18,11,10,20,19,14,8,11,17,22,13,2,11,9,10,0,27,13,4,0,15,0,15,18,19,11,30,31,13,14,0,27,0,10,5,25,21,20,20,32,16,13,12,0,17,27,13,24,36,14,18,18,13,22,9
1707,26,9,5,17,0,22,20,14,13,13,16,2,17,22,13,21,5,8,13,20,13,13,9,23,7,21,22,2,0,14,12,11,13,2,14,0,3,14,20,3,12,18,11,10,20,19,14,9,11,18,22,13,2,11,9,10,0,27,13,4,0,15,0,15,18,19,11,29,31,13,14,0,27,0,10,5,26,21,20,20,32,17,12,12,0,17,27,13,24,36,14,19,18,13,22,9
1708,26,9,5,17,0,22,20,14,13,13,16,2,17,22,13,21,5,8,13,20,13,13,9,23,7,21,22,2,0,14,12,11,13,2,14,0,3,14,20,3,12,18,11,10,20,19,14,9,11,18,23,13,2,11,9,9,0,27,13,4,0,16,0,15,18,19,11,29,31,13,14,0,27,0,10,5,27,21,20,20,32,17,12,12,0,17,28,13,24,36,14,19,18,13,22,9
1709,26,10,5,17,0,22,20,14,13,14,16,2,17,22,13,21,5,8,12,20,13,13,9,23,7,21,22,2,0,14,12,11,13,2,14,0,3,14,22,3,12,19,10,10,20,20,16,9,11,18,24,13,2,11,9,9,0,27,14,4,0,16,0,15,18,19,12,29,31,13,14,0,27,0,10,5,27,21,20,20,32,17,13,12,0,17,28,13,23,36,14,19,18,13,22,9
1710,26,10,5,17,0,22,20,14,13,14,16,2,17,22,13,21,5,8,12,21,13,13,10,23,7,21,22,2,0,14,12,11,13,2,14,0,4,13,22,3,12,19,10,10,20,20,16,9,11,18,24,13,2,11,9,9,0,27,14,4,0,16,0,15,18,19,12,29,30,13,15,0,27,0,10,5,27,21,20,20,33,17,13,12,0,17,27,13,23,35,14,19,18,13,22,9
1711,26,10,5,17,0,22,20,14,13,14,16,3,17,22,13,22,5,8,13,21,13,13,10,23,7,22,22,2,0,15,12,11,13,2,14,0,4,13,22,3,12,19,10,10,20,20,16,9,11,18,24,13,2,11,9,9,0,27,14,4,0,16,0,15,18,19,12,29,30,13,15,0,27,0,10,5,27,21,20,20,33,17,13,12,0,17,27,13,23,35,14,19,18,13,22,10
1712,26,10,5,17,0,22,20,14,13,14,16,3,17,22,14,22,5,8,13,21,13,12,10,23,7,22,22,2,0,15,12,11,13,2,14,0,4,13,22,3,12,19,10,10,20,21,16,9,11,18,24,13,2,11,9,9,0,27,14,4,0,16,0,15,18,19,12,30,30,13,14,0,27,0,10,5,27,21,20,20,33,18,13,12,0,17,27,13,23,35,15,19,18,13,22,10
1713,26,10,5,17,0,21,20,15,13,14,16,3,17,22,14,22,5,8,13,21,13,11,10,23,7,22,23,2,0,15,12,11,13,2,14,0,4,13,22,3,12,19,11,10,20,21,16,8,12,19,24,13,2,12,9,9,0,27,14,4,0,16,0,15,18,19,12,30,30,13,14,0,27,0,10,5,27,21,20,20,33,17,13,12,0,18,27,13,24,34,15,19,18,13,22,10
1714,26,10,5,17,0,22,20,15,13,14,16,4,17,22,14,21,5,8,13,21,13,11,10,23,7,22,23,2,0,15,12,11,13,2,14,0,4,13,22,3,12,19,12,10,20,20,16,8,12,19,24,13,2,12,9,9,0,27,14,4,0,16,0,15,18,18,11,31,30,13,14,0,27,0,10,5,27,22,20,20,33,17,13,12,0,18,27,13,24,34,16,19,18,13,22,10
1715,26,10,5,17,0,22,20,15,13,14,16,4,17,22,14,21,5,8,13,21,13,11,11,23,7,22,22,2,0,15,12,11,13,2,14,0,4,13,22,3,12,19,12,10,20,20,16,8,12,19,24,13,2,12,9,9,0,27,14,4,0,16,0,16,18,19,11,32,31,13,15,0,27,0,10,5,27,22,20,21,33,17,13,12,0,18,27,13,24,34,16,19,18,13,22,10
1716,26,10,5,18,0,22,20,15,13,14,16,4,17,22,14,21,5,8,13,21,13,11,11,23,7,22,22,2,0,15,12,11,14,2,14,0,4,13,22,3,12,20,12,10,21,20,16,8,12,19,24,13,2,12,9,9,0,27,14,4,0,16,0,16,18,19,11,32,31,13,15,0,27,0,10,5,27,22,20,21,33,17,13,12,0,18,27,13,24,34,16,19,18,13,22,10
1717,27,10,5,19,0,22,20,15,13,14,16,4,17,22,14,21,5,8,13,21,13,11,11,23,7,21,22,2,0,15,12,10,14,2,14,0,4,13,22,3,12,20,12,10,21,20,16,8,13,19,24,13,2,12,9,9,0,28,14,4,0,16,0,16,18,19,11,33,31,13,15,0,27,0,10,5,26,22,20,22,32,17,13,12,0,18,27,13,24,34,16,19,18,13,22,10
1718,27,10,5,19,0,22,19,16,14,14,16,4,17,22,14,21,5,8,13,21,13,11,11,23,8,21,22,2,0,15,12,10,14,2,14,0,4,13,22,3,12,20,12,10,21,20,16,8,13,19,24,13,2,12,9,9,0,28,14,4,0,16,0,16,18,19,12,33,31,13,15,0,27,0,10,5,26,22,20,22,32,18,13,12,0,18,27,13,25,33,16,18,18,13,22,10
1719,27,10,5,19,0,22,19,16,14,14,16,4,17,23,14,21,5,9,13,21,13,11,11,23,8,21,22,2,0,15,12,10,14,2,14,0,4,13,22,3,12,20,12,10,21,20,16,8,13,18,24,13,2,12,9,10,0,27,14,4,0,16,0,16,17,20,12,33,31,13,15,0,27,0,10,5,27,22,21,22,32,18,13,12,0,18,27,13,25,33,15,18,18,13,22,10
1720,27,10,5,19,0,22,19,16,14,14,16,4,17,23,14,21,5,9,13,21,13,11,11,23,8,22,22,2,0,15,12,9,14,2,14,0,4,13,22,3,12,21,12,10,21,20,16,8,13,18,24,13,2,12,9,10,0,27,14,4,0,16,0,16,17,20,12,33,31,13,15,0,27,0,10,5,27,23,21,22,32,18,13,12,0,18,26,13,25,33,15,18,18,13,23,10
1721,26,10,5,19,0,22,19,16,14,14,16,4,17,23,14,21,5,9,13,21,13,11,11,24,9,22,22,2,0,15,12,10,14,2,14,0,4,13,22,3,12,21,12,10,21,21,16,8,13,18,24,13,2,12,9,10,0,27,14,4,0,16,0,16,17,20,12,33,31,13,15,0,27,0,10,5,27,23,21,23,32,18,13,12,0,18,26,13,25,32,15,18,18,13,24,10
1722,27,10,5,19,0,23,19,16,14,14,16,4,17,23,14,21,5,10,13,21,13,11,11,24,9,22,22,2,0,15,13,10,14,2,14,0,5,13,22,3,12,20,12,11,21,21,16,8,13,18,24,13,2,12,9,10,0,26,14,4,0,16,0,16,17,20,12,34,31,13,15,0,27,0,10,5,27,23,21,23,32,18,13,13,0,18,26,13,25,33,15,18,18,12,24,10
1723,27,10,6,19,0,23,19,16,14,14,16,4,17,23,14,22,5,10,13,21,14,11,11,23,9,22,23,2,0,15,13,10,14,3,14,0,5,13,22,3,12,20,14,11,21,21,16,8,13,19,24,12,2,12,9,10,0,25,14,4,0,16,0,16,17,20,12,34,31,13,15,0,27,0,10,5,27,23,21,23,32,18,13,14,0,18,26,13,25,33,15,18,18,12,24,10
1724,27,10,6,19,0,23,19,17,14,14,16,4,17,23,14,22,5,10,14,21,15,11,11,23,9,22,23,3,0,15,13,10,14,3,14,0,5,12,22,3,12,20,14,11,21,21,16,8,13,19,24,12,2,12,9,11,0,25,14,4,0,16,0,16,17,20,12,34,31,13,15,0,27,0,10,5,26,23,21,23,32,18,13,14,0,18,26,13,25,33,15,18,18,13,24,10
1725,28,10,6,19,0,23,20,17,14,14,16,4,17,23,14,22,5,10,14,21,16,11,12,23,9,22,24,3,0,15,13,10,14,3,14,0,5,12,22,3,12,20,14,11,21,22,16,8,13,19,24,12,2,12,9,11,0,26,14,4,0,16,0,16,17,20,12,34,32,13,15,0,27,0,10,5,27,23,21,23,32,18,13,14,0,18,26,13,25,33,15,18,17,13,25,10
1726,29,10,6,20,0,23,20,17,14,14,16,4,17,23,14,22,5,10,14,22,16,11,12,24,9,22,23,3,0,15,13,10,14,3,14,0,5,12,22,3,12,20,14,10,21,22,16,8,13,19,24,12,2,12,9,11,0,26,15,4,0,16,0,16,17,20,12,34,32,13,15,0,27,0,10,5,27,23,21,23,32,18,13,14,0,18,26,13,25,34,15,18,17,13,25,10
1727,29,11,6,20,0,23,20,17,14,14,15,4,17,23,14,22,6,10,15,23,16,11,12,24,9,21,23,3,0,15,13,10,14,3,15,0,5,12,22,3,12,21,15,10,21,23,16,8,13,19,24,12,2,12,9,11,0,26,16,4,0,16,0,16,17,20,12,34,32,13,15,0,27,0,10,5,27,23,21,23,32,18,12,14,0,18,26,13,25,34,15,18,17,14,25,11
1728,30,11,6,20,0,23,20,17,14,14,15,4,17,22,14,22,6,11,15,23,16,11,12,23,9,20,23,3,0,15,13,10,14,3,15,0,6,12,22,3,12,21,15,10,21,23,16,8,13,19,24,12,2,12,9,11,0,26,16,4,0,16,0,16,17,20,12,34,32,13,15,0,27,0,10,5,28,23,21,23,32,18,12,14,0,18,25,13,25,34,15,18,17,14,25,11
1729,30,12,6,20,0,23,21,17,14,14,15,4,17,22,14,21,6,11,15,23,16,11,12,23,9,20,23,3,0,15,13,10,14,3,15,0,6,12,22,3,12,21,15,10,21,22,17,8,13,19,23,12,2,12,9,11,0,26,16,4,0,16,0,16,17,20,12,34,32,13,15,0,27,0,10,5,28,23,21,23,32,18,12,14,0,18,25,14,25,34,15,19,17,14,25,11
1730,30,12,6,20,0,23,21,18,14,14,15,4,17,22,14,21,6,11,15,23,16,11,12,23,9,20,23,3,0,15,13,10,14,3,15,0,6,12,22,3,12,21,15,10,21,22,17,8,15,19,23,12,2,12,9,11,0,27,16,4,0,16,0,17,18,20,12,34,32,13,15,0,27,0,10,5,28,23,21,23,32,18,12,14,0,18,25,14,25,34,15,19,17,14,25,11
1731,30,12,6,20,0,23,21,19,14,14,15,4,17,22,14,21,6,11,15,23,16,12,12,23,9,20,24,3,0,16,13,10,14,3,15,0,6,12,22,3,12,21,15,10,21,23,17,8,15,19,23,12,2,12,9,11,0,27,16,4,0,16,0,17,18,20,12,34,33,13,15,0,27,0,10,5,28,23,21,24,32,18,12,14,0,18,25,14,25,34,15,19,18,14,26,11
1732,30,12,6,20,0,23,21,19,14,14,14,4,17,22,14,21,6,11,15,23,16,12,12,23,9,20,24,3,0,16,13,10,14,3,15,0,6,13,22,3,13,21,15,10,21,23,19,8,15,20,23,12,3,12,9,11,0,27,16,4,0,16,0,17,18,20,12,34,33,13,15,0,27,0,10,5,27,23,20,24,32,18,12,14,0,18,25,14,25,34,15,19,18,14,26,11
1733,30,12,6,21,0,23,21,19,14,14,14,4,16,22,14,21,6,11,15,23,16,12,12,23,9,20,25,3,0,16,13,10,14,3,15,0,6,13,22,3,13,21,15,10,21,23,19,8,15,20,23,12,3,12,9,11,0,27,16,4,0,16,0,17,18,20,12,35,33,13,16,0,27,0,10,5,27,23,20,24,32,18,12,14,0,18,25,14,25,34,14,19,18,15,26,11
1734,30,12,6,21,0,23,21,19,14,14,15,4,16,22,14,21,6,11,15,22,16,12,12,23,9,20,25,3,0,16,13,10,14,3,15,0,6,13,22,3,13,21,15,10,21,23,19,8,15,20,23,12,3,12,9,11,0,27,16,4,0,17,0,17,18,20,12,35,33,13,16,0,27,0,10,5,27,23,20,24,32,18,12,14,0,18,25,14,25,35,14,19,18,15,26,11
1735,30,12,6,21,0,23,22,19,14,14,15,4,16,22,14,21,6,11,15,22,16,12,12,23,9,20,25,3,0,17,13,10,14,3,15,0,6,13,22,3,13,21,15,10,21,23,19,9,15,20,25,12,3,12,9,11,0,27,16,4,0,17,0,17,17,19,12,35,33,13,16,0,27,0,10,5,27,24,20,24,32,18,12,14,0,17,25,14,25,34,14,19,18,15,27,11
1736,30,12,6,21,0,23,22,20,14,14,15,4,16,22,14,21,6,11,15,22,16,12,13,23,9,20,25,3,0,18,13,10,14,3,15,0,6,13,22,3,13,21,15,10,21,23,19,9,15,20,26,12,3,12,9,11,0,27,16,4,0,17,0,16,18,21,12,36,33,13,16,0,27,0,11,5,27,24,20,24,31,19,12,14,0,17,25,14,25,34,14,18,19,15,28,11
1737,30,12,7,21,0,23,22,20,14,14,15,4,16,22,14,22,6,11,16,22,16,12,13,23,9,20,25,3,0,18,13,10,14,3,15,0,6,13,21,3,13,21,15,10,21,23,20,9,15,20,26,12,3,13,9,11,0,27,16,4,0,17,0,16,18,21,12,36,33,13,16,0,27,0,11,5,27,25,20,24,32,19,12,14,0,17,25,14,25,34,14,18,19,15,28,11
1738,30,12,7,21,0,23,22,20,14,14,15,4,16,22,15,22,6,11,16,22,16,12,13,23,9,20,25,3,0,18,13,10,15,3,15,0,6,13,21,3,13,21,15,10,21,22,20,9,15,20,26,12,3,13,9,11,0,27,16,4,0,17,0,16,17,21,12,36,33,13,16,0,27,0,11,6,27,25,20,24,32,19,12,15,0,17,25,14,25,34,16,18,19,15,29,11
1739,29,12,7,21,0,23,22,19,14,14,15,4,16,22,15,22,6,11,16,22,16,12,13,22,9,20,25,3,0,18,13,10,15,3,15,0,6,13,21,3,13,21,15,10,21,22,20,9,15,20,26,12,3,13,9,11,0,27,16,4,0,17,0,16,17,21,12,36,33,13,16,0,27,0,11,6,27,25,21,24,32,19,12,15,0,17,25,14,25,33,16,19,19,15,29,11
1740,29,12,7,21,0,23,22,19,14,14,15,4,16,22,15,22,6,11,16,23,16,12,13,22,9,20,25,3,0,18,13,10,15,3,15,0,6,13,21,3,13,21,15,10,21,22,20,9,16,21,26,12,3,13,9,11,0,27,16,4,0,17,0,16,17,21,12,36,34,13,16,0,28,0,11,6,27,25,22,24,32,19,12,15,0,17,25,14,25,33,16,20,19,15,29,11
1741,29,12,7,21,0,23,21,19,14,14,15,4,16,22,15,22,6,11,16,23,16,12,13,22,9,21,25,3,0,18,13,10,15,3,15,0,6,13,22,3,13,21,16,10,21,22,20,9,16,21,26,12,3,13,9,11,0,28,16,4,0,17,0,16,17,21,12,36,34,13,16,0,28,0,11,6,27,25,21,24,32,19,12,15,0,17,25,14,25,33,16,20,19,16,29,12
1742,29,12,7,21,0,23,21,19,14,15,15,4,16,22,15,22,6,11,16,23,16,12,13,22,9,21,25,3,0,18,13,10,15,3,16,0,6,13,21,3,13,21,16,10,21,22,20,9,16,21,26,12,3,14,9,12,0,29,16,4,0,17,0,15,17,21,12,36,33,13,16,0,28,0,11,6,27,25,21,24,31,19,12,15,0,17,24,14,25,33,16,20,19,16,29,13
1743,29,12,7,21,0,23,21,18,15,15,15,4,16,22,15,22,6,11,16,23,17,12,13,22,9,21,25,3,0,18,13,10,16,3,17,0,6,13,21,3,13,22,16,10,21,22,20,9,16,22,26,12,3,14,9,12,0,30,16,4,0,17,0,15,17,21,12,37,33,13,16,0,28,0,11,7,27,25,21,24,31,19,12,15,0,17,24,14,25,33,16,20,19,16,29,13
1744,30,12,7,21,0,23,21,18,15,15,15,4,16,22,16,22,6,11,16,24,17,12,13,22,9,21,25,3,0,18,13,10,15,3,17,0,6,13,21,3,13,22,16,10,21,22,20,9,16,22,26,12,3,14,9,12,0,29,16,4,0,17,0,15,17,22,12,36,35,13,16,0,29,0,11,8,27,25,21,24,31,19,12,15,0,18,24,14,25,33,16,20,19,16,29,13
1745,31,12,7,20,0,23,21,18,17,15,15,4,16,22,17,22,6,11,16,24,18,12,13,22,9,21,25,3,0,18,14,10,15,3,17,0,6,13,22,3,13,22,16,10,21,22,20,9,16,22,26,12,3,14,9,12,0,29,17,4,0,17,0,15,17,21,12,36,35,13,16,0,30,0,11,8,27,25,21,25,30,19,12,16,0,18,25,14,25,33,16,20,19,16,29,13
1746,31,12,7,20,0,23,21,18,17,15,15,4,16,22,17,22,6,11,16,24,19,12,13,21,9,21,25,3,0,18,14,10,15,3,17,0,6,13,22,3,13,22,16,10,21,22,20,9,16,22,26,12,3,14,9,12,0,29,17,4,0,17,0,15,17,21,12,36,35,13,16,0,30,0,11,8,27,25,21,25,30,19,12,16,0,18,26,14,25,33,16,20,19,16,29,13
1747,31,12,7,20,0,24,21,18,17,15,15,4,16,22,17,22,6,11,16,24,19,12,13,21,9,21,25,3,0,18,14,10,15,3,17,0,6,13,22,3,13,22,17,10,21,22,20,9,16,22,26,12,3,14,9,12,0,29,17,4,0,17,0,15,17,20,12,36,35,13,16,0,30,0,11,8,27,25,21,25,29,19,12,16,0,18,25,14,25,33,16,20,18,16,28,13
1748,32,12,7,21,0,24,21,18,17,15,15,4,16,22,17,22,6,11,16,24,19,12,13,21,9,21,25,3,0,18,14,10,15,3,17,0,6,13,22,3,13,22,17,10,21,22,20,9,16,22,26,12,3,15,9,12,0,30,17,4,0,17,0,16,17,20,12,36,35,13,16,0,30,0,11,7,28,26,21,25,29,19,12,16,0,18,25,14,25,33,16,20,18,16,28,13
1749,32,12,7,21,0,24,21,18,17,15,16,4,15,22,18,22,6,11,16,24,19,12,13,21,9,21,25,3,0,18,14,10,15,3,17,0,6,13,22,3,13,22,17,10,21,22,20,9,16,22,26,12,3,15,9,12,0,30,18,4,0,17,0,16,17,20,12,36,35,13,16,0,30,0,11,7,28,26,21,25,29,19,13,16,0,18,25,14,25,33,16,20,18,16,28,14
1750,32,12,7,21,0,24,21,18,17,15,16,4,15,22,19,22,6,11,16,24,19,12,13,21,9,21,25,3,0,18,14,11,15,3,17,0,6,13,22,3,13,22,17,10,21,22,20,9,16,22,26,12,3,15,10,12,0,31,18,4,0,17,0,16,17,20,12,36,35,13,16,0,30,0,11,7,28,26,21,25,29,19,13,17,0,18,25,14,25,33,16,20,18,16,28,14
1751,32,12,7,22,0,24,21,18,17,15,17,4,15,22,19,23,6,11,16,24,19,12,13,21,9,21,25,3,0,18,14,11,15,3,17,0,6,13,22,4,13,22,17,10,21,22,20,9,16,22,26,12,3,15,10,12,0,31,18,4,0,17,0,16,17,20,12,36,35,13,16,0,30,0,11,7,28,26,21,26,29,19,13,17,0,18,25,14,25,33,16,20,18,16,28,14
1752,32,12,7,22,0,24,21,18,17,15,17,4,15,22,19,23,6,11,16,24,19,12,13,21,9,21,24,3,0,18,14,11,15,3,17,0,6,13,22,4,13,22,17,10,21,22,20,9,16,22,26,12,3,15,10,12,0,30,18,4,0,17,0,16,17,20,11,36,35,13,17,0,30,0,11,7,28,27,21,26,30,19,13,17,0,18,25,14,24,33,16,20,18,16,29,14
1753,32,12,7,22,0,24,21,18,17,15,17,4,15,22,19,23,6,11,16,24,19,12,13,21,9,21,24,3,0,18,14,12,15,3,18,0,6,13,22,4,13,23,17,10,21,22,19,9,16,22,26,12,3,16,10,13,0,30,18,4,0,17,0,16,17,20,11,36,35,13,18,0,30,0,12,7,28,27,21,26,30,19,13,17,0,18,26,14,24,33,16,20,18,17,29,14
1754,32,12,7,22,0,24,20,18,17,15,17,4,15,22,19,23,6,11,16,24,19,12,13,21,9,21,24,3,0,18,13,12,15,3,18,0,6,13,22,4,14,23,17,10,21,22,20,9,16,22,26,12,3,16,10,14,0,30,18,4,0,17,0,16,17,20,11,36,35,13,19,0,30,0,12,7,28,27,20,26,30,19,13,17,0,18,26,14,24,33,16,20,18,17,29,14
1755,32,12,7,22,0,24,20,19,17,15,16,4,15,22,18,23,6,11,16,24,19,12,13,21,9,21,24,3,0,18,13,12,15,3,18,0,6,13,22,4,14,23,17,10,21,22,20,9,16,22,26,12,3,16,10,14,0,30,18,4,0,17,0,16,17,20,11,35,36,13,19,0,29,0,12,7,28,27,21,26,30,20,13,17,0,19,26,14,24,33,16,20,18,17,29,14
1756,32,13,7,22,0,24,21,19,17,15,16,4,15,22,18,24,6,12,16,24,19,12,13,21,9,21,24,3,0,18,13,12,16,3,18,0,6,13,22,4,14,23,17,10,21,22,20,9,16,22,27,13,3,16,10,16,0,30,18,4,0,17,0,16,17,21,11,36,36,13,19,0,30,0,12,7,28,29,21,26,30,20,13,17,0,19,26,14,24,33,16,20,18,17,29,14
1757,32,13,7,22,0,24,21,19,17,15,16,4,16,22,18,25,6,12,16,25,19,13,13,21,9,21,25,3,0,19,13,12,16,3,17,0,6,13,22,4,14,23,17,10,21,22,21,9,16,22,27,13,3,16,10,16,0,30,18,4,0,17,0,16,17,21,11,36,36,13,19,0,30,0,12,7,28,29,21,27,30,20,13,17,0,19,26,14,24,33,16,20,18,18,29,14
1758,32,13,7,22,0,25,21,20,16,15,16,4,16,22,18,25,6,12,16,25,19,13,13,21,9,21,26,3,0,19,13,12,16,3,17,0,6,13,22,4,15,23,17,10,22,22,21,9,16,22,27,13,3,17,10,16,0,30,18,4,0,17,0,16,17,21,11,36,35,13,19,0,30,0,12,7,28,29,21,27,30,21,13,17,0,19,26,14,24,33,16,20,19,18,29,14
1759,32,13,7,22,0,25,21,20,16,15,16,4,16,22,18,25,6,13,16,25,19,13,13,21,9,21,26,3,0,19,13,12,17,3,17,0,6,13,22,4,15,22,17,11,22,22,21,9,16,24,27,13,3,17,11,16,0,30,18,4,0,17,0,16,17,21,11,36,35,13,19,0,30,0,12,7,28,29,21,27,30,21,13,17,0,19,26,14,24,33,16,20,19,18,29,14
1760,32,13,7,22,0,25,21,20,16,15,17,5,16,21,18,25,6,13,16,25,19,13,13,21,9,21,26,3,0,19,13,12,17,3,17,0,6,13,22,4,15,22,17,11,23,22,20,9,16,24,27,13,3,17,11,16,0,30,18,5,0,17,0,16,17,21,10,37,35,13,19,0,30,0,12,7,28,29,21,27,30,21,13,17,0,19,26,14,24,33,17,20,20,18,29,14
1761,32,13,7,22,0,25,21,20,16,15,17,5,16,21,19,25,6,13,16,25,19,13,13,21,9,21,26,3,0,19,13,12,17,3,17,0,6,13,23,4,15,22,17,11,23,21,20,9,16,24,27,13,3,17,11,16,0,31,18,5,0,17,0,16,17,21,10,37,35,14,19,0,30,0,12,7,28,29,21,27,30,21,13,17,0,19,26,14,25,33,17,21,20,18,29,14
1762,32,13,7,22,0,25,21,20,16,15,17,5,16,21,19,25,6,13,16,25,19,13,13,21,9,22,26,3,0,19,13,12,17,3,17,0,6,13,25,4,15,22,17,11,23,21,21,9,16,24,27,13,3,17,11,16,0,31,18,5,0,17,0,16,17,21,10,37,35,14,19,0,30,0,12,7,28,29,21,28,29,21,13,17,0,19,25,14,25,33,17,21,20,18,29,14
1763,32,13,8,22,0,25,21,20,16,15,17,5,16,21,19,25,6,13,16,25,19,13,13,21,9,22,26,3,0,20,13,12,17,3,18,0,6,13,25,4,15,22,17,11,23,22,21,9,16,24,27,13,3,17,12,16,0,31,18,5,0,17,0,16,17,21,10,37,34,14,19,0,30,0,12,7,28,28,22,27,29,21,13,17,0,19,25,14,25,33,17,22,20,18,29,14
1764,32,13,8,22,0,25,21,20,16,15,17,5,16,21,19,25,6,13,17,25,19,13,13,21,9,22,26,3,0,20,13,12,17,3,18,0,6,13,25,4,15,22,19,11,23,22,21,9,16,25,27,13,3,17,12,16,0,31,18,5,0,17,0,16,17,21,10,37,34,14,19,0,30,0,12,7,28,28,23,27,29,21,13,17,0,19,25,14,25,33,17,23,20,18,29,14
1765,32,13,8,22,0,25,21,20,16,16,17,5,16,21,19,26,6,14,17,25,19,12,13,21,9,22,26,3,0,20,13,12,17,3,18,0,6,13,25,4,15,22,19,11,23,22,21,9,16,26,27,13,3,17,12,16,0,31,18,5,0,18,0,16,17,21,10,37,34,14,19,0,30,0,12,7,28,28,24,27,29,22,13,17,0,18,24,14,25,33,17,23,20,18,30,14
1766,32,13,8,22,0,25,22,20,15,16,17,6,16,21,19,26,6,14,17,25,19,12,13,21,9,22,25,3,0,20,13,12,16,3,18,0,6,14,25,4,15,22,19,11,23,22,21,9,16,26,26,13,3,17,12,16,0,31,18,5,0,18,0,16,17,21,10,37,34,14,19,0,30,0,12,7,28,28,24,27,29,22,14,17,0,18,24,14,25,33,18,23,20,18,30,15
1767,32,13,8,22,0,25,23,20,15,16,17,6,16,21,19,26,7,14,17,25,19,12,13,21,9,21,25,3,0,20,13,12,16,3,18,0,6,14,25,4,15,23,20,11,24,22,21,9,16,26,26,13,3,18,12,16,0,31,18,5,0,18,0,16,17,22,10,37,34,14,19,0,30,0,12,7,30,28,24,26,29,22,14,17,0,18,24,14,25,33,18,23,20,18,30,15
1768,32,13,8,22,0,25,23,21,15,16,17,6,16,21,19,26,7,14,17,25,19,12,13,22,9,21,25,3,0,20,13,12,16,3,19,0,6,14,25,4,15,23,20,11,24,22,21,9,16,26,26,13,3,18,12,16,0,31,18,5,0,18,0,16,17,23,10,38,33,14,19,0,30,0,12,7,30,28,24,25,28,22,14,17,0,18,24,14,25,33,18,23,20,18,30,15
1769,32,13,8,22,0,25,23,21,15,16,18,6,16,21,19,26,7,14,17,25,19,12,13,22,9,21,25,3,0,21,13,12,16,3,20,0,6,14,25,4,15,23,20,11,24,22,21,9,16,26,27,13,3,19,12,16,0,31,18,5,0,18,0,16,16,23,10,38,33,14,19,0,30,0,12,7,30,28,24,25,28,22,14,17,0,18,24,14,25,33,19,23,20,18,30,15
1770,32,13,8,22,0,25,23,22,15,16,19,6,16,21,19,26,7,14,17,25,19,12,13,22,9,21,25,3,0,21,13,12,16,3,20,0,6,14,25,4,15,23,20,11,24,22,21,9,16,26,27,13,3,19,13,15,0,31,18,5,0,17,0,16,16,22,10,38,33,14,19,0,30,0,12,7,30,28,24,25,28,22,14,17,0,19,25,14,25,32,19,23,20,18,30,15
1771,32,13,8,22,0,25,23,22,15,18,19,6,17,21,19,26,7,14,17,25,19,12,13,22,9,21,25,3,0,21,13,12,16,3,20,0,6,15,25,4,16,24,20,11,24,22,20,9,16,26,28,13,3,19,14,15,0,31,18,5,0,17,0,16,16,22,10,38,33,14,19,0,30,0,12,7,30,28,24,25,28,22,14,17,0,19,25,14,25,32,19,23,20,18,30,15
1772,32,13,8,22,0,25,23,22,15,18,19,6,17,21,19,26,7,14,17,25,19,12,13,22,8,22,25,4,0,21,13,12,16,3,20,0,6,15,25,4,16,26,20,11,24,22,21,9,16,26,27,13,3,19,14,15,0,31,18,5,0,17,0,16,16,22,10,38,33,14,19,0,30,0,11,7,30,28,24,26,28,22,14,17,0,19,25,14,25,32,19,23,20,18,30,15
1773,32,13,8,22,0,25,23,22,15,18,19,6,18,21,19,26,7,14,17,26,19,12,13,22,9,22,24,4,0,21,13,12,17,3,20,0,6,15,25,4,16,26,20,11,24,22,21,9,16,26,27,13,3,19,14,15,0,31,18,5,0,17,0,16,17,22,10,38,33,14,19,0,30,0,11,7,30,28,24,25,28,22,14,18,0,19,25,14,25,32,19,23,20,19,30,15
1774,32,13,8,22,0,25,23,23,15,18,19,6,19,21,20,25,7,14,17,26,19,13,13,23,9,22,25,4,0,21,13,12,17,3,20,0,6,16,25,4,16,26,20,11,24,23,21,9,16,26,26,13,3,19,15,15,0,31,18,5,0,17,0,15,18,22,10,38,34,14,19,0,30,0,11,7,31,29,24,25,28,22,14,18,0,19,25,14,25,31,19,23,20,19,30,16
1775,31,13,8,22,0,25,23,23,15,18,19,6,19,21,20,26,7,14,17,26,19,13,13,23,9,22,25,4,0,21,13,12,17,3,21,0,6,16,25,4,16,27,20,12,24,23,21,9,16,26,26,13,3,19,15,15,0,31,18,5,0,17,0,16,18,22,11,38,34,14,19,0,30,0,11,7,31,29,24,25,28,22,15,18,0,19,25,14,25,31,19,24,20,19,30,16
1776,31,13,8,22,0,24,23,24,15,18,19,6,19,21,20,26,7,14,17,26,19,13,13,23,9,22,25,4,0,21,13,12,18,3,21,0,6,16,25,4,16,27,20,12,24,21,21,9,16,26,26,14,3,19,15,16,0,31,18,5,0,17,0,17,18,22,11,38,34,14,19,0,30,0,11,7,31,29,24,25,28,23,15,18,0,19,25,14,25,30,19,25,20,19,30,17
1777,31,13,7,22,0,24,23,24,15,18,20,6,19,21,20,26,6,14,17,26,19,13,13,23,9,22,25,4,0,21,13,12,18,3,21,0,6,16,25,4,16,27,20,12,24,21,21,9,16,27,26,14,3,19,15,16,0,31,18,5,0,17,0,17,18,22,11,37,34,14,19,0,29,0,11,7,30,29,24,25,28,23,16,18,0,19,25,14,25,30,19,25,19,19,30,17
1778,31,13,7,22,0,24,23,24,15,18,20,6,19,21,20,26,5,14,17,26,19,13,13,23,9,22,25,4,0,21,13,12,19,3,21,0,6,16,24,4,16,27,21,12,24,21,21,10,16,27,26,14,3,19,15,16,0,31,18,5,0,17,0,17,18,22,12,38,35,14,19,0,28,0,10,7,29,29,24,26,28,23,16,18,0,19,25,14,25,31,19,25,20,19,30,17
1779,31,13,7,22,0,24,23,24,15,19,21,6,19,21,20,28,5,14,17,26,18,13,13,23,9,22,25,4,0,21,13,13,19,3,21,0,6,16,24,4,16,27,23,12,24,21,21,10,16,28,25,15,3,19,15,16,0,32,18,5,0,18,0,18,18,22,12,38,35,15,20,0,28,0,10,7,29,29,24,26,28,23,16,18,0,20,25,14,25,31,20,25,20,19,30,17
1780,31,13,7,22,0,24,23,24,15,19,21,6,19,22,20,28,5,14,17,26,18,13,13,22,9,22,25,4,0,21,13,13,20,3,21,0,6,17,24,4,16,27,23,12,24,21,21,11,17,28,25,15,3,20,15,16,0,32,18,5,0,18,0,18,18,21,12,38,35,15,20,0,28,0,10,7,29,29,24,27,28,23,16,18,0,20,25,14,25,30,20,25,20,19,30,17
1781,31,13,7,22,0,24,23,24,16,19,22,6,19,22,20,28,5,14,17,26,18,13,13,22,9,22,25,4,0,21,13,13,20,3,21,0,6,17,23,4,16,27,23,12,24,21,22,11,17,28,25,15,3,20,15,16,0,33,19,5,0,17,0,18,18,21,12,38,35,15,20,0,29,0,11,7,29,29,24,27,28,23,16,18,0,20,25,14,25,32,20,26,20,19,30,17
1782,30,12,7,22,0,24,23,24,16,19,22,6,19,21,20,28,5,14,17,26,18,13,13,22,9,22,25,4,0,21,13,13,20,3,21,0,6,17,23,4,16,27,23,12,26,21,22,11,19,27,25,15,3,20,15,16,0,33,19,5,0,17,0,18,18,21,12,38,36,14,20,0,29,0,11,7,29,29,24,27,28,24,16,19,0,20,25,14,26,32,20,26,21,19,30,17
1783,30,12,7,22,0,24,23,24,16,19,22,6,19,21,20,28,5,14,17,26,18,13,13,22,9,23,25,4,0,21,13,13,21,3,21,0,6,17,24,4,16,27,23,12,26,21,22,10,19,27,25,16,3,20,15,16,0,33,19,5,0,17,0,18,18,21,12,38,36,14,20,0,29,0,11,7,29,29,24,27,28,25,16,19,0,20,25,14,26,32,20,26,21,20,30,17
1784,30,12,7,22,0,24,22,25,16,19,22,7,19,21,20,28,5,14,17,26,18,13,13,22,9,22,25,4,0,21,13,13,21,3,21,0,6,17,24,4,16,27,23,12,26,23,22,10,19,27,25,16,3,20,15,16,0,33,19,5,0,17,0,18,18,22,12,38,35,14,20,0,29,0,11,7,29,29,24,27,28,25,16,19,0,20,25,14,26,32,20,26,21,21,30,17
1785,30,12,7,23,0,24,22,25,16,19,22,7,19,21,21,29,6,14,17,26,18,13,13,22,9,22,25,4,0,21,13,13,21,3,22,0,6,17,24,4,16,27,23,12,26,23,22,10,19,27,25,16,3,20,15,17,0,33,19,5,0,17,0,18,18,22,12,38,35,14,20,0,29,0,11,7,29,29,24,27,28,25,16,19,0,20,25,14,26,32,20,26,21,21,30,17
1786,30,12,7,23,0,24,22,25,16,19,22,7,19,21,21,29,6,14,17,26,18,12,13,22,10,23,25,4,0,22,13,13,21,3,22,0,7,17,24,4,16,27,23,12,26,23,23,10,19,26,25,16,3,20,15,17,0,33,19,5,0,17,0,18,18,22,12,38,35,14,20,0,29,0,11,7,29,29,24,28,28,25,16,19,0,20,25,14,26,32,20,26,21,21,30,17
1787,31,12,7,23,0,24,22,25,16,19,22,7,19,21,21,29,6,14,17,26,18,12,13,22,10,23,25,4,0,22,13,13,21,3,22,0,7,17,25,4,16,27,24,12,26,23,23,10,19,26,25,16,3,20,15,17,0,33,19,5,0,17,0,18,18,22,12,38,35,14,21,0,29,0,11,7,29,29,23,29,27,25,16,19,0,20,25,14,26,32,20,26,21,22,30,17
1788,31,12,7,23,0,24,22,25,16,19,22,7,19,21,21,29,6,15,17,26,18,12,13,22,10,23,25,4,0,22,13,13,21,3,22,0,7,19,26,4,16,27,24,12,26,23,23,10,19,26,25,16,3,20,15,17,0,33,19,5,0,17,0,18,18,22,12,38,35,14,21,0,29,0,12,7,29,29,24,29,27,25,16,18,0,20,25,14,26,32,20,26,21,24,30,17
1789,31,12,7,23,0,24,22,25,16,19,22,7,19,21,21,29,6,15,17,26,18,13,14,21,10,23,25,4,0,22,13,13,21,3,22,0,7,19,26,4,16,28,24,12,26,23,23,10,20,26,25,16,3,20,15,17,0,33,19,5,0,17,0,19,18,22,12,38,35,14,21,0,30,0,12,7,29,29,24,29,27,25,16,18,0,20,25,14,26,32,20,26,21,24,30,17
1790,30,12,7,23,0,24,22,25,16,19,23,7,19,21,21,29,6,15,17,26,18,13,15,21,10,23,25,5,0,22,15,13,21,3,23,0,7,19,27,4,16,28,24,12,26,22,23,10,20,27,25,16,3,20,15,17,0,33,19,5,0,17,0,19,18,22,12,38,35,14,21,0,30,0,12,7,29,29,24,28,27,26,17,18,0,20,25,15,26,32,20,26,21,24,30,17
1791,30,12,7,23,0,24,22,25,15,19,23,7,19,21,21,30,6,15,17,26,19,13,15,21,10,23,25,5,0,22,15,13,21,3,23,0,7,20,28,5,16,28,24,12,26,22,23,10,20,27,25,16,3,20,15,17,0,33,19,5,0,17,0,19,18,22,12,38,35,14,21,0,30,0,12,8,28,29,24,28,27,26,17,18,0,20,25,15,26,33,20,26,21,24,30,17
1792,30,12,7,24,0,24,22,25,16,19,23,7,19,21,20,30,6,15,17,26,21,13,15,22,10,23,25,5,0,22,15,13,21,3,24,0,7,20,28,6,16,28,24,12,26,22,24,10,20,27,25,16,3,20,15,17,0,33,19,5,0,17,0,19,18,22,12,38,35,14,21,0,30,0,12,8,28,29,24,28,27,26,17,18,0,20,25,15,26,33,20,26,21,24,30,17
1793,30,12,7,24,0,24,21,25,16,19,23,7,19,21,20,30,6,15,17,26,21,12,15,24,10,23,25,5,0,22,15,13,22,3,24,0,7,20,28,6,16,28,24,12,26,22,24,10,20,27,25,16,4,20,15,17,0,33,19,6,0,17,0,19,18,22,12,38,35,14,21,0,31,0,12,8,30,29,24,28,27,26,17,18,0,20,25,15,26,33,20,26,22,25,30,17
1794,31,12,7,24,0,24,21,25,16,19,23,7,19,21,20,30,6,15,17,27,21,12,15,24,11,23,26,5,0,21,15,13,22,3,24,0,8,20,28,6,16,28,23,12,26,22,24,10,20,27,25,16,4,20,15,17,0,32,19,6,0,17,0,19,18,22,12,38,35,14,21,0,31,0,12,8,30,29,24,28,27,26,17,18,0,20,25,15,26,33,21,26,22,25,31,17
1795,31,12,8,24,0,23,21,25,16,19,23,7,19,21,20,30,6,15,17,27,21,12,15,24,11,23,27,5,0,21,15,13,23,3,24,0,8,20,29,6,16,28,23,12,26,22,24,10,20,27,25,15,4,20,14,17,0,32,19,6,0,18,0,19,19,22,12,38,35,15,21,0,31,0,12,8,30,29,24,28,27,26,17,18,0,20,25,15,26,33,21,26,22,25,31,17
1796,31,12,8,24,0,23,21,25,16,19,22,7,19,21,21,29,6,15,17,27,21,12,15,24,11,23,27,5,0,22,15,13,23,3,24,0,8,20,29,6,16,28,23,12,26,22,24,10,20,27,25,15,4,20,14,18,0,32,19,6,0,18,0,19,19,22,12,38,35,15,21,0,31,0,12,8,30,29,24,28,28,26,17,18,0,21,25,15,27,33,21,26,24,25,31,17
1797,31,12,8,25,0,23,21,25,16,18,23,7,19,21,21,30,6,15,17,27,21,12,15,24,11,23,26,5,0,22,15,13,23,3,24,0,8,20,29,6,16,29,23,12,26,22,24,10,20,27,25,15,4,20,14,18,0,33,19,7,0,18,0,19,18,22,12,38,35,15,21,0,31,0,12,8,30,28,24,29,28,26,17,18,0,21,25,15,27,33,21,26,24,25,33,17
1798,31,12,8,25,0,23,21,25,16,19,22,7,19,21,21,30,6,15,17,27,22,12,15,24,11,23,26,5,0,22,15,13,23,3,24,0,8,20,29,6,16,30,23,12,26,22,24,10,20,27,25,14,4,20,14,18,0,33,19,7,0,18,0,19,18,23,12,37,35,15,21,0,31,0,12,8,31,29,24,29,28,27,17,18,0,21,25,15,27,32,21,26,24,25,33,16
1799,31,12,8,24,0,23,22,25,16,20,23,7,19,21,22,30,6,15,17,27,22,12,15,24,11,23,26,5,0,22,15,13,24,3,24,0,8,20,28,6,16,30,22,12,26,22,25,10,20,27,25,14,4,21,14,18,0,33,20,7,0,18,0,19,18,23,12,38,35,17,21,0,31,0,12,7,32,29,24,29,29,27,17,18,0,21,24,15,27,32,21,26,24,25,33,17
1800,31,12,8,24,0,23,22,25,16,20,23,7,19,21,22,30,6,15,17,27,22,12,15,24,11,23,26,5,0,22,15,13,24,3,24,0,8,20,28,6,16,31,22,12,26,22,25,10,21,27,25,14,4,21,14,18,0,33,21,7,0,18,0,19,18,23,12,38,35,18,22,0,32,0,12,7,32,29,24,28,29,27,17,18,0,21,24,16,27,32,21,27,24,25,34,17
1801,30,12,8,24,0,24,22,25,16,20,23,7,19,21,22,30,6,15,17,27,22,11,15,24,11,23,26,5,0,22,15,13,24,3,24,0,8,20,28,6,16,32,22,12,26,22,25,10,21,27,25,14,4,21,14,18,0,33,21,7,0,18,0,19,20,23,12,38,35,18,23,0,32,0,12,7,32,29,24,27,29,27,18,18,0,22,24,16,27,32,21,27,24,25,34,17
1802,30,12,9,24,0,24,22,25,16,20,23,7,19,22,22,30,6,15,17,27,22,11,15,24,11,23,27,5,0,22,15,14,24,3,24,0,8,20,28,6,16,32,22,12,26,22,25,10,21,27,25,14,4,21,14,18,0,33,21,7,0,18,0,19,20,24,12,38,35,18,23,0,32,0,12,7,32,29,24,27,29,27,18,18,0,21,24,16,27,32,21,27,24,26,34,17
1803,30,12,10,24,0,24,22,25,16,20,23,7,19,22,22,30,6,15,18,27,22,11,15,24,11,23,27,5,0,22,15,14,24,3,23,0,8,20,28,6,16,34,22,12,26,22,25,10,21,27,25,14,4,21,14,18,0,33,21,7,0,18,0,19,20,24,12,38,35,18,23,0,32,0,12,7,32,28,24,27,29,27,18,18,0,21,24,16,27,32,21,27,24,26,34,17
1804,30,12,10,24,0,24,22,25,16,19,23,7,20,22,22,30,6,15,18,27,21,11,15,24,11,23,28,5,0,22,15,14,24,3,23,0,8,20,28,6,17,35,22,12,26,22,25,10,21,27,25,14,4,22,14,18,0,33,21,8,0,18,0,19,20,24,12,38,35,18,23,0,32,0,12,7,32,28,24,27,29,27,18,18,0,21,24,16,26,32,21,27,25,25,34,17
1805,30,12,10,24,0,24,22,25,16,19,23,7,20,22,22,30,6,15,18,27,21,12,15,24,11,23,29,5,0,22,15,14,24,3,23,0,8,20,28,6,17,35,23,12,26,22,25,10,21,27,25,14,4,22,15,19,0,33,21,8,0,18,0,19,20,24,12,37,35,18,23,0,32,0,12,6,32,28,24,27,29,27,18,19,0,21,24,15,26,32,21,27,25,26,34,16
1806,30,12,10,24,0,24,23,25,17,19,23,7,20,22,22,31,6,15,17,27,21,13,15,24,11,23,29,5,0,22,15,14,24,3,23,0,8,20,28,6,17,35,23,12,26,22,25,10,21,27,25,14,4,22,14,19,0,33,21,8,0,18,0,19,21,24,12,37,35,18,23,0,32,0,12,6,32,28,23,27,29,27,18,19,0,21,24,15,26,32,21,27,26,26,34,16
1807,31,12,10,25,0,24,24,25,17,19,23,7,20,22,23,31,7,15,16,27,21,13,15,24,12,23,29,5,0,22,15,14,24,3,23,0,8,19,28,6,17,35,23,12,26,22,25,10,22,27,26,14,4,22,14,19,0,33,21,8,0,18,0,19,21,24,11,37,35,18,24,0,32,0,12,6,32,30,23,27,29,27,18,19,0,21,24,15,26,32,21,27,26,26,34,16
1808,31,12,10,25,0,24,23,25,18,19,23,7,21,22,23,31,8,16,16,27,21,13,15,24,12,23,29,5,0,22,15,14,25,3,23,0,8,19,28,6,17,35,23,12,27,23,25,10,22,27,26,14,4,22,14,19,0,33,21,8,0,18,0,19,21,24,12,38,35,18,24,0,32,0,12,6,32,30,23,27,28,27,18,19,0,21,24,15,24,32,21,27,26,26,34,16
1809,31,12,10,25,0,24,23,25,18,19,23,7,21,21,24,31,8,16,16,27,21,13,14,23,12,23,30,5,0,22,15,14,25,3,23,0,8,19,28,6,17,35,23,12,27,23,25,10,22,27,26,14,4,22,14,19,0,33,21,8,0,19,0,18,22,24,12,38,35,18,24,0,33,0,12,6,32,30,24,28,28,27,18,19,0,21,24,15,24,32,21,27,26,26,34,16
1810,31,12,10,25,0,24,23,25,19,19,24,7,21,21,24,31,8,16,16,27,21,13,14,22,12,23,30,5,0,22,15,14,25,3,23,0,8,19,28,5,17,35,23,12,26,23,25,10,22,27,26,14,4,22,14,19,0,34,21,9,0,19,0,18,22,24,12,38,35,20,24,0,33,0,12,6,32,30,25,28,28,27,18,19,0,21,24,15,24,32,21,27,26,25,34,16
1811,31,12,10,25,0,24,24,25,19,19,24,7,21,21,24,31,8,16,16,27,21,13,15,22,12,23,30,5,0,22,16,14,25,3,23,0,8,19,28,5,17,35,23,12,28,23,25,10,21,27,26,14,4,22,14,19,0,34,22,9,0,19,0,18,22,24,12,39,35,19,24,0,33,0,12,6,32,30,25,29,28,27,18,19,0,21,24,15,24,32,21,27,26,25,35,15
1812,31,12,10,25,0,24,24,25,19,19,24,7,21,21,24,31,8,17,16,27,21,13,15,22,12,23,30,5,0,22,16,14,25,3,23,0,8,19,28,5,17,35,23,12,28,23,25,10,21,28,27,14,4,22,14,19,0,34,22,10,0,19,0,18,22,24,12,39,36,19,23,0,33,0,12,6,32,30,25,29,28,27,18,19,0,21,24,16,25,32,21,27,26,25,35,15
1813,31,12,10,25,0,24,24,25,18,19,25,7,21,21,24,32,8,17,16,26,21,13,15,22,12,23,30,5,0,22,16,14,25,3,23,0,9,19,28,5,17,35,23,12,28,23,25,11,22,28,27,14,4,23,14,19,0,35,22,10,0,19,0,19,22,24,12,39,36,19,23,0,33,0,12,6,32,29,26,29,28,28,18,19,0,21,24,17,25,33,20,27,26,25,35,15
1814,31,12,11,25,0,24,24,25,18,19,25,7,21,21,24,32,8,18,16,27,21,13,15,22,13,23,30,5,0,22,16,14,25,3,23,0,9,19,28,5,17,35,23,12,29,24,25,11,22,29,27,14,4,23,14,19,0,35,22,10,0,19,0,20,22,24,12,39,36,19,23,0,33,0,11,6,32,29,26,29,28,28,18,19,0,21,24,17,25,34,20,27,26,25,35,15
1815,31,12,11,24,0,24,24,25,18,19,25,7,21,22,24,32,8,18,16,27,21,13,15,22,13,23,29,5,0,22,16,14,25,3,23,0,9,19,27,5,17,35,23,12,29,24,25,11,22,29,27,14,4,21,14,19,0,35,21,11,0,19,0,20,21,24,13,39,36,19,23,0,33,0,12,6,32,29,26,29,28,28,18,19,0,22,24,16,25,34,20,27,26,25,35,15
1816,31,12,12,24,0,24,24,25,18,19,25,7,21,22,24,31,8,18,16,27,21,13,15,22,13,23,29,5,0,22,16,14,25,3,23,0,9,19,27,5,17,34,23,12,28,24,25,10,22,29,27,13,4,21,14,19,0,35,21,12,0,19,0,20,21,24,13,38,36,18,23,0,33,0,13,6,32,29,27,29,28,28,18,19,0,22,24,16,25,34,20,27,26,25,35,15
1817,31,12,12,24,0,25,24,26,18,19,25,7,21,23,25,31,8,18,16,27,21,14,15,22,13,24,30,5,0,22,16,14,26,3,23,0,9,19,27,5,17,34,23,12,28,25,25,10,22,29,27,13,4,21,14,20,0,35,21,12,0,19,0,21,21,25,13,38,38,18,23,0,34,0,13,6,32,30,27,29,28,28,19,19,0,22,24,16,26,34,21,27,26,25,35,15
1818,32,12,12,24,0,25,24,26,18,19,25,7,21,23,25,31,9,18,16,27,21,15,16,23,13,24,30,5,0,23,16,15,27,3,23,0,9,19,28,5,19,34,23,12,28,25,25,10,22,29,27,13,4,21,14,20,0,35,22,12,0,19,0,21,22,25,13,37,38,18,22,0,34,0,13,6,32,30,26,29,28,28,19,19,0,22,24,16,26,34,21,27,26,25,35,15
1819,32,12,12,24,0,25,24,26,18,19,25,7,21,23,26,31,9,18,16,27,21,15,16,23,13,24,30,5,0,23,16,15,28,3,23,0,9,20,28,5,19,34,23,12,28,26,25,10,22,29,28,12,4,21,14,20,0,36,23,12,0,20,0,21,22,25,13,37,38,18,22,0,34,0,13,6,32,30,26,29,28,27,19,19,0,22,24,16,26,34,21,27,26,25,36,15
1820,32,12,12,24,0,25,24,26,18,19,25,7,21,23,26,31,9,18,16,26,23,15,16,23,13,24,30,5,0,23,17,15,28,3,23,0,9,20,28,5,19,35,23,12,28,26,25,10,22,29,28,12,4,21,14,20,0,35,23,12,0,20,0,21,22,25,13,37,38,19,22,0,34,0,13,5,32,30,26,29,28,27,19,19,0,22,24,16,26,34,21,27,26,25,35,15
1821,32,12,12,24,0,25,24,28,18,19,25,7,21,23,27,31,9,18,16,26,23,15,17,22,13,24,30,5,0,23,17,15,28,3,23,0,9,20,28,5,19,35,23,12,28,26,25,10,22,29,28,12,4,21,14,20,0,34,23,12,0,20,0,21,22,25,13,37,38,19,22,0,34,0,13,6,32,30,26,30,28,27,20,20,0,23,25,16,26,35,21,27,26,25,35,15
1822,32,12,12,24,0,25,24,28,18,19,25,7,21,24,27,31,9,18,16,26,23,15,18,22,13,24,30,5,0,23,17,16,27,3,23,0,9,20,28,5,19,35,23,12,28,26,25,10,22,29,28,12,4,21,14,20,0,35,23,12,0,20,0,21,22,25,13,37,38,19,22,0,34,0,13,6,32,30,26,30,28,27,20,20,0,23,24,16,26,35,21,28,26,25,35,15
1823,33,12,12,24,0,25,24,28,18,19,26,7,21,24,27,31,10,18,15,26,23,15,18,21,13,24,31,5,0,23,17,16,27,3,23,0,9,20,28,5,19,35,23,12,28,27,25,10,21,29,28,12,4,22,14,20,0,35,22,12,0,20,0,21,22,25,13,37,38,19,22,0,34,0,13,6,32,31,26,31,28,27,20,20,0,23,25,16,26,35,21,28,26,25,35,15
1824,33,12,12,24,0,26,24,28,18,19,26,7,21,24,27,31,10,18,15,26,23,15,17,21,13,24,32,5,0,23,17,15,27,3,23,0,9,20,28,5,19,36,23,12,28,27,25,10,21,29,28,12,4,22,14,20,0,35,22,13,0,20,0,21,22,25,13,38,38,19,22,0,35,0,13,6,32,31,26,31,28,27,20,20,0,23,25,16,26,34,21,28,26,25,36,15
1825,33,12,12,24,0,25,25,29,18,19,26,7,21,24,27,31,10,18,15,26,23,15,17,21,14,24,32,5,0,24,17,15,27,3,24,0,9,21,28,5,19,36,23,12,28,28,25,10,21,29,28,12,4,22,14,20,0,36,22,13,0,20,0,21,22,25,13,39,38,19,22,0,35,0,13,6,32,31,26,31,28,27,20,20,0,23,25,17,26,34,21,28,27,25,36,15
1826,33,12,12,24,0,25,25,29,18,19,26,6,21,24,27,31,10,18,15,26,23,15,17,21,14,24,32,5,1,24,17,15,27,3,24,0,9,21,28,5,19,36,23,12,28,29,26,10,21,29,28,12,4,22,14,20,0,37,22,13,0,20,0,21,22,26,13,39,38,19,22,0,35,0,13,6,32,31,26,31,28,27,20,20,0,23,26,17,26,34,21,28,27,25,36,15
1827,33,12,12,24,0,25,25,28,17,19,26,6,20,25,27,31,10,18,15,26,24,15,18,21,14,24,32,5,1,24,17,15,27,3,24,0,9,21,28,5,19,36,23,12,28,29,27,10,21,29,28,12,4,22,14,20,0,37,22,13,0,20,0,21,22,26,13,38,38,19,23,0,35,0,13,6,32,31,26,31,28,27,20,20,0,23,26,17,25,34,21,28,28,26,36,15
1828,33,12,12,24,0,25,25,28,18,19,26,6,20,25,27,30,10,17,15,26,24,15,18,21,15,25,33,5,1,24,18,15,27,3,24,0,9,21,28,5,19,36,23,12,28,28,27,10,21,28,28,12,5,22,14,20,0,37,21,13,0,20,0,21,22,25,13,38,38,19,23,0,35,0,13,6,31,31,26,31,28,27,20,20,0,22,26,17,25,34,21,28,28,26,35,15
1829,33,13,12,24,0,25,25,28,18,21,26,6,20,25,29,30,10,17,15,26,24,15,18,21,15,26,33,5,1,24,18,15,27,3,24,0,9,21,29,5,19,36,23,12,28,28,28,10,21,28,28,13,5,22,14,21,0,37,21,13,0,20,0,21,23,25,13,38,37,19,23,0,35,0,13,6,31,31,26,31,28,27,20,20,0,22,26,17,25,34,21,28,28,26,35,15
1830,33,13,12,23,0,25,25,28,18,20,26,6,20,26,29,30,10,17,15,26,24,15,18,20,15,26,33,5,1,24,18,15,27,3,24,0,9,21,28,5,19,36,23,12,28,28,28,10,21,28,30,13,5,22,14,21,0,37,21,13,0,20,0,21,23,25,13,38,37,19,23,0,35,0,13,6,31,31,27,31,29,27,20,20,0,22,28,17,27,34,21,28,28,26,35,15
1831,33,13,12,23,0,26,25,28,18,20,26,6,20,26,29,30,12,17,15,27,24,15,18,20,15,26,33,5,1,25,18,15,27,3,24,0,9,21,28,5,19,35,24,12,28,28,29,10,21,28,30,13,5,22,14,21,0,37,21,13,0,20,0,21,23,25,13,38,37,19,23,0,35,0,13,6,31,31,27,31,29,27,20,20,0,22,28,17,27,34,21,28,28,26,35,15
1832,33,13,12,23,0,26,25,28,18,20,26,6,20,26,29,31,12,17,17,27,24,15,18,20,15,26,33,5,1,25,18,15,27,3,24,0,9,21,28,5,19,35,24,12,28,28,29,10,21,28,30,13,5,22,14,21,0,38,21,14,0,20,0,21,24,25,13,38,37,19,23,0,35,0,13,6,31,31,27,31,29,28,20,20,0,22,28,17,27,34,21,28,28,27,36,15
1833,33,13,13,23,0,26,25,29,18,20,26,6,20,26,29,31,12,17,18,27,24,15,18,21,15,26,33,5,1,25,18,15,27,4,24,0,9,21,28,5,19,34,24,12,28,28,29,10,21,28,30,13,5,22,14,21,0,39,21,14,0,20,0,21,24,25,13,38,37,19,24,0,36,0,13,6,31,31,28,31,29,28,20,20,0,22,28,17,27,33,21,28,28,27,36,15
1834,32,13,14,23,0,26,25,29,18,20,26,6,20,26,31,31,12,17,18,28,24,15,18,21,15,26,33,5,1,25,20,15,27,4,24,0,9,21,27,5,19,34,25,12,27,28,28,10,22,28,30,13,5,22,14,21,0,39,22,14,0,20,0,21,24,25,13,38,37,19,24,0,36,0,13,6,31,31,28,31,29,28,20,20,0,22,27,17,28,33,21,28,28,27,36,15
1835,32,13,15,23,0,26,25,29,18,19,26,6,20,26,31,31,13,17,18,28,24,15,18,21,15,26,33,5,1,25,20,15,28,4,24,0,9,21,27,5,19,34,24,12,27,28,28,10,22,28,31,12,5,22,14,21,0,40,22,14,0,20,0,21,24,25,13,38,37,19,24,0,36,0,12,6,31,31,28,31,29,28,20,20,0,22,27,17,28,33,21,28,28,27,36,15
1836,32,13,15,23,0,26,25,29,18,19,26,6,20,26,30,31,13,17,18,28,25,15,18,21,15,26,33,5,1,25,20,15,28,5,24,0,9,22,28,5,19,34,23,12,27,29,28,10,22,28,31,11,5,22,14,22,0,40,21,14,0,20,0,21,24,25,13,38,38,19,24,0,36,0,12,6,31,31,28,30,29,27,20,20,0,22,27,17,29,33,21,28,28,27,36,15
1837,32,13,15,23,0,27,25,29,18,19,26,6,20,27,30,31,12,17,18,29,25,15,18,22,15,26,33,5,1,25,21,16,28,5,24,0,9,22,28,5,19,34,23,12,27,30,28,10,22,28,31,11,5,21,14,23,0,40,21,14,0,21,0,21,24,25,13,38,38,19,24,0,37,1,12,6,31,31,28,30,29,27,20,20,0,22,27,17,29,33,21,28,28,27,36,15
1838,32,13,15,23,0,27,26,30,19,19,26,7,22,27,30,31,12,17,18,29,25,15,18,22,15,26,33,5,1,25,21,16,29,5,24,0,9,22,28,5,19,34,23,13,27,30,28,9,22,28,31,11,5,21,13,23,0,40,21,14,0,21,0,21,24,25,13,38,38,19,24,0,38,1,11,6,31,31,28,30,29,27,20,20,0,22,26,17,29,33,21,28,29,27,36,15
1839,33,13,15,24,0,27,27,30,19,19,26,7,23,27,30,31,13,17,18,29,25,15,18,22,15,26,33,5,1,25,21,16,29,5,24,0,9,22,28,5,19,34,23,13,28,30,28,9,22,29,31,11,5,21,13,23,0,40,21,14,0,21,0,21,25,25,13,38,38,19,24,0,38,1,11,6,31,31,28,30,29,27,20,20,0,21,26,17,28,33,22,28,29,27,36,15
1840,33,13,15,24,0,25,27,30,21,20,26,7,23,27,30,31,13,17,18,29,24,15,18,22,15,26,33,5,1,25,21,16,28,5,24,0,9,22,28,5,19,34,23,13,29,30,28,9,22,29,31,11,5,21,13,23,0,40,21,14,0,21,0,21,25,25,13,37,38,19,24,0,38,1,11,6,31,31,28,30,30,27,20,20,0,21,26,17,28,34,22,28,28,27,36,15
1841,33,13,15,25,0,25,27,30,21,20,26,7,24,27,30,31,13,18,19,29,24,15,18,22,15,26,34,5,1,25,21,16,29,5,24,0,9,23,28,5,19,34,23,13,30,30,28,10,22,29,31,12,5,20,13,23,0,40,21,14,0,22,0,21,25,25,14,37,38,19,25,0,38,1,11,6,31,31,29,30,30,27,20,20,0,21,26,17,27,34,22,28,28,27,37,15
1842,33,13,15,25,0,25,27,30,21,21,26,7,24,28,30,31,13,18,19,29,24,15,18,22,15,26,34,5,1,26,21,16,29,5,24,0,9,23,28,5,19,34,23,13,30,30,28,10,22,29,31,12,5,20,13,23,0,40,21,14,0,22,0,21,25,24,14,37,38,19,25,0,38,2,11,6,31,31,28,30,30,27,21,21,0,21,26,17,27,34,22,29,28,27,37,14
1843,33,13,16,25,0,25,27,30,21,21,26,7,24,28,30,31,13,18,19,30,24,16,18,23,14,26,34,5,1,26,21,16,29,5,24,0,10,23,27,5,19,34,23,13,30,30,28,10,22,29,32,12,5,20,13,22,0,40,21,14,0,22,0,22,25,24,14,37,38,20,25,0,38,2,11,6,31,31,28,30,30,28,21,21,0,21,26,17,27,34,22,29,28,28,37,14
1844,33,13,16,25,0,25,26,30,22,21,26,7,24,28,30,30,13,18,19,30,24,16,18,23,14,26,34,5,1,26,21,17,29,5,24,0,10,23,27,6,19,34,23,13,30,30,28,10,22,29,32,12,5,20,13,22,0,40,21,14,0,22,0,22,25,24,14,37,38,20,26,0,38,2,11,7,31,31,28,30,30,28,21,21,0,21,26,17,27,34,23,30,28,28,37,14
1845,33,13,16,26,0,25,26,31,22,20,26,7,24,28,30,29,13,18,19,30,24,16,18,23,14,26,34,5,1,26,22,17,29,6,24,0,10,23,29,6,19,34,23,13,29,30,27,11,22,29,32,12,5,21,13,22,0,40,21,14,0,22,0,22,26,24,14,37,38,20,26,0,38,2,11,7,31,31,29,30,30,28,21,21,0,20,26,17,27,34,24,29,28,28,37,14
1846,33,13,17,26,0,25,27,31,23,20,27,7,24,28,30,29,13,18,19,31,24,16,18,23,14,26,34,6,1,26,22,17,30,6,24,0,10,23,29,6,19,34,22,13,29,31,27,11,23,29,32,12,5,21,13,22,0,41,21,13,0,21,0,22,26,24,14,37,38,20,26,0,38,2,11,7,31,31,30,31,30,28,21,22,0,20,26,17,28,34,24,29,28,28,37,14
1847,32,13,17,26,0,25,27,31,23,20,27,7,24,29,31,29,13,18,19,31,25,16,18,22,15,26,34,6,1,26,23,17,30,6,24,0,10,23,29,6,19,34,23,13,29,30,27,11,23,29,32,12,5,21,13,22,0,41,21,13,0,21,0,22,26,24,14,38,38,20,26,0,38,2,11,8,31,31,30,31,30,28,21,22,0,20,26,17,28,34,24,29,29,28,37,14
1848,33,13,17,26,0,25,27,31,23,21,26,7,25,29,31,29,13,19,19,31,25,16,18,22,15,26,35,6,1,26,23,17,31,6,24,0,10,23,29,7,20,34,23,13,29,30,27,12,23,30,32,13,5,21,13,22,0,41,21,13,0,22,0,24,26,25,14,38,38,20,26,0,38,2,11,8,30,31,31,33,30,28,21,22,0,20,26,17,28,34,24,29,30,29,37,14
1849,33,13,17,26,0,25,27,31,23,21,26,7,25,29,31,28,13,19,19,31,26,16,18,22,15,26,35,6,1,26,23,17,31,6,24,0,10,23,29,7,20,34,23,13,29,30,27,12,23,30,32,13,5,21,13,22,0,41,21,13,0,22,0,24,26,25,15,38,38,20,26,0,38,2,12,8,29,31,31,33,30,28,21,22,0,21,26,17,27,34,24,29,30,29,37,13
1850,33,13,17,26,0,25,27,31,23,21,26,7,25,29,31,28,13,19,20,31,26,16,18,23,15,26,35,6,2,26,23,17,31,6,24,0,10,23,29,7,20,34,23,14,29,30,27,12,23,30,32,13,5,21,13,22,0,41,21,13,0,22,0,24,26,25,16,38,38,20,26,0,39,2,12,8,28,31,31,33,29,28,21,22,0,21,26,18,27,34,24,30,30,29,37,13
1851,32,13,17,26,0,25,27,32,23,21,26,7,25,29,31,28,14,19,21,31,25,16,18,23,15,26,35,6,2,26,23,17,31,6,24,0,10,23,29,7,20,34,23,14,29,30,27,12,23,30,32,13,5,21,13,22,0,41,21,13,0,22,0,24,26,25,16,38,38,20,26,0,39,2,12,8,28,31,31,33,29,28,21,22,0,21,26,18,27,34,23,30,30,29,37,13
1852,32,13,17,26,0,25,27,32,23,21,26,7,25,29,31,28,14,19,21,31,25,16,18,23,15,26,35,6,2,26,23,17,31,6,24,0,10,23,29,7,20,34,23,14,29,31,27,12,23,30,32,13,5,21,13,22,0,41,22,13,0,22,0,24,26,24,16,38,38,20,26,0,38,2,12,8,28,32,31,33,29,28,21,22,0,21,26,17,27,34,23,30,30,29,37,13
1853,32,13,17,26,0,25,28,32,23,21,26,7,25,29,31,28,14,19,21,31,25,16,18,23,15,26,35,6,2,26,23,17,31,6,24,0,10,23,29,7,20,34,23,14,29,31,26,12,23,30,32,13,5,20,13,23,0,41,22,14,0,23,0,25,26,24,16,38,38,19,26,0,38,2,13,8,28,32,31,33,29,28,21,22,0,21,26,17,27,34,23,30,30,29,37,13
1854,32,13,17,26,0,25,28,32,23,21,26,7,26,28,32,28,14,20,21,31,25,16,18,22,15,26,35,6,2,28,23,17,31,6,25,0,11,23,29,7,20,34,23,14,30,31,26,12,23,30,32,13,5,20,13,23,0,41,22,14,0,23,0,25,26,25,16,38,38,18,26,0,38,2,13,7,28,33,30,33,28,29,21,22,0,21,26,17,27,34,23,31,30,29,37,13
1855,32,13,18,27,0,25,28,31,23,21,26,7,26,28,32,28,14,20,21,31,25,16,18,22,15,26,35,6,2,28,24,17,31,6,25,0,11,23,29,7,20,34,23,14,30,31,27,12,23,30,32,14,6,20,13,23,0,41,22,14,0,23,0,25,26,25,17,38,38,18,27,0,38,2,13,7,28,33,30,33,28,29,22,22,0,21,26,17,27,34,23,31,31,29,37,13
1856,32,14,18,27,0,25,28,32,23,22,26,7,26,28,32,28,14,20,21,31,25,16,18,21,15,26,35,6,2,28,25,18,31,6,25,0,11,23,29,7,20,34,23,14,31,31,27,12,23,30,32,15,6,20,13,23,0,41,22,14,0,23,0,25,26,26,17,37,38,18,27,0,38,2,13,7,28,33,31,34,29,29,22,22,0,21,26,17,27,34,25,31,31,29,37,13
1857,32,14,17,27,0,25,28,32,24,22,26,7,26,28,32,28,14,20,21,31,25,16,18,21,15,26,35,6,2,28,25,18,31,6,25,0,11,23,30,7,20,34,23,14,31,31,28,12,23,30,32,15,6,19,13,23,0,41,22,14,0,23,0,25,26,26,17,37,38,18,27,0,38,2,13,7,28,33,31,33,29,29,22,22,0,21,26,17,27,35,24,31,31,29,37,14
1858,32,14,17,27,0,25,28,32,24,22,26,7,26,28,32,28,14,19,21,31,25,16,18,21,15,26,34,6,2,28,25,18,31,6,26,0,11,23,30,7,20,34,23,14,31,31,27,12,23,30,32,15,7,19,14,24,0,41,22,14,0,23,0,25,26,26,17,37,38,18,27,0,38,2,13,7,28,33,31,33,29,29,22,22,0,21,25,18,27,35,24,31,31,29,37,14
1859,32,14,17,27,0,25,28,32,24,22,26,8,26,28,32,28,14,19,21,31,25,16,18,22,15,26,35,6,2,28,26,19,31,6,26,0,11,23,30,7,20,34,22,14,32,31,27,12,24,30,32,15,7,19,14,24,0,41,22,14,0,23,0,26,26,26,17,37,38,18,27,0,38,2,14,7,28,33,31,33,29,29,22,23,0,21,25,18,27,35,24,31,31,29,37,14
1860,32,14,17,27,0,25,28,32,24,22,26,8,26,28,33,28,14,19,21,31,25,16,18,22,15,26,35,7,2,29,25,18,31,6,26,0,11,23,30,7,20,34,22,14,32,32,27,12,24,30,32,16,7,19,14,24,0,41,22,14,0,23,0,26,26,25,17,37,38,18,27,0,38,2,14,7,28,33,31,33,29,29,22,23,0,21,25,18,27,35,24,31,31,30,37,14
1861,33,14,17,28,0,25,28,32,24,22,26,8,27,28,33,28,14,19,21,31,25,16,19,22,15,25,34,7,2,29,25,19,31,6,26,0,11,24,30,7,20,35,22,14,32,32,27,12,24,30,32,16,7,19,14,24,0,41,22,14,0,23,0,26,26,25,17,37,38,18,27,0,38,2,14,8,28,33,31,33,29,29,22,23,0,21,25,18,27,35,24,31,31,30,37,14
1862,33,14,18,29,0,25,28,32,24,22,26,10,27,28,34,29,16,20,21,30,25,16,19,22,15,25,34,7,2,29,25,19,31,6,26,0,11,24,30,7,20,35,22,14,32,32,27,12,24,30,31,16,7,19,14,24,0,41,22,14,0,23,0,26,26,25,17,37,37,18,27,0,38,2,14,8,28,33,28,33,29,29,22,23,0,21,25,18,27,35,23,31,31,31,37,14
1863,33,14,18,29,0,25,29,32,24,22,26,11,27,28,34,29,16,20,21,30,25,16,19,22,15,25,34,7,2,29,25,19,31,6,26,0,11,24,30,7,20,35,22,14,31,32,27,12,24,31,31,16,7,19,14,24,0,42,22,14,0,24,0,26,27,26,17,37,37,18,27,0,38,2,14,8,28,33,28,33,28,29,22,23,0,21,25,18,27,35,23,31,31,31,37,14
1864,33,14,19,29,0,25,29,32,24,22,26,11,27,29,34,29,16,20,21,30,25,17,19,22,15,25,35,7,2,30,25,19,31,6,26,0,11,24,30,7,20,35,22,14,31,32,27,12,24,31,31,15,7,19,14,24,0,42,22,14,0,25,0,26,27,27,17,36,38,18,27,0,39,2,14,8,28,33,28,33,28,29,22,23,0,21,25,18,28,35,23,31,31,32,37,14
1865,33,14,19,29,0,25,30,32,24,23,26,11,27,29,35,29,16,20,21,30,25,17,19,23,15,25,35,7,2,30,25,20,32,6,27,0,11,24,30,7,20,35,21,14,30,32,27,12,24,32,31,15,7,22,14,23,0,42,22,15,0,26,0,27,27,27,18,36,38,18,27,0,39,2,14,8,28,33,28,33,28,28,22,24,0,21,25,18,28,35,23,31,31,32,38,14
1866,34,14,19,28,0,25,30,32,24,23,27,11,27,29,35,29,16,20,21,30,25,17,19,23,16,25,35,7,2,29,25,21,32,6,28,0,11,24,30,7,20,35,21,14,30,32,28,14,24,32,31,15,7,22,15,22,0,41,22,15,0,26,0,27,27,28,18,36,38,18,27,0,39,2,14,8,28,33,27,33,28,28,22,24,0,22,25,18,28,35,24,31,31,32,39,14
1867,34,13,19,28,0,25,30,32,24,23,27,11,27,29,35,29,16,20,21,30,25,17,18,22,17,26,35,7,2,29,25,21,32,6,29,0,11,23,30,7,20,34,21,14,30,33,28,14,24,32,31,16,7,22,15,22,0,41,22,15,0,27,0,27,27,28,18,34,38,18,27,0,39,2,14,8,28,33,27,33,28,28,22,24,0,22,25,18,28,35,24,31,32,32,39,14
1868,34,12,18,28,0,26,31,32,24,23,27,11,30,29,35,29,16,20,21,30,25,16,18,22,17,26,35,7,2,30,25,21,32,6,29,0,11,24,29,7,21,35,21,14,30,33,29,14,24,32,32,16,7,22,15,22,0,41,23,15,0,27,0,27,27,28,18,34,38,18,26,0,39,2,14,8,28,34,27,33,28,28,22,24,0,22,25,18,28,34,24,30,32,32,39,14
1869,34,12,18,28,0,26,31,32,24,23,27,11,30,29,35,29,16,20,22,30,25,16,17,22,17,26,35,7,2,30,25,21,32,6,29,0,11,24,29,7,21,35,21,14,30,34,29,14,24,33,32,16,8,22,15,22,0,41,23,15,0,27,0,27,27,28,18,34,38,18,26,0,39,2,14,9,27,34,27,33,28,28,22,24,0,23,25,18,28,34,24,30,32,32,39,14
1870,34,12,18,28,0,26,31,32,24,23,27,11,30,29,36,31,16,20,22,30,25,16,17,22,18,26,35,7,2,30,25,21,32,7,29,0,11,24,29,7,21,35,21,14,30,34,29,14,24,33,32,17,8,22,16,22,0,41,23,15,0,27,0,27,27,28,18,34,38,19,26,0,39,2,14,9,27,34,27,34,28,28,22,24,0,23,25,18,28,33,24,30,32,33,39,14
1871,34,12,18,29,0,26,31,32,24,23,26,11,30,29,36,31,15,20,22,30,25,16,17,22,18,26,35,7,2,30,25,21,32,7,29,0,11,24,29,7,21,35,22,14,30,34,29,14,24,33,32,17,8,23,17,22,0,41,23,16,0,28,0,27,27,28,18,34,38,19,26,0,38,2,14,9,27,34,27,33,28,28,22,24,0,23,25,18,28,34,24,30,32,33,39,14
1872,33,12,18,28,0,26,32,32,25,23,26,11,30,29,36,31,15,21,22,30,25,16,18,23,18,26,35,7,2,30,25,21,32,7,29,0,11,24,29,7,21,35,22,14,30,34,28,14,24,33,32,17,8,23,17,22,0,40,23,16,0,28,0,27,27,29,18,34,38,19,26,0,38,2,14,9,27,34,27,33,28,28,21,23,0,23,25,18,28,34,24,30,32,32,39,14
1873,33,12,18,29,0,26,33,32,25,23,27,11,30,29,36,31,15,21,22,30,25,16,18,23,18,26,35,7,2,30,25,21,32,7,29,0,11,24,29,7,21,37,22,14,30,34,28,14,24,33,31,18,8,23,17,22,0,40,23,16,0,28,0,27,27,29,18,34,38,19,26,0,37,2,14,9,27,34,27,34,28,28,21,23,0,23,25,18,28,34,24,30,32,33,38,15
1874,33,12,18,29,0,25,33,32,25,23,27,11,30,29,36,30,15,21,22,30,25,16,18,23,18,26,35,7,2,29,25,21,32,7,29,0,11,24,29,7,21,37,22,14,30,34,28,14,25,33,31,18,8,23,17,22,0,40,23,16,0,28,0,27,27,29,18,34,38,19,26,0,37,2,14,9,27,34,27,35,28,28,21,23,0,23,25,18,28,34,24,30,32,33,38,15
1875,32,12,18,29,0,25,33,32,25,23,27,11,30,29,36,30,15,21,22,30,25,16,18,23,18,26,35,7,2,29,26,21,32,7,29,0,11,24,30,7,21,37,22,14,30,34,29,14,25,33,31,18,8,23,17,22,0,40,23,16,0,28,0,27,27,28,18,34,37,19,26,0,37,2,14,9,27,36,27,35,28,28,21,22,0,23,25,18,28,34,24,30,32,33,38,15
1876,32,12,18,29,0,25,33,33,25,23,27,11,30,29,36,30,15,21,22,30,25,16,18,23,18,26,35,7,2,29,26,21,32,7,29,0,12,25,30,7,21,37,22,14,30,34,29,14,25,33,31,18,8,23,17,22,0,40,23,16,0,28,0,27,27,28,18,34,37,19,26,0,37,2,14,9,27,36,27,35,28,28,21,22,0,23,26,18,28,34,24,30,32,33,38,15
1877,32,13,18,29,0,25,33,33,25,23,28,11,30,29,36,30,15,21,22,30,25,16,18,23,18,27,35,7,2,29,26,21,32,7,29,0,12,25,30,7,21,37,22,14,30,34,29,14,25,33,31,18,8,23,17,22,0,40,23,16,0,28,0,27,28,28,18,34,37,18,26,0,37,2,14,9,26,36,27,35,28,28,21,22,0,23,26,18,29,34,24,30,32,33,38,16
1878,32,13,18,29,0,25,33,34,25,23,28,11,30,29,36,30,15,21,23,30,25,16,18,23,18,27,35,7,2,28,26,21,32,7,29,0,12,25,30,7,21,37,22,14,30,35,29,14,25,32,31,18,8,23,17,24,0,40,23,16,0,28,0,27,28,28,18,35,37,18,26,0,37,2,14,9,26,36,27,35,28,28,21,22,0,23,26,18,31,34,23,30,32,33,38,16
1879,32,13,18,29,0,25,33,35,25,23,28,11,30,29,36,30,15,21,23,30,25,16,18,23,18,27,35,7,2,28,26,21,32,7,29,0,13,25,30,7,21,37,22,14,30,35,29,14,25,33,31,18,8,23,16,24,0,40,23,16,0,28,0,28,29,28,18,35,37,18,26,0,37,2,14,9,26,36,27,35,28,27,21,22,0,23,26,18,31,35,23,30,32,33,38,16
1880,32,13,19,29,0,25,33,35,25,23,28,11,30,28,36,30,15,22,23,30,26,16,18,24,18,27,35,7,2,28,26,21,32,7,29,0,14,25,30,7,22,37,22,14,29,35,29,15,25,33,33,18,8,23,16,24,0,40,23,16,0,28,0,28,29,28,18,35,37,18,27,0,36,2,14,9,26,36,27,35,28,27,21,22,0,23,26,18,31,35,23,30,32,33,38,16
1881,32,13,19,30,0,25,33,34,25,23,28,11,30,29,36,30,15,23,23,30,26,16,18,24,18,27,35,7,2,27,26,22,33,7,29,0,14,25,30,7,21,37,22,14,29,35,29,16,25,33,33,18,8,23,16,24,0,40,23,16,0,28,0,28,29,28,18,35,37,18,27,0,36,2,14,9,26,35,28,35,28,27,21,22,0,23,26,18,31,35,23,29,32,33,38,16
1882,32,13,19,30,0,26,34,34,25,23,28,11,30,29,36,30,15,23,23,30,26,15,18,24,18,28,35,7,2,28,27,22,34,7,29,0,14,25,30,7,21,37,22,14,30,35,29,17,25,33,33,18,8,23,16,24,0,40,23,16,0,28,0,28,30,28,18,35,37,18,27,0,36,2,14,9,26,35,28,35,27,27,21,22,0,23,26,18,31,35,23,29,31,34,38,16
1883,32,13,19,30,0,26,34,34,24,23,28,12,30,29,37,30,14,23,23,31,26,15,18,24,18,28,35,7,2,28,27,22,34,7,29,0,14,25,30,7,21,37,21,14,30,35,29,17,24,33,33,18,8,23,16,24,0,40,23,16,0,28,0,28,30,28,18,35,37,17,27,0,37,2,14,9,26,35,28,36,27,27,21,22,0,24,26,18,31,35,23,29,32,34,38,15
1884,32,13,19,30,0,26,34,34,24,23,27,12,30,29,37,30,14,23,23,31,25,15,18,24,18,28,35,7,2,28,26,22,34,7,29,0,14,25,30,7,21,37,21,14,30,35,29,17,24,32,33,18,8,23,16,24,0,40,23,16,0,28,0,28,31,28,18,35,37,17,27,0,37,2,14,9,26,35,28,37,28,27,21,22,0,24,26,18,31,35,22,30,32,34,38,15
1885,32,13,19,30,0,26,34,34,24,23,27,12,30,29,37,30,15,24,23,30,25,15,18,24,19,28,35,7,2,28,26,22,34,7,29,0,14,25,31,7,21,37,21,14,30,35,29,17,25,32,33,18,8,23,17,24,0,40,23,16,0,28,0,28,31,28,18,35,37,17,27,0,37,2,14,9,26,35,28,38,28,27,21,22,0,24,26,18,31,35,22,30,32,34,37,15
1886,32,13,19,30,0,27,34,34,24,23,27,12,30,29,37,29,15,25,23,31,25,15,18,24,18,28,35,7,2,29,26,22,34,7,29,0,14,24,31,7,21,37,21,14,30,35,29,17,24,33,33,18,8,23,17,24,0,40,23,16,0,28,0,28,31,28,18,35,37,17,27,0,37,2,14,10,26,35,28,38,28,28,21,23,0,24,27,18,30,35,22,30,32,33,37,15
1887,32,13,19,30,0,27,34,34,24,23,27,12,30,29,37,29,15,25,23,31,25,15,18,24,18,28,35,7,2,29,26,22,34,7,29,0,14,24,31,7,21,37,21,14,29,35,29,17,24,33,33,18,8,23,17,24,0,40,23,17,0,28,0,28,31,28,18,35,37,17,27,0,37,2,14,10,26,35,29,39,28,28,22,23,0,22,27,19,31,35,22,30,32,33,38,15
1888,32,13,19,30,0,27,33,34,24,22,27,12,30,30,37,29,15,25,23,31,25,15,18,24,18,28,35,7,2,29,26,23,34,6,30,0,14,25,31,7,21,37,21,14,29,35,29,17,24,33,33,18,8,23,17,24,0,40,23,17,0,28,0,28,31,28,18,35,38,17,27,0,37,2,14,10,26,35,29,39,28,28,22,23,0,22,27,19,31,35,22,30,32,32,39,15
1889,31,13,19,30,0,27,33,34,24,22,27,13,30,30,37,29,15,26,23,31,25,15,18,24,18,28,35,7,2,30,26,23,34,6,30,0,14,25,31,7,20,37,21,14,29,35,29,17,24,34,33,18,8,24,17,24,0,39,23,17,0,29,0,28,32,28,18,35,38,17,27,0,37,2,14,10,26,35,29,39,27,28,22,23,0,22,27,19,31,34,22,30,32,32,39,15
1890,31,13,19,30,0,27,33,34,24,22,27,13,31,30,37,29,15,26,23,31,25,15,19,24,18,28,35,7,2,31,26,23,34,6,30,0,14,26,31,7,20,37,21,14,29,35,29,18,24,34,33,18,8,25,17,25,0,39,23,17,0,29,0,29,33,28,18,35,38,17,27,0,37,2,14,10,26,35,28,39,27,28,22,23,0,22,27,19,32,33,22,30,32,32,39,15
1891,31,13,19,30,0,27,33,35,24,22,27,13,31,30,37,30,16,26,23,31,25,15,19,24,18,29,35,7,2,32,25,23,34,6,30,0,14,26,31,7,20,37,20,14,29,35,29,18,24,35,33,18,8,25,18,26,0,39,23,17,0,29,0,29,33,28,19,35,38,17,27,0,38,2,14,10,26,34,28,39,27,28,22,23,0,22,27,19,32,33,22,30,32,32,39,16
1892,31,13,19,31,0,27,33,35,25,22,27,14,31,30,37,32,16,26,23,31,25,15,19,24,18,29,35,7,2,32,25,23,34,6,30,0,14,26,29,7,20,37,20,14,29,35,29,18,24,35,33,18,8,25,19,26,0,40,23,17,0,29,0,29,33,27,19,35,38,17,27,0,38,2,15,10,26,34,28,39,27,28,22,23,0,22,27,19,33,33,22,30,32,34,39,16
1893,31,13,19,31,0,27,33,37,25,22,27,14,31,30,37,32,16,26,23,31,25,15,19,24,18,30,35,7,2,32,25,24,34,6,31,0,14,27,29,7,19,37,19,14,29,35,29,18,24,35,33,19,8,25,19,26,0,40,24,17,0,29,0,29,33,27,19,35,37,16,27,0,38,2,15,10,27,34,28,39,27,28,22,23,0,22,27,19,34,34,22,30,32,35,39,16
1894,31,13,19,31,0,27,33,37,26,22,27,14,31,30,37,32,16,26,23,31,25,16,19,24,18,29,35,7,2,32,25,24,34,6,31,0,14,27,29,7,19,37,19,15,29,35,29,18,24,36,33,19,8,25,19,26,0,40,24,18,0,29,0,29,33,27,19,36,37,16,27,0,38,2,15,10,27,34,28,39,27,28,22,23,0,22,27,19,33,34,22,30,32,35,39,16
1895,31,13,19,30,0,27,33,37,26,22,27,14,31,30,37,32,17,26,23,32,25,16,19,24,18,29,35,7,2,32,24,24,34,6,31,0,14,29,29,7,19,37,19,15,29,35,29,18,24,36,33,19,8,25,19,26,0,38,24,18,0,28,0,29,33,27,19,36,38,16,27,0,38,2,15,10,27,34,27,40,27,28,22,23,0,22,27,19,33,34,22,31,32,34,39,16
1896,31,13,19,30,0,27,33,37,26,22,27,14,31,30,37,32,17,26,24,32,25,16,19,24,18,29,35,7,2,32,24,24,34,6,31,0,14,29,29,7,19,37,19,15,29,35,30,18,24,36,33,19,9,25,19,26,0,38,24,19,0,28,0,29,33,26,19,35,38,16,27,0,38,2,15,10,27,35,27,40,27,28,22,24,0,22,27,19,33,35,22,31,32,34,39,16
1897,31,13,19,30,0,26,33,37,26,22,28,14,32,30,37,32,17,26,24,32,26,16,19,23,18,29,36,7,2,33,24,24,34,5,31,0,14,29,29,7,19,37,19,15,29,35,30,18,24,36,33,19,9,25,19,26,0,39,24,18,0,28,0,29,33,26,19,35,38,17,27,0,38,2,15,10,27,35,27,40,27,28,22,24,0,22,26,19,33,35,22,30,32,34,38,16
1898,31,13,19,30,0,26,34,37,26,22,28,14,32,30,37,32,17,26,24,32,26,16,19,21,18,29,36,7,2,34,24,24,34,5,31,0,14,29,29,7,19,37,19,15,29,35,30,18,24,36,34,19,9,25,20,26,0,39,24,18,0,28,0,29,33,26,19,35,39,17,27,0,38,2,15,10,27,35,27,40,27,28,22,24,0,22,26,19,33,35,23,30,32,34,38,16
1899,31,13,19,30,0,26,34,37,26,22,28,14,32,30,37,32,17,26,24,32,26,16,19,20,17,29,36,7,2,34,24,24,34,5,31,0,14,29,29,7,19,37,19,15,29,35,30,18,24,36,35,19,9,25,20,26,0,39,24,18,0,27,0,29,33,26,20,34,39,17,28,0,38,2,15,10,27,36,27,40,27,29,21,24,0,22,26,19,32,35,23,30,32,34,38,16
1900,31,13,19,30,0,26,34,37,26,22,28,14,31,30,37,32,18,26,24,32,26,16,19,20,17,29,37,7,2,34,24,24,34,5,30,0,14,29,29,6,19,37,19,15,29,35,31,18,24,36,35,19,9,25,20,26,0,39,24,18,0,26,0,29,33,26,20,34,39,17,28,0,38,2,15,10,28,36,27,40,27,29,21,24,0,22,26,19,32,35,23,30,32,34,38,16
1901,31,13,19,29,0,26,34,37,26,22,28,14,31,30,37,31,18,26,24,32,25,16,19,20,17,29,38,7,2,34,24,24,34,5,30,0,14,29,29,6,20,37,19,15,29,35,31,18,24,36,35,19,9,26,20,26,0,39,25,18,0,26,0,29,33,26,20,34,39,17,28,0,38,2,15,10,28,36,27,40,28,29,21,24,0,23,26,19,33,35,23,30,32,35,39,16
1902,31,13,19,29,0,26,35,37,26,22,28,14,30,31,37,31,18,26,24,32,25,16,19,20,17,29,38,7,2,34,24,24,34,5,30,0,14,30,29,6,20,37,19,15,29,35,31,19,24,36,35,19,9,25,20,26,0,39,25,18,0,26,0,28,33,27,20,34,39,17,28,0,38,2,15,10,28,36,27,40,28,29,21,23,0,23,26,19,33,35,23,30,32,35,39,16
1903,31,13,19,29,0,26,36,36,26,22,27,14,29,31,38,31,18,26,24,32,26,16,19,20,16,30,38,7,2,34,24,24,34,5,31,0,14,30,29,6,20,37,19,15,29,35,31,19,24,36,34,19,9,26,20,26,0,40,25,18,0,26,0,28,33,27,20,35,39,18,28,0,38,2,15,10,28,36,27,40,29,29,21,23,0,23,26,19,33,35,24,30,32,35,39,16
1904,31,13,19,29,0,26,36,36,26,22,27,14,29,31,38,31,18,26,24,32,26,16,18,20,16,30,38,7,2,34,24,24,34,5,32,0,14,30,28,6,20,37,19,16,29,34,31,19,24,36,34,19,9,26,20,26,0,40,24,18,0,26,0,29,33,27,19,35,39,18,29,0,38,2,16,10,28,36,27,40,29,29,22,24,0,23,26,19,33,35,24,30,32,35,39,16
1905,31,13,19,29,0,26,37,36,26,22,27,14,29,31,40,31,18,27,25,32,26,16,18,20,16,30,38,7,2,34,24,24,34,5,32,0,14,30,28,6,20,37,18,16,29,34,31,19,24,36,34,19,9,26,20,25,0,40,23,18,0,26,0,29,33,27,19,35,39,18,29,0,38,2,16,11,28,36,27,41,29,29,22,24,0,23,26,19,33,35,24,30,32,35,38,16
1906,32,13,19,29,0,26,37,36,26,22,27,14,29,32,41,31,18,27,25,32,26,16,18,22,17,31,38,7,2,34,24,24,34,5,32,0,14,30,27,6,20,37,18,16,29,34,31,19,24,36,33,19,9,26,20,25,0,40,23,18,0,26,0,29,33,28,19,36,39,18,29,0,39,2,16,11,28,36,27,41,29,29,22,24,0,23,26,19,33,35,23,30,32,35,38,16
1907,32,13,18,29,0,26,37,36,26,23,27,14,29,32,41,31,18,28,25,32,26,16,18,21,17,31,39,7,2,35,24,24,34,5,32,0,14,30,27,6,20,38,18,16,29,34,31,19,25,36,33,19,9,25,20,25,0,40,23,18,0,26,0,29,33,29,19,35,39,18,29,0,38,2,16,11,28,36,27,41,29,29,21,24,0,23,26,19,34,35,24,30,32,35,38,16
1908,32,13,18,29,0,26,36,36,26,23,27,14,29,32,41,31,18,28,25,31,26,16,18,21,17,30,39,7,2,35,24,24,34,5,31,0,14,30,27,6,20,37,18,16,29,34,31,19,26,36,35,19,9,26,20,26,0,40,24,18,0,26,0,29,33,29,19,35,39,19,29,0,38,2,16,11,28,36,27,40,29,29,21,24,0,24,26,19,34,35,25,30,32,35,38,16
1909,32,13,18,29,0,26,36,36,26,23,28,13,29,32,41,31,18,28,25,31,26,16,18,21,17,30,39,7,2,35,24,24,34,5,31,0,14,30,27,5,20,37,18,16,28,34,31,19,26,36,35,19,9,26,20,26,0,40,24,20,0,26,0,29,33,29,20,35,39,19,29,0,38,2,16,11,28,36,28,40,28,30,21,24,0,23,26,19,34,35,25,30,32,35,38,16
1910,32,13,18,29,0,26,36,36,26,23,28,13,29,32,41,31,18,28,25,31,26,16,18,21,17,30,39,7,2,35,24,24,35,5,31,0,14,30,28,5,20,38,18,15,28,36,31,19,26,36,35,19,10,26,20,26,0,40,24,20,0,26,0,29,34,29,20,35,39,19,29,0,38,2,16,12,29,36,28,40,28,30,21,24,0,23,26,19,34,35,25,29,32,35,38,16
1911,33,13,18,29,0,25,36,36,26,22,28,13,29,32,42,31,18,28,24,31,26,16,18,21,17,30,39,7,2,35,24,24,35,5,31,0,14,30,27,5,20,37,18,15,28,36,31,19,26,36,35,20,10,26,19,27,0,40,24,19,0,26,0,29,34,29,20,34,39,19,29,0,38,2,16,12,29,36,28,40,28,30,21,24,0,23,26,19,34,35,25,29,32,34,38,16
1912,33,13,18,29,0,25,36,36,26,22,28,13,29,32,42,31,19,28,25,31,26,16,18,21,17,30,39,7,2,35,25,24,35,5,31,0,15,31,27,5,20,37,18,14,28,36,31,20,26,36,35,20,10,26,19,27,0,40,24,19,0,27,0,29,34,29,20,34,39,19,29,0,38,2,16,12,29,36,28,40,28,30,21,24,0,23,26,19,34,35,25,29,32,34,37,16
1913,33,13,18,29,0,25,36,36,27,22,27,13,29,32,42,31,19,28,25,32,27,16,18,21,17,30,40,7,2,35,25,24,35,5,31,0,15,31,27,5,20,37,18,15,28,36,31,21,26,36,35,20,10,26,20,26,0,40,24,19,0,27,0,29,34,29,20,33,39,19,29,0,38,2,17,12,29,37,27,41,28,30,21,24,0,23,26,19,34,36,25,29,33,34,37,16
1914,33,13,18,29,0,25,36,36,27,22,28,13,29,32,41,32,19,28,25,31,28,17,18,21,17,30,40,7,2,35,25,24,35,5,31,0,15,32,27,5,20,37,18,15,28,36,31,21,26,36,34,20,10,26,20,26,0,40,25,19,0,27,0,29,34,29,20,33,39,19,28,0,39,2,17,12,29,36,27,41,28,30,21,24,0,23,26,18,34,36,25,29,33,35,37,16
1915,33,13,18,29,0,25,36,36,27,22,28,13,29,31,40,32,20,28,25,31,28,17,18,21,17,30,40,7,2,35,25,24,35,5,31,0,15,32,27,5,20,37,18,15,28,36,31,21,26,37,34,19,10,26,20,26,0,40,25,19,0,27,0,28,34,29,20,33,39,20,30,0,39,2,17,13,29,37,27,41,28,30,21,24,0,23,26,18,34,36,26,29,33,35,37,16
1916,33,13,18,29,0,25,36,36,26,22,29,13,30,31,40,32,20,28,25,30,28,17,18,21,16,30,40,7,2,35,25,24,35,5,31,0,15,32,27,5,20,37,18,15,28,36,31,21,26,37,36,19,10,26,20,26,0,40,25,19,0,27,0,28,34,29,20,33,38,20,30,0,39,2,17,15,29,37,27,41,28,30,21,24,0,23,27,18,34,35,26,29,33,35,37,16
1917,33,13,18,29,0,26,36,36,26,23,29,13,30,31,41,32,20,28,26,30,28,17,18,21,16,30,40,7,2,35,25,24,35,5,31,0,15,32,26,5,21,37,18,15,29,35,31,21,25,36,36,19,10,26,20,26,0,40,25,19,0,27,0,28,34,29,20,33,38,20,30,0,39,2,17,15,29,37,27,41,28,30,21,24,0,23,27,18,34,35,26,29,33,35,38,16
1918,33,13,18,29,0,26,36,37,26,23,30,13,30,31,41,32,20,28,26,31,28,17,18,21,16,30,39,7,2,35,24,24,35,5,30,0,15,32,26,5,21,37,18,15,29,35,32,21,25,36,35,19,10,26,21,27,0,40,25,19,0,27,0,28,34,29,20,34,38,20,30,0,39,2,17,15,29,37,27,41,28,30,21,24,0,23,28,18,35,36,26,29,33,36,38,16
1919,33,13,18,30,0,26,37,37,26,23,31,13,30,32,41,33,20,28,26,32,28,17,18,21,16,30,39,7,2,35,24,24,35,5,30,0,15,32,25,5,21,37,19,15,28,35,32,21,25,37,35,19,10,26,21,27,0,40,25,20,0,27,0,28,34,29,20,34,38,20,30,0,39,2,17,15,29,36,27,42,28,30,21,24,0,24,28,18,35,36,26,30,33,36,38,16
1920,33,13,18,31,0,26,37,37,26,23,31,13,30,32,41,32,20,28,26,32,28,17,18,21,16,30,39,7,2,35,24,24,35,5,30,0,15,32,25,5,21,37,19,15,28,35,32,21,25,37,35,19,10,26,21,27,0,40,25,20,0,27,0,28,34,29,20,34,38,20,30,0,38,2,17,15,29,36,27,42,28,30,21,24,0,24,28,18,34,37,26,30,33,36,37,16
1921,33,13,18,31,0,26,37,37,26,23,31,14,30,32,41,32,21,28,26,33,28,17,17,21,16,30,40,7,2,34,25,24,35,5,30,0,15,32,25,7,21,37,19,15,28,35,32,21,25,38,35,19,10,26,21,27,0,40,25,20,0,27,0,28,34,29,20,34,39,20,30,0,38,2,17,15,30,36,27,42,28,30,21,24,0,24,28,18,34,37,25,30,34,36,37,16
1922,34,13,18,31,0,26,37,37,26,23,30,15,30,32,41,32,21,28,26,34,28,17,17,21,16,30,40,7,2,34,26,23,35,5,30,0,15,32,25,7,21,37,19,15,29,35,31,21,25,39,35,19,10,25,21,27,0,40,25,20,0,27,0,28,34,29,20,35,38,20,30,0,38,2,18,15,30,36,27,42,28,30,22,24,0,24,27,18,34,37,25,30,34,36,37,16
1923,33,14,18,31,0,26,36,37,26,23,30,15,30,32,41,32,21,28,26,35,28,17,17,21,16,30,40,7,2,34,26,24,35,5,30,0,15,32,25,7,21,37,19,15,29,35,31,21,25,39,36,19,10,25,21,27,0,41,25,20,0,27,0,28,33,29,20,34,38,21,30,0,38,2,18,15,30,36,27,42,29,31,22,24,0,24,27,18,34,37,26,31,34,36,38,16
1924,33,14,18,31,0,26,37,37,26,22,30,15,30,31,41,32,21,28,26,35,28,17,18,20,16,30,39,7,2,33,27,24,35,5,30,0,15,32,25,7,21,37,19,15,29,35,31,21,25,39,36,21,10,25,21,27,0,42,26,20,0,27,0,28,33,29,20,34,38,21,30,0,39,2,18,15,30,36,27,42,29,31,22,24,0,24,26,18,34,37,26,31,34,36,38,16
1925,33,14,19,31,0,26,37,37,26,22,30,15,30,31,41,32,21,28,26,35,28,17,18,20,16,30,39,7,2,33,27,24,35,5,30,0,15,32,25,7,21,37,19,15,29,35,32,21,25,39,36,21,10,26,22,27,0,42,26,20,0,27,0,28,33,29,20,34,38,21,30,0,39,2,18,15,30,36,27,42,29,31,22,25,0,24,26,18,34,37,26,32,34,36,38,16
1926,33,14,19,31,0,26,37,36,26,22,30,15,30,31,41,32,21,28,26,35,28,17,18,20,16,30,39,7,2,33,27,24,35,5,30,0,15,32,25,7,21,37,19,14,29,36,32,21,25,39,36,21,10,26,22,27,0,42,26,20,0,27,0,28,33,29,21,35,38,20,30,0,39,2,17,15,31,36,27,42,29,32,22,25,0,24,26,18,34,37,26,32,34,38,38,16
1927,33,14,19,31,0,26,37,36,26,22,30,15,30,31,41,32,22,28,26,35,28,17,18,20,16,31,38,7,2,34,27,24,35,5,29,0,15,32,25,7,21,37,19,14,29,36,32,21,25,39,36,21,10,26,22,27,0,42,26,20,0,27,0,28,34,29,21,36,38,20,30,0,39,2,17,15,31,36,27,41,29,32,22,25,0,24,26,18,34,37,26,34,35,38,38,16
1928,33,15,20,31,0,26,37,36,26,22,30,15,30,31,41,32,22,28,26,35,28,17,18,20,16,31,38,7,2,34,27,24,35,5,29,0,15,32,25,7,21,37,19,14,29,36,32,21,25,39,35,21,10,26,22,27,0,42,26,20,0,27,0,28,34,29,21,36,38,20,29,0,39,2,17,15,31,36,27,41,29,32,22,25,0,24,26,18,34,38,26,34,34,38,39,16
1929,33,15,19,31,0,26,37,36,26,22,30,15,31,31,41,32,22,28,26,35,29,17,19,20,16,31,38,7,2,34,27,25,36,5,27,0,15,32,26,7,21,38,19,14,29,36,32,21,25,38,35,21,10,26,22,27,0,42,26,20,0,27,0,28,34,30,21,37,38,21,29,0,39,2,17,15,31,35,27,42,29,32,23,25,0,24,26,18,34,38,26,34,34,38,41,17
1930,33,15,19,31,0,26,37,36,27,22,30,15,31,31,41,32,22,28,26,35,29,18,19,20,16,32,38,7,2,35,27,25,36,5,27,0,15,32,26,7,22,38,19,14,29,36,32,21,26,38,35,23,10,26,22,28,0,42,27,22,0,27,0,27,35,29,21,37,38,21,29,0,39,2,17,15,31,35,27,42,29,32,23,25,0,25,26,18,34,38,26,34,34,38,41,17
1931,33,15,19,31,0,26,37,36,27,22,30,15,31,31,41,32,22,28,26,35,29,18,19,20,16,32,38,7,2,35,27,25,36,5,27,0,15,33,26,7,22,38,19,14,29,35,32,21,26,38,35,23,10,26,23,28,0,42,27,22,0,27,0,27,35,29,21,37,38,21,30,0,39,2,17,15,31,36,27,43,29,32,23,24,0,25,26,18,34,38,26,34,34,38,41,17
1932,33,16,19,31,0,26,38,36,27,22,30,15,32,31,41,32,22,28,26,35,29,18,19,20,16,32,38,7,2,35,27,24,36,5,28,0,15,32,26,7,22,38,19,14,29,35,33,21,26,39,34,23,10,27,24,28,0,41,27,22,0,27,0,27,35,29,22,36,38,21,30,0,39,2,17,15,31,36,27,43,29,32,23,25,0,25,26,18,34,38,26,34,34,38,41,17
1933,33,16,19,31,0,26,38,36,27,22,30,15,32,32,40,32,22,28,26,36,29,18,19,20,17,32,38,7,2,36,27,24,36,5,28,0,15,32,26,7,22,38,19,14,29,35,33,21,26,39,34,23,10,27,24,27,0,41,27,22,0,28,0,27,35,29,22,36,37,22,30,0,39,2,17,15,31,35,27,43,29,32,23,25,0,25,27,18,34,38,28,34,34,38,42,17
1934,33,16,20,31,0,26,37,36,27,21,29,15,32,32,40,32,22,28,26,36,29,17,19,20,17,32,38,7,2,35,27,24,36,5,28,0,15,32,26,7,22,38,19,14,29,35,33,21,26,39,34,23,11,27,25,27,0,41,27,22,0,28,0,27,35,29,22,37,37,22,30,0,40,2,17,16,31,35,28,44,29,32,23,25,0,25,27,18,34,38,28,33,34,38,42,18
1935,33,17,20,31,0,26,37,35,27,21,29,15,32,32,40,33,22,27,26,37,29,17,19,20,17,32,38,7,2,35,27,24,36,5,28,0,15,33,26,7,22,38,19,15,29,35,33,21,26,39,35,23,11,27,25,27,0,41,26,22,0,28,0,27,35,29,23,37,36,22,30,0,40,2,17,16,31,35,28,44,29,32,23,25,0,25,27,18,34,38,28,33,34,38,42,18
1936,30,16,20,31,0,26,38,35,27,21,29,15,32,33,40,33,22,26,26,37,30,18,19,20,17,32,38,7,2,35,27,24,35,5,28,0,15,33,26,7,22,38,19,15,29,35,33,21,26,39,35,23,11,27,26,27,0,41,26,22,0,28,0,27,35,30,23,37,36,23,30,0,40,2,17,16,31,36,28,45,29,32,24,25,0,25,27,18,34,38,28,33,35,38,42,18
1937,30,16,19,31,0,25,38,36,27,21,29,15,32,33,40,33,22,26,26,37,30,18,19,20,17,33,38,7,2,35,27,24,35,5,28,0,15,33,26,9,22,38,19,15,30,35,33,21,26,39,35,23,11,27,26,27,0,41,26,22,0,28,0,27,35,31,23,37,36,23,30,0,40,2,18,16,31,36,28,45,29,32,24,24,0,25,27,18,34,38,28,34,35,38,42,19
1938,30,16,19,31,0,25,38,36,28,21,29,15,31,33,40,33,22,26,26,37,30,18,19,20,17,33,38,7,2,35,27,24,35,5,28,0,15,33,26,9,22,38,19,15,30,35,33,21,26,39,35,23,11,27,26,27,0,41,26,22,0,28,0,27,35,31,23,37,36,24,30,0,40,2,18,17,32,36,28,45,30,32,24,24,0,25,27,18,34,39,28,33,35,39,42,19
1939,30,16,19,31,0,25,39,36,28,21,29,15,31,33,40,33,23,26,26,37,30,18,19,20,17,33,38,7,3,35,27,24,34,5,28,0,15,32,26,9,22,38,20,15,30,36,33,21,26,38,35,24,11,27,27,27,0,41,25,22,0,28,0,27,33,30,23,37,36,24,30,0,39,2,18,17,32,36,26,44,31,31,24,24,0,25,27,18,34,39,27,33,35,39,41,19
1940,30,16,20,31,0,25,39,36,28,21,30,15,31,33,40,33,23,26,26,38,31,18,19,21,17,33,38,7,3,35,27,24,34,5,28,0,14,32,26,10,22,38,20,14,31,36,33,21,26,39,35,26,11,27,27,27,0,42,25,22,0,28,0,28,33,31,22,37,36,25,30,0,39,2,18,17,33,36,26,43,31,31,25,25,0,25,27,18,34,39,27,33,34,39,41,19
1941,30,16,20,30,0,25,39,36,28,21,30,15,31,33,40,33,23,27,26,38,31,18,20,21,17,33,38,7,3,35,27,24,34,6,27,0,14,33,26,10,22,38,20,14,31,36,33,22,26,39,35,25,10,28,27,27,0,42,25,22,0,28,0,30,33,31,22,37,36,25,30,0,39,2,18,17,33,36,26,44,31,32,25,24,0,25,28,18,34,39,27,33,35,39,41,19
1942,30,16,20,30,0,25,39,36,28,21,30,15,31,33,40,33,22,27,26,37,31,18,20,21,17,33,38,7,3,36,27,24,34,6,26,0,13,35,26,10,22,38,20,14,31,36,33,22,26,39,35,25,10,28,27,27,0,42,25,22,0,28,0,30,33,32,22,37,36,25,30,0,39,2,19,17,33,36,26,44,31,32,26,24,0,25,28,18,34,39,27,33,35,39,41,19
1943,30,16,20,30,0,25,39,36,28,22,30,15,30,33,40,33,22,27,26,37,31,18,20,22,17,32,38,7,3,36,27,24,34,6,26,0,13,35,25,10,23,39,20,14,31,37,33,22,26,39,35,25,10,28,26,27,0,42,25,22,0,28,0,30,34,32,23,37,36,25,31,0,39,2,19,17,33,36,26,44,31,32,26,25,0,25,28,18,34,40,27,33,34,39,41,19
1944,29,16,20,30,0,25,39,36,28,22,30,15,30,33,40,33,22,27,26,37,31,18,20,23,17,32,38,7,3,36,27,24,34,6,26,0,13,35,25,10,23,39,21,14,31,37,32,21,26,39,35,25,10,28,26,27,0,42,25,22,0,28,0,30,34,32,24,36,36,25,31,0,39,2,19,17,33,36,27,44,32,32,26,24,0,25,28,18,34,40,27,32,34,40,41,19
1945,29,16,20,30,0,25,38,36,28,22,30,16,30,33,40,33,22,27,26,37,31,18,20,23,17,32,38,7,2,36,27,24,34,6,26,0,13,35,25,10,23,40,21,14,31,37,32,22,26,40,35,25,10,28,26,27,0,41,25,22,0,28,0,30,34,33,24,36,36,25,31,0,39,2,19,17,33,36,27,44,32,32,27,24,0,25,28,18,34,40,27,32,33,40,41,19
1946,29,16,20,30,0,25,38,36,27,23,30,16,31,33,40,33,22,27,26,37,31,18,20,23,17,31,38,7,2,36,27,24,35,6,26,0,13,35,25,10,24,40,21,14,31,37,33,22,25,40,35,25,10,27,26,27,0,41,25,23,0,29,0,30,34,33,24,36,36,26,31,0,39,2,20,17,34,36,28,44,32,32,27,24,0,25,28,18,34,39,27,32,33,40,41,19
1947,29,16,20,30,0,25,39,35,27,23,30,16,31,33,40,34,22,27,26,37,31,18,20,23,17,30,38,7,2,36,27,23,35,6,26,0,13,35,25,11,24,40,21,14,31,38,33,22,25,40,35,25,10,27,26,27,0,41,25,23,0,29,0,30,34,33,24,36,36,26,31,0,39,2,20,17,34,36,29,44,32,32,27,24,0,24,28,18,34,39,27,33,33,40,41,18
1948,29,16,19,30,0,25,38,35,27,23,30,16,32,33,40,34,22,27,26,38,31,18,20,23,17,30,38,7,2,36,28,23,35,6,26,0,13,35,25,11,23,40,21,14,31,38,33,22,25,40,35,25,10,27,26,27,0,41,25,23,0,28,0,30,34,33,24,36,35,26,31,0,39,2,20,17,34,36,29,44,32,32,27,23,0,24,29,18,34,39,27,33,33,40,41,18
1949,29,16,19,30,0,25,38,35,26,23,30,16,32,33,40,34,22,27,26,38,31,18,20,23,17,30,38,7,2,36,28,23,36,6,27,0,13,35,25,11,23,40,21,14,33,38,33,22,25,40,35,25,10,27,26,27,0,41,26,23,0,28,0,30,34,35,24,36,35,26,31,0,39,2,20,17,34,37,30,44,32,32,26,23,0,24,29,18,34,39,28,33,33,40,42,18
1950,29,16,19,30,0,24,38,35,27,23,30,15,32,33,40,34,22,27,25,38,31,18,20,23,17,30,38,7,2,36,28,23,36,6,27,0,13,36,25,11,23,40,21,15,33,39,34,22,25,40,35,25,10,27,26,27,0,42,26,23,0,28,0,30,34,35,24,36,35,26,31,0,39,2,20,17,35,37,30,44,32,32,26,23,0,24,29,18,33,39,29,33,33,40,44,18
1951,29,15,19,30,0,24,38,35,27,23,30,15,32,32,40,34,22,27,25,38,31,18,20,23,17,30,38,7,2,36,28,23,36,6,28,0,13,36,25,11,23,40,21,15,33,40,34,22,25,40,35,25,10,27,26,27,0,42,26,23,0,28,0,30,35,34,24,36,36,26,32,0,39,2,20,18,35,37,30,44,32,32,26,23,0,24,29,20,33,39,29,33,34,40,45,18
1952,29,15,19,30,0,24,38,35,27,23,30,15,32,32,41,35,22,27,25,38,32,18,20,24,17,30,38,7,2,36,28,23,36,6,28,0,13,36,25,12,23,40,21,14,33,40,34,22,25,39,35,25,10,27,26,28,0,42,26,24,0,28,0,30,35,34,24,36,36,26,32,0,39,2,20,19,35,37,29,44,32,32,26,24,0,24,29,20,33,39,29,33,34,39,46,18
1953,29,15,20,31,0,24,39,35,27,23,30,15,32,32,41,35,22,27,26,38,32,18,20,24,18,30,38,7,2,36,28,23,36,6,28,0,13,36,25,12,23,40,21,14,32,40,34,22,25,39,35,25,10,28,27,28,0,42,26,24,0,28,0,30,35,34,24,35,36,26,31,0,39,2,21,19,35,36,29,44,32,32,26,24,0,24,29,20,33,40,29,33,34,40,46,18
1954,29,15,20,31,0,24,39,35,27,24,30,15,32,31,41,35,22,27,26,38,32,19,20,24,18,31,38,7,2,36,28,24,36,6,28,0,13,36,25,12,23,40,20,14,32,40,34,22,25,39,35,25,10,28,27,28,0,42,27,25,0,28,0,30,35,34,24,35,36,27,31,0,39,2,21,19,35,36,30,43,32,32,27,24,0,24,29,20,34,40,30,33,34,40,46,18
1955,29,15,20,31,0,24,39,35,27,24,30,15,32,32,42,35,22,27,26,38,33,19,21,24,18,31,38,7,2,36,28,24,36,6,28,0,13,36,25,12,23,40,20,14,32,40,34,22,25,39,35,24,10,29,27,28,0,43,27,25,0,28,0,30,35,34,25,35,36,27,32,0,39,2,21,19,35,36,30,42,31,32,27,23,0,24,29,20,35,40,30,33,34,40,46,18
1956,29,15,20,31,0,24,39,35,27,24,30,15,33,31,42,35,22,27,26,38,33,19,21,24,18,31,39,7,2,35,28,24,36,6,28,0,13,36,25,12,23,40,20,14,32,40,33,22,25,39,35,24,10,29,27,28,0,43,27,25,0,28,0,30,35,34,25,35,36,27,32,0,38,2,21,19,36,36,30,42,31,32,27,23,0,24,29,20,35,40,30,33,34,40,46,18
1957,29,15,21,31,0,24,39,35,28,25,30,15,33,31,42,35,22,27,26,38,33,19,22,24,20,31,39,7,2,35,28,24,36,6,28,0,13,38,24,12,23,40,21,15,32,40,32,22,25,40,35,24,10,29,27,29,0,43,27,25,0,28,0,30,35,34,25,35,35,27,31,0,38,2,21,19,36,36,30,42,31,32,27,23,0,24,30,20,35,40,30,33,34,40,46,18
1958,30,15,22,31,0,24,39,35,28,25,30,15,33,31,42,35,22,27,26,39,33,19,22,23,20,31,39,7,2,35,28,24,36,6,27,0,13,38,25,12,23,40,21,15,32,39,32,22,25,40,34,24,10,29,29,29,0,43,27,25,0,28,0,30,35,34,25,35,35,27,31,0,39,2,22,19,36,36,29,41,31,32,27,23,0,24,29,20,35,40,31,33,34,40,46,18
1959,30,15,23,31,0,24,40,35,28,25,30,15,33,31,42,35,22,27,25,39,34,19,22,23,20,32,39,7,2,35,29,24,36,6,27,0,13,38,25,12,23,40,21,15,32,39,32,22,25,40,34,24,10,29,29,29,0,43,27,25,0,28,0,30,35,34,25,35,35,27,31,0,39,2,22,19,35,36,30,41,31,32,26,23,0,24,29,20,35,40,31,33,34,40,46,18
1960,30,15,23,31,0,24,40,35,28,25,30,15,33,31,42,35,22,28,25,39,34,19,22,23,20,32,40,7,2,35,29,24,36,6,27,0,13,38,25,12,23,41,21,15,32,39,32,22,25,40,34,24,10,29,29,28,0,43,27,25,0,28,0,31,35,34,25,35,35,27,31,0,39,2,22,19,34,36,30,41,30,32,26,23,0,24,29,21,35,40,31,33,35,40,46,18
1961,30,15,23,31,0,24,41,35,28,25,29,15,33,31,44,35,22,28,25,39,34,19,22,23,20,32,40,7,2,35,29,24,36,6,27,0,13,38,25,12,23,41,21,15,32,40,32,22,25,40,34,24,10,29,29,28,0,43,28,25,0,28,0,31,34,34,25,35,35,27,31,0,39,2,23,19,34,35,30,41,30,32,26,23,0,24,29,21,35,40,32,33,35,40,46,18
1962,30,15,23,31,0,24,41,35,29,25,29,15,33,31,44,35,22,28,25,39,34,19,22,23,20,32,40,7,2,35,29,24,36,6,27,0,13,39,24,12,23,41,21,15,32,40,32,22,25,40,35,25,10,29,29,28,0,42,27,25,0,28,0,31,34,34,25,35,35,27,31,0,39,3,24,19,34,35,30,41,30,32,27,23,0,24,29,21,35,40,32,33,35,40,46,18
1963,30,15,24,31,0,23,42,34,30,25,29,15,33,31,44,35,21,28,25,39,34,19,22,23,20,32,40,7,2,35,30,24,36,6,27,0,13,39,24,13,23,41,21,15,32,41,32,22,25,41,35,25,10,29,29,29,0,42,27,25,0,29,0,31,34,34,25,35,35,27,31,0,39,3,24,19,34,35,30,41,30,32,27,23,0,24,29,22,35,40,32,33,35,41,46,18
1964,30,15,25,31,0,22,42,34,30,25,29,15,33,31,44,35,21,29,26,39,34,19,23,22,20,32,40,7,2,35,31,25,37,6,27,0,13,39,25,13,23,41,21,15,32,41,32,22,25,41,34,25,10,29,28,29,0,43,27,25,0,29,0,31,34,34,25,34,35,28,31,0,39,3,24,19,34,35,30,42,30,33,27,25,0,24,29,22,35,40,32,33,35,41,46,18
1965,29,15,25,31,0,22,41,34,30,25,29,15,33,31,45,35,21,29,26,39,34,19,23,22,20,32,40,7,2,35,31,25,38,6,28,0,13,39,25,14,23,41,21,16,33,41,32,22,25,41,34,25,10,30,28,29,0,43,29,25,0,29,0,31,34,34,25,33,35,28,31,0,39,3,23,21,34,34,30,42,30,33,27,25,0,24,29,22,35,40,32,34,35,41,46,18
1966,31,15,24,30,0,21,41,34,30,25,29,15,33,31,44,35,21,30,26,39,34,19,23,22,20,32,40,7,2,35,31,25,38,6,28,0,13,39,25,14,23,40,21,16,32,41,32,22,25,41,34,25,10,30,28,29,0,43,29,25,0,29,0,32,34,34,25,33,36,28,31,0,39,3,23,21,34,34,30,43,30,33,27,25,0,24,29,22,35,40,30,34,35,41,46,18
1967,31,15,24,31,0,21,41,34,30,25,29,15,33,31,44,35,22,30,26,39,34,19,23,22,20,32,40,8,2,35,31,25,38,7,28,0,13,39,25,15,24,41,22,16,32,41,32,22,25,41,34,26,10,30,28,29,0,43,30,25,0,29,0,32,34,34,25,33,36,28,31,0,38,3,23,20,34,34,30,43,30,33,27,25,0,24,29,22,35,40,30,34,35,41,46,19
1968,31,15,24,31,0,21,41,34,30,25,29,15,33,31,44,35,22,30,26,39,34,19,23,22,20,32,40,8,2,34,31,25,38,7,28,0,13,40,25,15,23,41,22,16,32,41,32,22,25,41,34,26,10,30,28,29,0,43,30,25,0,29,0,32,34,34,25,33,35,28,31,0,38,3,23,21,35,34,30,43,30,32,27,25,0,24,29,22,35,40,29,34,35,41,46,19
1969,31,15,24,31,0,21,41,34,30,26,30,15,33,31,44,35,22,30,27,40,34,19,23,23,20,32,40,8,2,33,31,25,38,8,28,0,13,40,25,15,23,41,22,16,32,41,32,22,25,40,34,26,10,30,28,29,0,43,30,25,0,29,0,32,34,34,25,33,35,28,31,0,38,3,23,21,34,34,30,43,30,32,27,26,0,24,29,22,36,40,29,34,35,42,46,19
1970,31,15,24,31,0,21,41,34,30,26,30,15,33,31,44,36,22,30,27,41,35,20,23,23,21,32,40,8,2,33,32,25,38,8,27,0,13,40,25,15,23,41,22,15,32,41,33,22,25,40,34,26,10,30,28,29,0,42,30,25,0,29,0,32,34,34,25,33,35,28,32,0,38,4,23,21,34,35,30,43,30,32,28,26,0,24,29,22,36,40,29,35,34,42,46,19
1971,30,15,24,31,0,21,41,34,30,27,30,15,33,31,44,36,22,30,28,41,35,20,23,23,21,32,40,8,2,33,32,25,38,8,27,0,13,40,25,15,23,41,22,15,32,41,33,22,25,40,34,26,10,30,28,29,0,42,30,25,0,29,0,32,35,34,25,32,35,28,32,0,39,4,22,21,34,35,30,43,30,32,28,26,0,24,30,22,36,39,29,35,36,42,46,19
1972,30,15,24,31,0,21,41,34,30,27,30,15,33,31,44,37,22,30,28,41,35,20,23,23,21,32,40,8,2,33,32,25,38,8,27,0,13,40,24,15,23,41,22,15,32,41,33,22,25,40,34,26,10,30,27,29,0,42,30,25,0,29,0,32,35,34,25,32,35,28,33,0,39,4,22,20,34,35,30,43,29,32,28,26,0,24,30,24,36,39,29,35,35,42,46,19
1973,30,15,24,31,0,21,41,34,30,27,29,15,34,31,44,37,22,30,28,41,35,21,23,23,21,32,40,8,2,33,32,25,39,8,28,0,12,40,25,15,23,42,22,15,32,40,34,21,25,40,34,27,10,30,27,29,0,42,29,26,0,29,0,32,35,34,25,32,35,28,33,0,39,4,22,20,34,35,30,43,29,32,28,26,0,24,30,24,36,39,31,35,35,42,46,19
1974,30,15,24,31,0,21,40,34,30,27,29,15,34,31,43,37,22,30,28,41,35,20,23,23,21,32,41,8,2,33,32,25,38,8,29,0,12,40,25,15,23,43,22,15,32,40,34,21,25,41,34,28,10,30,27,29,0,42,29,26,0,29,0,32,36,34,26,32,35,29,33,0,39,4,22,20,34,35,30,43,29,32,29,26,0,24,29,24,36,39,32,36,35,43,46,19
1975,30,15,24,31,0,21,40,34,30,27,29,15,34,31,44,37,23,29,28,41,35,20,23,23,21,34,42,8,2,33,32,24,39,8,29,0,12,40,25,15,23,43,22,15,32,40,34,21,25,41,34,28,10,30,27,29,0,42,29,26,0,29,0,32,36,34,27,32,35,29,33,0,39,4,22,20,34,35,30,43,29,32,29,26,0,24,29,24,36,38,32,36,35,43,46,19
1976,30,15,24,31,0,21,41,34,30,27,29,16,34,31,44,37,23,30,28,41,35,20,23,23,21,35,42,8,2,33,32,24,39,8,29,0,12,40,26,15,23,43,22,15,32,40,34,21,25,41,35,28,10,30,27,29,0,42,29,26,0,29,0,34,36,34,27,32,36,29,33,0,40,4,22,20,35,35,30,43,29,32,29,26,0,24,30,24,36,38,32,36,35,43,46,19
1977,30,15,24,32,0,21,41,34,31,28,30,16,34,31,44,37,23,31,28,41,34,20,23,23,21,35,42,9,2,33,32,24,39,8,29,0,12,41,26,15,23,42,22,15,32,40,34,21,25,42,35,28,10,30,27,29,0,42,29,26,0,29,0,34,36,34,27,32,36,29,33,0,40,4,22,20,35,36,30,43,29,34,29,26,0,24,30,24,36,38,32,36,36,43,47,19
1978,31,15,25,32,0,21,40,34,31,28,30,16,34,32,44,37,23,31,28,41,35,20,23,23,21,35,43,9,2,35,32,24,39,8,29,0,12,42,26,15,24,43,22,15,32,40,34,21,25,42,35,28,10,30,27,29,0,42,29,26,0,29,0,34,36,34,27,32,36,29,33,0,40,4,22,20,35,36,30,43,29,34,29,26,0,24,30,24,36,38,32,36,36,43,47,19
1979,31,16,25,32,0,20,40,34,31,28,30,16,34,32,44,37,23,31,28,41,35,19,23,23,21,35,43,9,2,35,32,24,39,8,29,0,12,42,26,15,24,43,22,14,31,41,34,21,26,42,35,28,11,30,27,29,0,42,29,26,0,29,0,34,36,34,27,32,36,29,33,0,40,4,22,20,36,36,30,43,29,34,29,27,0,24,30,24,36,38,32,37,36,43,47,19
1980,31,16,25,32,0,19,40,34,32,29,30,16,34,32,44,37,23,32,28,40,35,19,23,23,20,36,44,9,2,35,32,24,39,8,29,0,12,42,26,15,25,44,22,14,31,40,35,21,26,42,35,28,11,30,27,29,0,42,29,26,0,30,0,35,36,34,27,33,36,29,33,0,39,4,22,20,36,36,30,43,28,34,29,27,0,24,30,24,36,38,32,37,37,42,47,19
1981,31,16,25,32,0,19,40,34,32,29,30,16,34,32,43,37,23,32,28,41,35,19,23,23,20,36,44,9,2,35,32,24,39,8,29,0,12,43,26,15,25,44,23,15,31,40,35,21,26,42,35,27,11,31,27,29,0,42,29,26,0,30,0,35,36,35,27,33,37,28,34,0,39,4,22,20,36,36,30,43,28,34,29,27,0,24,30,24,36,38,32,37,37,42,47,19
1982,31,16,25,32,0,19,40,34,32,29,30,16,34,32,43,37,23,32,28,41,35,19,23,22,20,36,44,9,2,35,32,24,40,8,29,0,12,43,26,15,25,44,23,15,31,39,35,21,26,42,35,27,11,31,27,29,0,43,31,26,0,30,0,34,36,35,27,33,37,28,34,0,39,4,22,20,36,36,30,43,28,34,29,27,0,23,30,24,36,39,33,37,36,42,47,19
1983,32,16,25,32,0,19,40,34,32,29,30,16,34,32,44,37,23,32,28,41,35,20,23,22,20,36,44,9,2,35,32,24,40,8,29,0,12,43,26,15,25,44,24,15,31,39,35,21,26,42,35,27,11,30,28,29,0,43,31,26,0,30,0,34,36,35,28,34,37,28,34,0,39,4,22,20,36,37,30,41,28,34,29,27,0,23,30,24,36,39,33,37,36,41,47,20
1984,32,16,25,32,0,19,40,34,32,29,30,16,34,32,44,37,23,32,28,40,35,20,23,22,21,36,44,9,2,35,32,24,40,8,29,0,12,42,26,16,25,44,24,15,31,39,34,21,26,42,35,28,11,31,28,29,0,43,30,26,0,29,0,35,36,34,28,34,37,28,34,0,39,4,22,20,36,37,29,41,28,34,28,27,0,24,30,24,36,39,33,37,36,42,47,20
1985,33,16,25,32,0,20,39,34,32,29,30,16,35,32,44,37,23,32,28,40,35,21,23,22,21,36,43,9,2,35,32,25,40,8,29,0,12,43,26,16,25,44,24,15,31,40,34,21,26,41,35,29,11,31,28,29,0,43,30,25,0,29,0,35,36,34,28,34,37,28,34,0,39,4,22,20,36,37,29,40,28,34,27,27,0,23,30,24,36,40,33,37,36,42,47,20
1986,33,16,25,32,0,21,39,34,32,29,30,16,35,31,44,37,23,32,28,40,35,22,23,22,21,36,43,9,2,35,32,25,40,8,29,0,12,43,26,16,25,43,24,15,31,40,34,21,26,41,35,30,11,31,28,29,0,43,30,25,0,29,0,35,36,35,28,34,37,28,34,0,39,4,22,20,36,37,29,40,28,34,27,28,0,23,29,23,36,40,33,37,36,42,47,20
1987,33,16,25,32,0,20,40,35,32,29,30,16,35,31,44,37,23,32,28,40,35,22,23,23,21,36,43,9,2,35,33,26,40,8,29,0,12,42,26,16,25,43,24,15,31,40,34,21,26,41,35,30,11,31,29,29,0,43,30,25,0,29,0,36,36,35,28,35,37,29,34,0,39,4,22,20,36,37,29,40,28,34,27,29,0,23,29,23,36,41,34,37,36,42,47,20
1988,33,16,25,32,0,20,40,35,32,29,30,16,35,31,44,37,23,32,28,40,35,22,23,23,20,36,43,9,2,35,34,27,40,8,29,0,12,42,25,16,25,43,24,15,31,40,34,20,26,41,35,30,12,31,29,29,0,44,30,25,0,29,0,36,36,35,28,35,37,29,34,0,40,4,22,20,36,37,28,40,28,34,26,29,0,23,30,23,36,40,34,37,36,42,47,20
1989,33,16,25,32,0,20,40,35,32,29,31,16,35,31,44,37,24,32,28,41,35,22,23,23,20,36,43,9,2,35,34,28,40,8,29,0,13,42,25,16,25,44,24,15,31,40,35,20,26,41,35,30,12,31,29,29,0,44,30,25,0,29,0,36,37,36,28,35,38,29,34,0,40,4,22,20,36,37,28,41,28,34,28,29,0,23,30,23,36,40,34,37,35,42,47,21
1990,34,16,26,32,0,19,41,35,32,29,31,16,36,31,44,37,24,32,28,41,35,22,23,23,20,36,43,9,2,36,34,27,40,8,29,0,13,42,26,16,25,44,24,15,31,40,35,20,26,41,35,30,12,31,29,29,0,44,31,25,0,29,0,37,37,36,28,35,38,29,34,0,40,4,23,20,36,37,27,41,28,34,28,29,0,23,30,23,36,40,34,37,35,42,47,21
1991,34,16,26,32,0,19,41,36,32,29,31,16,36,31,44,37,24,32,28,41,35,23,23,23,20,37,43,9,2,36,34,27,40,8,29,0,13,42,26,16,25,44,24,14,31,40,35,20,26,41,35,30,12,31,31,30,0,43,31,25,0,29,0,36,36,37,28,35,39,29,37,0,40,4,23,20,35,37,27,41,28,34,29,29,0,23,30,23,36,40,34,37,36,42,47,22
1992,34,16,26,32,0,20,41,36,32,29,31,16,36,31,44,37,24,32,28,41,35,23,23,23,20,38,43,9,2,36,34,27,40,8,30,0,14,42,26,16,25,44,25,14,31,40,35,20,25,41,35,30,12,31,31,30,0,43,31,25,0,29,0,36,36,37,28,35,39,29,37,0,40,4,23,20,35,37,27,41,28,34,29,30,0,23,30,23,36,40,34,37,36,43,47,22
1993,34,16,26,32,0,20,41,36,32,29,32,16,37,31,45,37,24,34,28,42,36,23,23,23,20,38,43,9,2,36,34,27,40,8,29,0,14,42,26,16,26,44,25,14,31,39,35,20,26,41,35,30,13,31,31,31,0,43,31,25,0,29,0,36,36,36,28,35,39,29,37,0,40,4,23,20,36,37,27,41,28,34,29,30,0,23,30,23,36,40,34,37,36,43,47,22
1994,34,16,26,32,0,20,42,36,32,29,32,16,38,31,45,36,24,34,29,43,36,24,23,23,20,38,43,9,2,36,34,28,40,8,29,0,14,42,26,16,26,44,25,14,31,39,35,20,26,41,35,30,13,31,33,31,0,43,31,25,0,29,0,36,36,36,28,35,39,29,37,0,40,4,23,20,36,37,27,41,28,34,29,29,0,23,30,23,36,40,34,38,36,44,47,22
1995,34,16,26,32,0,20,42,36,32,29,32,16,38,31,45,36,24,34,29,43,36,24,23,23,20,37,42,9,3,36,34,29,40,8,29,0,14,42,25,16,26,44,26,14,31,40,35,20,26,41,35,30,12,31,33,31,0,43,31,25,0,29,0,36,36,36,28,35,39,28,37,0,40,4,24,20,36,36,26,41,28,34,29,29,0,23,30,23,36,40,34,38,36,44,47,22
1996,33,17,26,32,0,20,42,36,33,29,32,16,38,30,45,36,25,34,29,43,36,25,23,23,20,37,42,9,3,36,34,29,40,8,29,0,14,42,25,16,26,44,26,13,31,40,35,20,27,41,35,30,12,31,33,31,0,43,31,25,0,30,0,36,36,36,28,35,39,28,37,0,40,4,24,20,36,36,27,41,28,34,29,29,0,23,30,23,36,39,34,38,36,44,47,23
1997,33,17,26,32,0,20,43,36,34,30,32,16,38,30,45,36,25,34,28,43,36,25,23,23,20,37,42,10,3,36,33,29,40,8,29,0,14,42,24,16,26,43,26,13,31,40,35,20,27,40,35,30,12,30,33,32,0,43,31,25,0,30,0,35,36,35,28,35,39,28,37,0,41,4,24,20,36,36,27,41,28,34,29,29,0,23,30,23,36,38,34,38,36,44,47,23
1998,34,17,26,32,0,20,42,36,33,30,32,16,39,30,45,36,25,34,28,43,35,26,23,24,20,37,42,10,3,36,33,29,40,8,29,0,14,42,24,16,26,43,26,13,31,40,35,20,27,40,35,30,12,30,33,32,0,43,31,25,0,30,0,35,36,35,28,35,39,28,37,0,41,4,24,20,36,36,27,41,28,34,29,29,0,23,30,23,36,38,36,38,35,44,47,23
1999,34,17,26,33,0,20,42,36,33,30,32,16,38,30,44,36,25,35,28,43,35,26,23,24,20,37,42,10,3,36,33,29,41,8,29,0,15,42,24,16,26,44,26,13,32,40,35,20,27,40,35,30,12,30,33,32,0,44,31,25,0,30,0,35,36,36,28,36,39,28,37,0,41,4,24,20,37,36,27,41,28,34,29,29,0,23,30,23,36,38,36,38,36,44,47,23
2000,35,17,26,33,0,20,42,35,33,30,33,16,38,30,45,37,25,35,28,43,35,28,23,24,20,37,42,10,3,36,33,29,40,8,29,0,15,43,24,16,26,44,26,13,32,40,35,20,27,40,35,32,13,30,33,32,0,45,31,25,0,30,0,35,36,36,28,36,39,28,37,0,41,4,24,20,37,36,27,40,28,33,29,29,0,23,30,23,36,38,36,38,36,44,48,23
2001,36,17,26,33,0,20,42,35,33,30,33,17,38,30,45,37,25,35,29,43,35,28,23,24,20,37,42,11,3,36,33,30,40,8,30,0,15,43,24,16,26,45,26,14,32,40,35,20,27,40,34,32,13,30,33,32,0,44,31,25,0,30,0,35,36,36,28,36,39,28,36,0,41,4,24,20,37,36,27,40,28,34,30,29,0,23,30,24,36,38,36,38,36,44,48,23
2002,36,18,26,33,0,20,42,35,33,31,33,17,38,30,45,37,25,35,29,44,35,28,23,24,21,37,42,11,3,36,33,29,40,8,30,0,15,43,24,16,26,45,26,14,33,40,35,20,27,40,34,32,13,29,33,32,0,44,31,25,0,30,0,35,36,36,28,36,40,28,37,0,42,4,24,20,37,36,27,41,28,35,30,28,0,23,30,24,36,38,36,38,36,45,49,23
2003,36,18,26,33,0,20,42,35,34,31,33,17,38,30,45,37,24,35,30,44,35,29,23,24,21,37,41,11,3,37,33,29,40,8,30,0,15,43,24,16,26,45,26,14,33,40,36,20,27,40,34,33,13,29,33,32,0,44,31,25,0,30,0,35,36,36,29,36,40,28,37,0,42,4,24,20,37,36,27,41,29,35,31,28,0,23,30,24,36,37,36,38,36,45,49,23
2004,36,18,26,33,0,20,42,35,34,31,33,17,38,30,45,37,24,35,30,44,36,29,23,24,21,37,41,11,3,38,33,29,40,8,30,0,15,43,23,16,26,45,26,14,34,40,36,20,28,40,34,33,13,29,33,32,0,44,31,25,0,30,0,35,36,36,29,36,40,28,37,0,42,4,24,20,37,36,27,41,29,34,31,28,0,23,30,24,36,37,37,38,36,45,48,23
2005,36,18,26,33,0,20,42,35,34,31,33,17,38,30,45,37,24,35,30,44,36,28,23,24,21,36,41,11,3,38,33,29,40,8,30,0,15,43,23,16,26,45,26,14,33,40,37,20,28,40,34,33,13,29,33,32,0,44,31,25,0,30,0,33,37,36,29,36,40,28,38,0,42,4,24,20,37,36,27,41,30,34,31,28,0,23,30,25,36,37,37,38,36,45,48,23
2006,36,18,27,33,0,20,42,35,34,30,33,16,38,30,45,37,24,35,30,44,36,28,24,24,21,36,41,11,3,38,34,29,40,8,30,0,15,43,23,16,26,45,26,15,33,40,37,20,28,40,33,33,13,29,33,32,0,45,32,25,0,30,0,33,37,36,29,36,40,28,38,0,42,4,24,20,37,36,27,41,31,34,31,28,0,23,30,25,36,37,37,38,36,45,48,23
2007,36,18,27,33,0,20,42,35,34,30,33,16,37,30,45,37,24,35,31,44,37,28,24,25,21,37,41,11,3,38,34,28,40,8,30,0,16,43,23,15,27,45,27,15,33,40,39,20,28,40,34,33,13,30,33,32,0,45,32,25,0,29,0,33,37,36,29,36,40,28,38,0,42,4,24,20,37,36,27,41,31,33,31,28,0,23,30,25,36,37,37,38,36,45,47,23
2008,36,18,27,33,0,20,42,35,35,30,33,16,38,30,45,37,25,35,31,44,37,28,24,25,21,38,41,11,3,38,34,28,40,8,30,0,16,43,23,15,28,45,27,15,33,39,39,20,28,40,34,33,13,30,33,32,0,45,31,25,0,29,0,34,37,36,29,36,40,28,37,0,42,4,24,20,37,35,27,41,31,33,31,28,0,23,30,25,36,37,37,37,35,45,49,23
2009,36,18,27,34,0,20,42,35,35,30,33,16,37,30,45,37,25,35,31,44,37,28,25,25,20,40,41,11,3,38,34,28,40,10,30,0,16,43,23,15,28,45,27,15,33,39,39,21,30,40,33,33,13,30,33,32,0,45,31,25,0,30,0,33,36,36,29,36,40,28,37,0,41,4,24,20,37,35,27,41,31,33,31,28,0,23,30,25,36,37,37,38,35,44,49,23
2010,36,20,27,34,0,20,42,36,35,30,33,16,37,30,45,37,25,36,31,44,37,29,25,26,20,41,41,11,4,38,34,28,40,10,30,0,16,43,23,15,28,45,27,16,33,39,41,21,30,40,33,33,13,30,33,32,0,44,31,25,0,30,0,33,36,36,29,36,40,28,37,0,41,4,24,19,38,35,27,41,31,33,31,28,0,23,30,25,36,37,37,39,35,44,49,23
2011,36,20,27,33,0,21,42,37,35,31,33,16,37,30,44,37,25,36,31,44,37,29,25,26,20,41,42,11,4,38,34,28,40,10,30,0,16,43,23,15,27,45,27,16,33,39,41,21,29,40,33,33,13,30,33,32,0,44,31,25,0,30,0,33,36,36,29,36,40,28,37,0,41,4,24,19,38,35,27,41,31,33,31,28,0,23,30,25,36,37,37,39,35,44,49,23
2012,36,20,27,33,0,20,42,37,35,31,34,16,37,30,44,37,25,36,31,44,37,29,25,26,20,41,42,11,4,38,34,28,39,10,30,0,16,43,23,15,27,44,27,16,33,39,41,21,29,40,32,33,13,30,33,32,0,44,31,25,0,30,0,33,37,37,29,36,40,28,37,0,41,4,24,19,38,35,27,41,31,33,31,28,0,23,30,26,36,37,36,39,35,43,50,23
2013,36,20,27,33,0,20,42,36,34,31,34,16,37,30,44,37,25,36,31,44,37,29,25,26,20,41,42,11,4,38,34,28,40,10,30,0,17,43,23,15,27,44,27,16,33,39,41,22,29,40,32,33,13,30,34,32,0,44,31,25,0,29,0,33,37,37,29,36,39,28,37,0,41,4,25,19,38,35,26,42,31,33,31,28,0,24,30,26,36,37,36,39,35,42,50,23
2014,36,20,26,33,0,20,41,36,34,31,34,16,36,30,44,37,25,36,31,43,37,29,25,26,20,42,42,11,4,38,34,28,40,10,30,0,17,43,23,15,27,44,27,16,34,38,41,21,28,40,32,33,13,30,34,32,0,44,31,25,0,29,0,33,38,36,29,36,39,28,37,0,41,4,25,19,39,35,26,42,31,33,31,28,0,25,30,26,36,37,35,39,35,42,50,23
2015,36,20,26,34,0,22,41,36,34,31,34,16,36,30,44,37,25,36,31,43,38,30,25,25,20,42,42,11,4,38,33,27,40,10,30,0,17,43,23,15,28,44,27,16,34,38,41,22,28,40,32,34,13,30,34,32,0,44,31,25,0,28,0,33,38,36,29,36,40,28,36,0,42,4,25,19,39,36,26,42,31,33,31,28,0,25,30,27,37,37,35,39,35,43,50,23
2016,37,20,26,35,0,22,41,36,34,31,34,17,36,30,44,37,25,36,31,43,39,30,26,25,20,42,42,11,6,38,33,27,41,10,30,0,17,43,23,15,28,43,27,16,34,38,41,22,30,40,32,34,13,31,33,32,0,43,31,25,0,28,0,34,38,36,29,37,40,28,36,0,41,4,25,19,39,36,26,41,31,33,31,27,0,25,30,27,37,37,35,39,35,44,50,23
2017,37,20,26,35,0,22,41,36,34,31,34,17,36,30,44,38,25,36,31,43,39,30,26,25,20,42,43,11,6,38,32,27,42,10,30,0,17,43,22,15,28,43,27,17,36,38,41,22,30,40,32,34,13,31,33,33,0,43,31,25,0,28,0,35,38,36,29,37,38,28,36,0,41,4,24,19,39,36,26,42,31,33,31,27,0,25,30,28,37,38,35,39,35,44,51,23
2018,37,20,26,35,0,22,41,36,34,32,34,17,36,30,45,37,25,36,31,43,39,30,27,25,20,42,43,11,6,38,32,28,42,10,30,0,17,43,22,15,28,43,27,17,36,38,41,22,30,40,32,34,13,31,33,33,0,44,31,25,0,29,0,35,38,36,29,37,38,28,36,0,41,4,24,19,39,36,26,41,31,33,31,27,0,25,30,28,37,38,36,39,35,44,51,23
2019,37,20,26,35,0,22,42,36,34,32,35,17,36,30,45,37,25,36,31,43,39,30,29,25,20,42,43,11,6,38,32,28,43,10,30,0,17,43,22,15,28,43,27,17,36,38,41,22,30,40,32,34,13,31,33,33,0,45,31,26,0,29,0,35,38,36,29,37,38,28,35,0,41,4,24,19,38,35,26,41,31,33,32,27,0,25,30,28,37,38,36,38,36,45,51,23
2020,38,20,26,35,0,22,43,36,34,32,36,17,36,30,45,37,25,36,31,43,40,29,30,25,20,42,42,11,6,38,32,28,43,10,30,0,17,43,22,16,27,43,27,17,36,38,41,22,30,39,32,34,13,31,33,33,0,45,31,26,0,29,0,35,38,36,29,37,38,28,35,0,41,4,24,19,38,35,26,41,31,33,32,27,0,25,30,28,37,37,36,38,36,45,52,23
2021,37,20,26,35,0,22,44,36,34,32,36,17,36,29,45,37,25,36,31,43,40,29,30,25,21,43,42,12,6,38,32,29,43,10,30,0,17,43,22,16,27,43,26,17,36,38,41,22,30,39,32,34,13,31,34,33,0,45,31,26,0,29,0,35,38,36,29,37,38,28,35,0,40,4,24,19,37,35,26,41,31,33,32,27,0,25,30,28,37,36,36,38,36,45,52,23
2022,37,20,27,35,0,22,44,36,34,32,36,17,36,29,45,36,25,36,32,43,40,28,30,25,21,43,42,12,6,38,32,29,43,9,30,0,17,43,22,16,27,43,26,17,37,38,41,22,30,39,32,34,13,31,34,33,0,45,31,27,0,29,0,35,38,37,28,37,38,28,35,0,40,4,24,19,38,36,26,41,31,33,32,27,0,25,30,28,37,36,36,38,36,45,52,24
2023,37,20,27,35,0,23,44,36,34,32,36,17,36,30,45,36,25,36,32,41,40,28,30,25,21,43,41,12,6,38,32,29,43,9,30,0,17,43,22,16,27,45,26,17,37,38,42,22,30,39,32,34,13,31,34,33,0,45,31,27,0,29,0,35,38,37,28,37,38,28,34,0,40,4,24,19,38,36,26,40,31,34,32,27,0,25,30,28,38,36,36,38,35,45,52,24
2024,37,20,27,35,0,23,44,36,34,32,35,17,36,30,45,36,24,36,32,41,40,28,30,25,22,44,40,12,6,38,32,29,43,9,30,0,17,43,22,16,27,45,26,17,37,38,42,22,30,38,33,34,13,31,33,33,0,45,31,27,0,29,0,35,38,37,28,37,39,28,34,0,40,4,24,19,38,36,26,39,31,34,32,27,0,24,30,28,38,36,37,38,35,45,52,24
2025,37,20,27,35,0,23,43,36,34,32,35,17,36,30,45,35,24,36,32,41,40,28,29,25,22,45,40,12,6,38,32,29,43,9,31,0,17,43,22,16,27,45,26,17,37,39,42,22,30,38,33,34,13,32,33,34,0,46,31,28,0,29,0,35,38,37,28,37,39,29,34,0,40,4,24,19,38,36,26,39,31,33,32,27,0,24,29,28,38,36,37,38,35,45,53,24
2026,37,20,27,34,0,23,43,36,35,32,36,17,36,30,45,35,24,36,32,41,40,28,29,25,22,44,40,12,6,38,31,29,43,9,31,0,17,43,22,16,27,46,26,17,37,39,41,22,30,38,33,33,13,32,33,34,0,45,31,28,0,29,0,35,38,37,28,37,39,29,34,0,40,4,24,19,39,36,26,39,31,33,32,27,0,24,29,28,38,36,37,38,35,45,53,24
2027,38,20,27,34,0,23,43,36,35,32,36,17,36,30,45,35,24,36,32,41,40,28,29,25,22,44,40,12,6,38,32,29,43,9,31,0,18,43,23,16,27,46,26,17,38,39,41,22,30,39,33,33,13,31,33,34,0,45,31,27,0,29,0,35,38,37,28,37,39,29,34,0,40,4,24,19,39,36,26,40,31,33,32,26,0,24,29,28,38,36,37,38,35,45,54,24
2028,37,20,27,35,0,23,43,36,35,32,37,17,36,30,44,35,24,36,32,41,40,28,30,25,22,44,41,12,6,38,32,29,43,9,31,0,18,43,23,16,27,46,26,17,38,39,40,21,30,39,33,33,13,31,34,34,0,45,31,27,0,29,0,35,38,38,28,37,39,29,34,0,41,4,24,19,39,36,26,39,31,33,32,26,0,24,30,28,39,36,37,38,36,44,54,23
2029,37,20,28,36,0,23,43,36,35,33,38,17,36,30,44,34,24,36,32,41,41,28,30,25,22,44,41,13,6,38,32,29,43,9,31,0,18,43,23,16,27,46,26,17,38,39,41,21,30,39,33,33,13,31,34,34,0,45,31,27,0,29,0,35,38,38,28,38,39,29,33,0,40,4,24,19,39,36,26,39,30,33,32,26,0,24,30,28,39,36,37,38,36,44,54,23
2030,36,20,28,36,0,24,43,36,35,33,38,17,36,30,44,34,25,36,32,41,41,28,30,26,22,44,41,13,7,38,32,31,43,9,31,0,18,43,23,16,27,46,26,17,38,39,41,21,29,39,33,33,12,32,34,34,0,45,31,27,0,29,0,35,38,39,27,38,38,28,34,0,40,4,23,19,38,36,27,39,30,33,32,26,0,24,30,28,38,36,37,38,36,44,54,23
2031,36,20,28,36,0,24,43,36,35,33,38,16,36,30,44,34,25,36,32,41,41,28,30,26,22,44,41,13,7,37,32,31,43,9,33,0,18,43,24,16,27,45,26,17,38,39,41,21,30,39,33,34,13,30,33,34,0,44,31,27,0,30,0,35,38,39,27,38,38,28,35,0,40,4,23,18,38,36,27,39,30,33,32,26,0,24,30,28,39,36,37,38,37,44,54,23
2032,36,20,28,36,0,24,43,36,35,33,38,16,36,30,44,34,25,36,31,40,41,28,31,26,22,44,41,13,7,37,32,31,43,9,33,0,18,43,24,16,27,45,25,17,38,39,41,21,29,38,34,34,13,30,33,34,0,43,31,27,0,29,0,35,38,39,27,38,38,28,34,0,40,4,23,18,38,36,27,39,30,33,32,26,0,24,30,28,39,36,37,38,37,44,54,23
2033,36,20,28,36,0,24,43,36,35,33,38,17,36,30,44,34,25,36,31,40,41,29,31,26,22,44,40,13,7,37,32,31,43,9,33,0,18,42,24,16,27,45,25,17,38,39,41,21,29,38,34,33,13,30,33,34,0,43,31,27,0,30,0,35,38,39,27,38,38,28,34,0,40,4,23,18,39,36,27,39,30,33,32,26,0,24,30,28,39,36,36,38,37,44,54,23
2034,36,20,28,37,0,24,43,36,35,33,38,17,36,30,44,35,25,36,31,40,41,29,31,26,22,44,40,13,7,37,32,31,43,9,33,0,18,42,24,16,27,45,25,17,38,39,41,22,29,38,34,33,13,30,33,34,0,43,31,27,0,30,0,35,38,40,27,38,38,29,34,0,40,4,24,18,39,36,26,39,29,33,32,26,0,24,30,28,39,35,36,37,38,44,54,24
2035,36,20,29,37,0,24,42,37,35,33,38,17,36,30,44,35,25,35,31,40,41,29,31,26,22,44,40,13,7,37,32,31,43,9,33,0,17,42,24,16,27,45,26,17,38,38,41,22,29,38,34,33,13,30,32,33,0,42,31,27,0,29,0,35,38,40,27,38,38,27,34,0,40,4,24,18,39,36,26,40,29,33,32,26,0,24,30,28,39,35,37,37,38,44,54,24
2036,36,20,29,37,0,24,42,37,35,33,38,17,36,30,44,35,25,35,30,40,41,29,31,26,22,44,40,13,7,37,32,31,43,9,34,0,17,44,24,16,27,45,26,17,38,38,41,22,28,38,35,33,13,30,32,33,0,42,31,27,0,29,0,35,38,41,27,38,38,27,35,0,40,4,24,18,39,36,26,39,28,33,32,26,0,24,30,28,39,35,37,37,38,43,54,24
2037,36,20,29,37,0,24,42,37,35,33,38,17,36,30,44,35,25,34,31,40,41,29,31,26,22,44,40,13,7,37,32,30,43,9,33,0,17,44,24,18,27,45,25,18,38,38,41,22,30,38,35,33,14,30,32,33,0,42,31,27,0,29,0,36,38,41,27,38,38,27,34,0,40,4,24,19,37,36,26,39,28,33,32,26,0,24,30,28,39,35,37,37,38,44,54,24
2038,36,20,29,37,0,24,42,37,35,33,38,17,35,30,43,35,25,34,31,39,41,29,31,26,22,44,40,13,7,36,32,30,44,9,33,0,17,44,24,18,27,45,25,18,37,38,41,22,30,39,35,33,13,30,32,33,0,42,31,27,0,28,0,36,38,40,27,38,38,26,34,0,40,4,24,19,37,36,25,39,27,33,32,26,0,24,30,28,39,35,37,37,38,44,54,24
2039,36,20,29,37,0,24,41,37,36,32,38,17,35,30,43,35,25,35,31,39,41,29,31,26,22,44,40,13,6,36,32,30,44,9,33,0,17,44,24,18,27,45,25,18,36,38,41,22,30,39,35,33,13,30,32,32,0,42,31,27,0,28,0,36,38,41,27,38,38,26,34,0,40,4,24,19,37,36,24,39,27,34,32,26,0,24,31,28,38,35,37,37,38,44,54,24
2040,36,20,29,37,0,24,41,37,35,33,38,17,35,30,43,36,25,35,31,40,41,29,31,25,22,43,41,13,6,36,32,30,44,9,33,0,17,44,24,18,28,45,25,18,36,38,40,22,30,39,35,33,13,30,32,33,0,42,31,27,0,28,0,36,38,41,27,38,39,26,34,0,40,4,24,19,37,37,24,39,27,35,32,26,0,24,31,28,38,35,37,37,38,44,54,24
2041,36,20,29,37,0,24,40,37,35,33,39,17,35,30,43,36,25,35,31,40,40,29,31,25,22,42,41,13,5,36,31,31,44,9,33,0,17,44,25,18,28,45,25,18,36,38,41,22,30,39,35,33,13,31,31,33,0,42,31,27,0,28,0,36,38,41,27,38,39,26,34,0,40,4,24,20,37,35,25,38,27,35,32,25,0,24,31,28,38,35,37,37,39,44,54,24
2042,36,20,29,37,0,24,40,37,35,34,39,17,35,30,43,36,25,35,31,40,40,29,31,24,22,42,41,13,5,37,31,31,44,9,33,0,17,44,25,18,28,45,25,18,36,38,41,22,30,39,34,33,13,31,31,33,0,42,31,27,0,28,0,36,38,41,27,39,39,26,35,0,40,4,24,20,37,35,25,38,27,35,32,25,0,24,31,27,38,35,37,37,39,44,54,24
2043,36,20,29,37,0,24,40,37,35,35,39,17,35,30,43,36,25,35,31,39,40,29,31,24,22,42,41,13,6,37,30,31,44,9,33,0,17,44,25,18,28,45,25,18,36,38,41,22,30,39,34,33,13,31,31,33,0,42,31,27,0,28,0,36,38,41,27,39,39,26,35,0,40,4,24,20,37,35,25,38,26,34,32,25,0,24,31,28,38,35,37,37,39,44,55,24
2044,36,20,29,37,0,24,39,37,35,36,38,17,34,30,43,36,25,35,31,39,42,29,31,24,23,42,41,13,6,37,30,31,44,9,33,0,17,43,25,18,28,45,24,18,35,38,42,22,30,39,34,33,13,31,31,33,0,43,31,27,0,28,0,35,38,41,28,39,39,26,35,0,40,4,24,20,37,34,25,38,26,35,32,25,0,24,31,28,38,35,37,37,40,44,55,24
2045,36,20,29,37,0,24,39,36,35,36,38,17,34,30,43,37,25,35,32,38,42,29,31,24,23,42,41,13,6,37,30,32,44,9,33,0,17,43,25,18,28,45,24,18,35,38,42,23,30,39,34,33,13,30,31,33,0,43,32,28,0,29,0,35,38,42,28,39,39,27,35,0,40,4,24,20,38,34,25,38,26,35,32,25,0,24,31,28,38,35,37,37,40,44,55,24
2046,36,20,29,37,0,24,39,35,35,36,37,17,33,30,43,37,25,35,32,38,42,29,31,24,23,42,41,13,6,37,31,32,44,9,33,0,16,43,25,18,28,45,24,18,35,38,41,23,31,39,34,33,13,30,31,33,0,43,32,28,0,29,0,35,38,42,29,39,39,27,35,0,39,4,24,20,38,33,25,37,26,35,32,25,0,24,31,28,38,35,37,36,40,44,55,24
2047,36,20,30,37,0,24,39,34,35,36,37,17,33,30,43,37,25,36,32,39,42,29,31,24,23,42,41,13,6,37,32,32,44,9,34,0,16,44,26,18,28,45,24,18,35,38,41,23,31,39,34,33,13,30,31,33,0,43,32,28,0,29,0,35,38,42,29,39,39,27,35,0,39,4,24,20,38,33,25,37,26,35,32,25,0,24,31,28,39,35,36,36,40,43,55,25
2048,36,20,30,37,0,24,39,34,35,36,38,17,34,30,43,37,25,36,32,39,42,29,31,24,23,42,41,13,6,37,32,31,44,9,34,0,16,44,26,18,28,46,24,18,35,38,41,23,31,39,34,33,13,30,32,33,0,43,32,28,0,29,0,35,38,42,29,39,39,27,34,0,39,4,24,20,38,33,25,36,26,35,31,25,0,24,31,28,39,35,35,36,40,43,55,25
2049,36,20,30,37,0,24,39,34,35,36,38,17,35,30,43,37,25,37,32,39,43,29,33,24,23,42,41,13,6,37,32,32,44,9,33,0,16,44,26,19,28,46,24,18,35,38,41,23,31,39,34,33,14,30,32,32,0,43,32,28,0,28,0,35,38,42,29,39,39,27,34,0,38,4,24,20,38,32,25,36,26,35,31,27,0,24,31,28,39,34,35,36,40,44,55,25
2050,36,20,30,37,0,24,40,34,36,36,38,17,36,30,43,37,25,37,33,39,42,29,33,24,23,42,41,13,6,38,33,32,44,9,33,0,16,44,26,19,28,46,24,18,35,38,40,22,31,39,34,33,14,30,32,33,0,43,32,28,0,28,0,34,38,42,29,38,39,27,34,0,38,4,24,20,38,32,25,35,26,35,31,27,0,24,31,28,39,34,35,36,40,44,55,25
2051,36,20,30,37,0,24,40,34,36,37,38,17,37,30,43,37,24,38,33,39,42,29,33,24,23,43,41,13,6,38,33,33,43,9,33,0,17,44,26,18,28,46,24,18,35,38,40,22,31,39,34,33,14,30,32,33,0,43,32,29,0,28,0,34,38,42,29,38,39,28,34,0,38,4,24,21,38,32,25,35,26,35,31,28,0,24,31,29,39,33,35,37,40,44,55,25
2052,36,21,31,37,0,24,40,34,36,37,38,17,36,30,42,36,24,39,33,39,42,29,33,24,23,44,41,13,6,39,33,34,43,9,33,0,17,44,26,18,28,46,24,18,35,38,41,22,31,39,34,33,14,30,31,33,0,43,32,28,0,28,0,34,38,41,29,38,39,28,34,0,38,4,24,21,38,32,25,35,26,34,31,28,0,24,31,29,40,33,35,37,40,44,55,25
2053,34,21,32,38,0,24,40,34,37,37,38,17,36,30,42,36,24,39,33,39,42,30,33,24,23,44,41,13,6,39,34,35,43,9,33,0,17,43,26,19,28,45,24,18,35,38,42,22,31,39,34,33,14,30,31,33,0,44,32,28,0,27,0,34,38,40,29,38,39,28,34,0,38,4,25,21,38,32,25,34,27,33,30,29,0,24,31,29,39,33,34,37,40,44,55,25
2054,34,22,32,38,0,24,40,34,37,37,38,17,36,30,42,36,24,39,33,39,42,30,34,24,23,44,41,13,6,39,34,35,43,9,33,0,17,43,26,18,29,45,24,18,35,38,42,22,31,40,34,34,14,30,31,33,0,44,32,29,0,27,0,34,38,40,29,38,39,28,34,0,38,4,25,21,38,31,26,34,27,33,31,29,0,24,31,29,39,33,34,38,40,44,54,25
2055,34,22,32,38,0,24,40,34,37,37,38,17,35,30,44,36,24,38,33,39,42,30,35,23,24,44,42,13,6,39,35,35,42,9,33,0,17,43,26,19,29,45,24,18,35,38,42,22,31,41,34,33,15,30,32,33,0,44,33,29,0,27,0,35,38,40,28,38,39,29,34,0,38,4,25,21,39,31,26,34,27,33,31,28,0,24,31,29,37,33,34,38,39,44,54,24
2056,34,22,32,39,0,24,40,35,37,36,38,17,35,30,44,36,23,38,33,39,41,30,35,23,24,44,42,13,6,39,35,35,42,9,31,0,17,43,26,19,29,46,24,18,35,38,42,22,31,41,34,33,15,30,32,33,0,44,33,29,0,27,0,35,38,40,28,37,39,29,34,0,38,4,25,21,40,31,26,34,27,33,31,28,0,24,31,29,37,33,35,38,39,45,54,24
2057,34,22,32,39,0,24,40,35,37,36,38,17,35,30,44,36,24,39,33,39,41,30,35,24,24,45,42,13,6,39,35,35,41,9,31,0,17,41,26,19,29,46,26,18,35,39,42,22,31,42,34,32,15,30,32,33,0,44,33,30,0,28,0,35,38,40,29,37,38,29,34,0,38,4,25,20,40,30,26,34,27,33,31,28,0,24,31,29,36,34,35,38,39,45,54,24
2058,34,22,32,39,0,24,40,35,37,36,38,17,35,30,43,36,25,38,33,40,41,30,35,24,25,45,42,13,6,39,36,35,41,9,31,0,17,41,26,20,29,48,26,18,35,39,43,22,31,42,34,32,15,30,33,34,0,44,33,30,0,27,0,35,37,41,29,36,38,29,34,0,39,4,25,20,40,30,26,34,27,33,31,29,0,24,30,29,37,34,36,37,38,45,53,24
2059,33,23,32,39,0,24,40,35,37,36,38,17,35,30,43,36,25,38,33,40,42,30,35,24,25,45,42,13,6,39,36,35,41,9,31,0,18,41,26,21,29,48,27,18,35,40,43,23,31,43,33,32,16,30,33,34,0,44,33,30,0,27,0,35,36,41,30,36,37,30,34,0,39,4,25,20,40,30,26,35,27,32,31,29,0,24,30,30,37,34,36,37,38,45,53,24
2060,33,23,32,39,0,23,40,35,37,36,37,17,35,31,42,36,25,38,33,40,42,30,35,24,25,45,42,13,6,39,36,36,41,9,31,0,18,41,26,21,28,48,27,19,35,40,43,23,31,43,33,32,16,30,33,34,0,44,33,30,0,27,0,35,36,41,30,36,37,30,34,0,39,4,26,20,41,30,26,36,27,32,30,29,0,24,30,30,37,34,36,37,38,45,53,24
2061,33,23,32,39,0,23,40,35,37,37,37,17,35,31,42,36,25,38,33,40,42,30,35,24,25,45,42,13,6,39,37,36,41,9,31,0,18,41,26,21,28,48,28,19,35,40,43,23,31,43,33,32,16,30,33,35,0,43,34,30,0,27,0,35,36,41,30,36,37,30,34,0,39,4,26,20,41,30,26,36,27,32,30,29,0,24,30,30,37,33,36,37,38,45,53,24
2062,33,24,32,39,0,24,40,35,37,37,37,17,35,31,42,36,25,38,33,39,42,30,34,24,25,46,42,13,6,39,37,36,41,9,31,0,18,41,26,21,29,48,28,19,35,40,43,23,31,43,33,32,16,30,32,35,0,43,34,30,0,27,0,35,37,41,30,36,37,30,34,0,39,5,26,20,41,30,26,36,27,33,30,29,0,25,30,30,37,33,36,37,38,45,53,24
2063,32,24,32,39,0,24,40,35,37,37,38,17,35,31,42,36,23,38,34,39,42,30,34,24,25,46,42,13,6,39,37,36,41,9,31,0,18,41,26,21,29,48,28,18,35,40,43,23,32,43,33,32,16,30,32,35,0,43,35,30,0,27,0,35,37,41,30,36,37,30,34,0,39,5,26,20,41,29,26,36,27,33,30,29,0,25,30,30,37,32,36,37,38,45,53,25
2064,32,25,32,39,0,24,39,35,38,37,39,17,35,31,42,37,23,38,34,39,42,30,34,24,25,46,42,14,6,39,37,36,41,9,30,0,18,41,26,21,29,47,28,18,34,40,44,22,32,43,34,32,16,31,32,35,0,42,35,30,0,27,0,35,37,42,30,35,37,30,34,0,39,5,26,21,41,29,26,36,27,33,30,29,0,25,29,30,37,32,36,36,38,44,53,25
2065,32,25,31,39,0,23,41,34,38,37,40,17,36,31,42,37,22,38,34,39,42,29,34,24,26,46,42,14,6,39,36,36,41,9,30,0,18,41,26,21,30,48,28,18,34,41,43,23,33,43,34,32,16,32,32,34,0,41,36,31,0,27,0,35,37,42,31,35,37,30,34,0,39,5,26,21,41,30,26,36,27,35,30,29,0,25,29,30,37,32,36,36,38,44,54,25
2066,32,25,31,39,0,23,41,33,39,37,40,17,36,31,42,37,22,38,34,39,42,29,35,24,26,46,43,14,6,40,36,36,41,9,31,0,18,41,26,21,30,48,27,18,34,41,43,23,33,43,34,32,16,32,32,34,0,42,35,31,0,27,0,36,37,42,31,35,37,30,35,0,39,5,26,21,41,30,26,36,27,36,30,29,0,25,29,30,37,32,36,36,38,44,53,26
2067,32,25,31,39,0,23,41,33,39,37,40,17,36,31,42,37,22,37,34,39,42,30,35,24,26,47,44,14,6,40,36,36,41,9,33,0,18,41,26,22,30,48,26,18,34,41,43,23,32,43,34,32,16,32,32,34,0,42,35,31,0,27,0,36,36,41,31,35,37,31,35,0,39,5,26,21,41,30,26,36,27,36,30,29,0,25,29,30,37,32,36,36,38,44,52,26
2068,32,25,31,39,0,23,42,33,39,37,40,18,36,32,42,36,23,36,33,38,41,30,35,24,26,47,43,14,6,40,35,36,41,9,33,0,18,41,26,22,31,48,27,18,34,40,43,24,32,43,34,32,16,32,32,34,0,42,36,31,0,27,0,35,36,41,31,35,36,31,35,0,40,5,27,21,41,30,26,36,27,36,29,29,0,25,30,30,36,32,36,36,38,44,52,26
2069,32,26,31,39,0,23,42,33,39,37,40,18,37,32,43,35,23,36,33,38,40,30,35,24,26,47,41,14,6,40,36,36,40,9,33,0,18,41,26,23,31,48,27,18,34,40,44,24,32,43,34,32,16,32,32,34,0,42,36,31,0,27,0,35,36,41,31,35,36,32,36,0,41,5,27,21,41,30,27,35,27,36,29,29,0,25,30,31,36,32,36,36,38,43,52,26
2070,32,26,31,39,0,23,42,33,40,37,39,18,37,33,43,35,23,35,33,38,40,30,35,24,26,47,41,14,6,40,37,36,40,9,33,0,18,41,26,23,31,48,27,18,33,40,44,25,31,43,33,32,16,32,32,35,0,42,36,32,0,27,0,35,36,41,31,35,35,31,36,0,41,5,27,21,40,30,27,35,27,36,29,29,0,25,30,31,35,32,36,36,38,43,52,26
2071,32,26,31,39,0,23,42,33,41,37,39,18,37,33,43,35,23,35,33,38,40,30,35,24,26,47,41,14,6,40,37,36,40,9,33,0,18,40,26,23,32,48,27,18,34,40,44,25,30,43,33,33,16,32,32,35,0,43,36,32,0,27,0,35,36,41,31,35,35,31,36,0,40,5,27,21,40,31,27,35,27,36,29,29,0,25,30,31,35,32,36,35,38,43,52,26
2072,32,26,31,39,0,23,43,32,41,37,39,18,37,33,43,34,23,35,33,38,40,30,35,24,26,47,41,14,6,40,37,36,40,9,33,0,18,40,26,24,32,49,27,18,34,40,44,25,30,43,33,33,16,32,32,35,0,43,36,32,0,27,0,35,36,41,31,35,35,31,37,0,40,5,27,21,40,31,27,35,27,36,29,29,0,25,29,31,35,32,36,36,38,43,52,26
2073,32,26,31,38,0,23,43,32,41,37,39,18,37,33,43,33,23,35,33,37,40,30,35,24,26,47,41,14,6,40,37,36,39,10,33,0,18,40,26,24,32,49,28,18,35,40,44,25,30,43,33,33,16,32,32,35,0,43,36,32,0,26,0,35,36,41,31,36,35,31,37,0,39,5,27,21,40,31,27,34,26,36,29,29,0,25,29,31,35,32,36,36,38,43,52,26
2074,32,26,31,38,0,23,44,32,41,37,40,18,37,33,43,33,23,35,33,37,40,30,35,24,26,47,41,15,6,40,37,36,39,10,33,0,18,41,26,24,31,49,28,18,34,40,44,25,30,44,34,33,16,32,32,35,0,43,36,32,0,26,0,35,37,41,31,36,35,33,37,0,39,5,27,21,40,31,27,34,26,36,29,29,0,25,29,32,35,32,36,36,38,43,52,26
2075,32,26,31,37,0,23,44,32,41,37,40,18,37,33,43,34,23,34,33,36,40,30,35,24,26,48,41,15,6,40,36,36,39,10,33,0,18,41,26,24,31,49,28,18,34,40,44,25,30,45,34,33,16,32,32,35,0,42,38,32,0,25,0,35,37,40,31,37,35,33,37,0,39,5,26,21,40,31,27,34,26,36,29,29,0,26,29,32,35,32,36,36,38,43,52,26
2076,32,26,31,37,0,23,44,32,41,37,40,18,37,33,44,35,23,34,33,36,40,30,35,24,28,48,41,15,6,40,35,35,39,10,33,0,18,41,26,24,31,49,28,18,34,40,43,25,30,45,33,33,16,32,32,35,0,42,38,31,0,25,0,36,37,41,30,37,35,33,37,0,39,5,27,21,39,31,27,35,27,36,29,29,0,26,29,33,35,32,36,36,38,43,52,26
2077,32,26,31,37,0,23,44,32,41,37,40,18,37,33,44,35,23,34,33,35,40,30,35,24,28,49,40,15,6,39,35,35,39,10,33,0,18,41,26,24,32,49,28,18,35,40,43,25,30,45,33,33,16,32,32,35,0,42,38,31,0,25,0,36,37,41,30,37,35,33,37,0,39,5,27,21,38,31,27,35,26,36,30,30,0,26,29,33,35,32,36,36,38,43,52,26
2078,30,27,31,37,0,23,44,32,41,37,40,18,37,33,44,35,23,34,33,34,40,31,35,24,28,49,40,15,6,39,35,35,38,10,34,0,18,41,26,24,32,49,28,17,35,40,44,26,30,45,32,33,16,32,32,35,0,42,39,31,0,25,0,36,38,41,30,36,35,33,37,0,39,5,27,21,38,31,28,35,26,36,30,30,0,26,29,33,35,32,36,36,38,43,53,26
2079,30,27,31,37,0,23,44,32,40,38,40,18,37,33,43,35,23,34,33,34,40,32,35,24,28,49,39,16,6,39,35,35,38,10,35,0,18,41,26,24,32,49,28,17,35,40,44,25,30,45,32,33,16,32,32,35,0,43,39,31,0,25,0,37,38,41,29,36,35,33,38,0,39,5,27,21,38,31,28,35,25,37,30,30,0,26,29,33,34,32,36,36,38,43,53,25
2080,30,27,31,37,0,23,44,32,40,38,40,18,37,32,43,35,23,34,33,34,40,32,35,24,28,48,39,16,6,40,35,35,38,11,35,0,18,41,26,24,32,49,28,17,35,40,44,25,30,45,32,33,16,32,32,35,0,43,39,31,0,24,0,37,37,41,29,36,35,34,38,0,39,5,27,21,38,31,28,35,25,37,31,30,0,26,29,33,34,32,36,35,38,43,53,25
2081,30,27,32,37,0,23,44,32,40,38,40,18,37,32,44,35,23,33,34,34,40,32,36,23,29,48,39,16,6,40,35,35,38,11,35,0,18,40,26,24,33,49,28,17,35,40,44,25,30,46,32,33,16,32,32,35,0,43,39,31,0,23,0,37,37,42,29,36,35,35,38,0,39,5,27,21,38,31,28,35,25,37,31,29,0,25,29,33,34,32,36,35,38,44,53,25
2082,31,27,33,37,0,23,44,33,39,39,40,18,37,32,43,35,23,33,34,34,40,33,36,23,29,48,39,17,7,40,35,35,38,11,35,0,18,40,26,24,33,49,28,17,35,40,43,25,30,46,32,33,16,32,32,35,0,43,39,31,0,23,0,37,37,42,29,36,35,35,37,0,40,5,27,21,38,31,28,35,25,37,31,29,0,25,29,33,34,31,36,35,38,44,53,25
2083,31,27,33,37,0,23,44,33,39,39,40,18,37,32,43,34,24,33,35,34,40,33,36,23,29,48,38,16,7,40,35,35,38,11,35,0,18,40,26,24,33,49,29,17,35,39,43,25,30,46,32,33,16,32,32,35,0,43,39,31,0,24,0,37,38,42,29,36,35,35,37,0,40,5,27,21,38,32,28,35,25,37,31,29,0,26,29,33,34,31,36,35,38,44,53,25
2084,31,27,33,36,0,23,44,33,39,39,40,18,37,32,43,34,24,33,35,35,40,33,36,23,29,48,38,16,7,40,35,35,37,11,35,0,18,40,26,24,33,48,29,17,35,39,43,25,29,45,32,34,16,32,32,35,0,43,39,31,0,24,0,37,38,41,28,36,35,35,37,0,40,5,27,21,39,32,28,34,25,37,31,29,0,26,28,33,34,31,36,35,38,44,53,25
2085,31,27,33,36,0,23,45,33,38,39,40,18,37,32,43,35,24,33,35,35,39,33,36,23,29,49,38,16,7,40,35,35,37,11,34,0,18,40,26,24,33,48,29,17,34,39,43,25,29,45,32,34,16,32,33,35,0,43,40,31,0,24,0,37,38,41,28,36,35,35,37,0,40,5,27,21,38,32,28,34,25,37,31,29,0,26,28,33,34,31,36,35,38,44,53,25
2086,31,27,33,36,0,23,45,34,38,39,40,18,37,32,43,35,24,33,35,35,39,33,36,23,29,49,37,16,8,40,35,35,37,11,33,0,18,40,26,24,34,48,29,17,33,38,43,25,30,45,32,34,16,32,33,35,0,43,40,31,0,24,0,37,38,41,28,36,35,33,37,0,40,5,27,21,38,32,27,34,25,37,31,29,0,26,28,33,34,31,36,35,38,44,53,26
2087,31,27,34,36,0,23,45,34,38,40,40,18,37,32,43,35,24,33,35,35,39,33,37,24,29,49,37,16,8,40,35,36,37,11,33,0,18,40,26,25,34,48,29,17,33,38,43,25,30,46,32,34,16,31,33,35,0,43,40,31,0,24,0,37,38,42,28,34,35,33,37,0,40,5,27,21,38,32,27,34,25,37,31,29,0,26,28,33,34,31,36,35,38,44,53,26
2088,31,27,34,36,0,23,45,34,38,40,40,18,37,32,44,35,24,33,35,35,39,33,37,24,29,48,37,16,8,40,35,36,37,11,34,0,18,40,26,25,34,48,29,17,32,38,43,25,30,46,31,34,16,31,33,35,0,43,40,31,0,24,0,37,38,43,28,34,35,33,37,0,40,5,27,21,38,32,27,35,25,37,31,29,0,26,29,33,34,31,37,35,38,44,53,26
2089,31,28,34,36,0,23,45,34,38,40,40,18,37,33,44,36,24,33,35,35,39,33,37,24,29,49,37,16,8,40,34,36,37,11,35,0,19,40,26,25,34,49,29,17,32,38,43,25,30,46,31,34,17,31,33,35,0,43,40,31,0,24,0,37,38,43,28,34,35,32,37,0,39,5,27,21,38,32,27,36,25,37,31,29,0,26,29,32,34,31,37,36,38,42,53,26
2090,31,28,35,36,0,23,45,34,38,40,41,18,37,33,44,36,24,32,35,35,39,33,37,24,29,49,37,16,8,40,34,35,37,11,35,0,19,39,26,25,34,49,29,18,32,38,43,25,30,46,31,34,17,31,33,35,0,43,40,30,0,24,0,37,38,44,29,35,35,32,38,0,37,5,27,21,38,32,27,36,25,37,32,29,0,26,29,32,34,31,37,36,37,43,52,27
2091,31,28,35,36,0,23,44,34,38,41,41,18,37,33,44,36,24,32,35,35,38,33,37,24,29,49,37,17,8,40,34,35,37,11,35,0,19,39,26,25,34,49,29,18,33,38,43,26,30,46,31,34,17,30,33,34,0,43,40,30,0,24,0,37,38,44,29,35,35,32,38,0,37,5,27,21,38,32,27,36,25,38,32,29,0,26,29,32,34,31,37,36,37,43,52,27
2092,31,28,35,36,0,23,44,34,38,41,41,18,37,33,44,36,24,32,35,35,38,33,37,24,29,49,37,17,8,41,34,35,37,11,36,0,19,39,26,25,34,49,28,19,33,38,42,26,30,46,31,34,17,30,33,34,0,43,40,31,0,24,0,37,38,44,29,34,35,32,38,0,37,5,27,21,38,32,27,36,25,38,32,29,0,26,29,32,34,31,37,35,37,43,52,27
2093,31,29,35,36,0,24,44,33,38,40,41,18,37,33,43,36,24,32,35,35,38,34,38,24,27,49,38,17,8,41,33,34,37,11,36,0,19,39,26,25,34,49,28,19,33,38,44,26,31,46,31,35,18,30,33,34,0,43,40,31,0,24,0,37,38,44,30,34,35,32,38,0,37,5,27,21,38,33,27,36,25,38,32,29,0,26,28,32,34,31,37,35,37,44,52,27
2094,31,29,35,36,0,24,45,33,38,40,41,18,37,33,43,36,24,33,35,35,38,34,39,24,27,49,38,17,8,43,33,34,37,11,36,0,19,38,26,25,33,49,28,19,33,38,44,26,31,46,31,35,18,29,33,34,0,43,40,31,0,24,0,37,38,44,30,34,35,32,38,0,37,5,27,21,38,33,27,36,25,38,33,29,0,26,28,32,34,31,37,34,37,44,52,27
2095,31,29,35,36,0,24,45,33,38,41,41,18,37,33,43,36,24,33,35,35,38,34,39,24,27,49,37,17,8,42,33,33,37,11,36,0,19,38,26,25,33,50,28,20,33,38,44,27,31,46,31,35,18,29,33,34,0,43,41,31,0,24,0,37,38,44,30,33,35,32,38,0,37,5,27,21,38,33,28,36,25,38,33,29,0,25,28,32,34,32,37,33,37,44,52,27
2096,31,29,35,37,0,24,45,34,38,41,41,18,37,33,43,36,24,33,35,35,39,34,39,24,27,49,37,17,8,41,33,34,37,11,36,0,19,38,26,25,34,50,28,20,33,39,44,27,31,46,31,35,18,29,33,34,0,43,41,31,0,24,0,37,39,44,31,33,35,32,39,0,37,5,27,21,38,33,28,36,25,38,33,29,0,25,28,31,34,32,37,33,37,45,52,27
2097,31,30,35,37,0,24,45,34,38,41,41,18,38,33,43,36,24,33,35,35,39,34,40,24,28,49,37,17,8,41,33,35,37,11,36,0,19,38,26,25,35,51,28,20,32,39,43,27,31,46,31,35,18,29,32,34,0,43,41,32,0,24,0,37,39,44,31,33,35,32,39,0,37,5,26,21,38,33,28,37,25,38,33,29,0,24,28,31,34,30,37,33,37,46,52,27
2098,30,30,35,36,0,24,45,33,38,41,41,18,39,33,43,36,24,33,35,35,38,34,40,24,28,48,37,17,8,41,33,35,37,11,36,0,19,38,26,25,35,51,28,20,32,38,43,27,31,46,31,35,18,29,32,34,0,43,41,32,0,23,0,37,39,44,31,33,35,32,39,0,37,5,25,20,38,34,28,37,25,38,33,29,0,24,28,31,34,30,37,33,37,46,52,27
2099,30,30,35,36,0,24,45,33,38,41,40,18,41,33,42,35,24,34,35,35,38,34,40,24,28,48,37,17,8,41,34,35,37,11,37,0,19,38,26,25,35,51,28,21,32,38,43,27,31,46,32,35,18,30,32,34,0,43,41,32,0,23,0,37,40,44,30,33,35,32,40,0,37,5,25,21,38,34,28,37,26,37,33,29,0,24,28,31,35,30,37,33,37,46,52,27
2100,30,30,35,35,0,24,44,33,38,41,40,18,41,33,42,35,24,35,35,35,38,34,40,25,29,48,37,17,8,42,34,35,37,11,38,0,19,38,27,25,35,51,28,22,32,38,43,27,31,46,32,35,18,29,33,34,0,43,41,32,0,23,0,37,41,44,30,33,35,32,40,0,37,5,25,21,38,34,28,37,26,38,33,29,0,24,28,31,34,30,37,33,36,46,52,27
2101,30,30,35,35,0,24,44,33,38,41,40,18,42,33,42,35,23,34,36,35,38,35,40,25,28,48,37,17,8,42,34,36,37,11,38,0,19,38,27,25,36,51,28,22,32,38,43,27,31,46,31,36,18,30,32,34,0,43,41,31,0,23,0,37,41,44,30,33,35,32,40,0,37,5,25,21,38,34,28,37,26,38,33,29,0,24,28,31,34,30,37,33,36,46,52,26
2102,30,30,35,35,0,24,44,32,37,41,40,18,42,32,42,35,23,34,36,35,38,35,40,25,28,47,37,16,8,42,34,36,37,12,38,0,19,38,26,26,36,51,28,23,32,38,43,27,31,46,30,36,18,31,32,34,0,43,40,31,0,23,0,37,41,44,30,33,35,32,40,0,37,5,25,21,39,34,28,37,26,39,33,29,0,24,28,31,34,30,37,33,37,46,52,26
2103,30,30,35,34,0,25,44,32,37,41,41,17,42,33,42,34,23,34,36,35,38,35,40,25,28,48,37,16,8,42,34,36,37,11,37,0,19,38,26,26,36,52,28,23,32,38,43,27,31,46,30,36,18,31,32,34,0,43,40,31,0,22,0,37,41,44,30,33,35,32,40,0,37,5,25,21,39,34,28,37,26,39,33,29,0,24,28,31,34,30,37,33,37,46,51,26
2104,30,32,35,34,0,25,44,32,37,41,41,18,42,33,42,34,23,35,36,35,38,35,40,25,28,48,37,16,8,42,34,35,37,11,37,0,19,38,26,26,36,51,28,23,32,38,43,27,31,47,30,36,18,31,32,34,0,43,40,31,0,22,0,37,41,44,31,33,35,32,40,0,37,5,25,21,39,34,28,36,26,39,33,29,0,24,28,32,34,30,37,33,37,46,51,26
2105,30,32,35,34,0,24,44,32,37,41,41,18,42,34,42,34,23,35,36,36,39,35,40,25,28,48,37,16,8,42,34,35,36,11,37,0,19,39,27,26,36,51,28,23,32,38,43,29,31,47,30,36,18,31,33,34,0,43,40,31,0,21,0,37,41,44,30,33,35,32,40,0,37,5,25,21,39,34,28,36,26,39,34,29,0,24,28,32,34,30,38,33,37,46,51,26
2106,30,32,34,34,0,24,45,31,37,41,40,18,42,34,42,34,23,35,36,36,40,35,40,25,28,48,37,16,8,42,34,35,36,11,37,0,19,39,27,26,38,51,28,23,32,39,43,29,31,47,30,36,18,31,33,34,0,43,40,31,0,21,0,37,41,46,30,33,35,33,40,0,37,5,25,21,39,34,28,36,25,39,34,29,0,24,28,32,34,30,37,33,37,46,51,26
2107,30,32,34,34,0,24,45,31,36,41,40,18,42,34,41,34,23,36,36,36,40,35,40,25,29,48,38,16,8,42,34,35,36,11,37,0,19,39,27,26,38,51,28,23,31,39,43,29,31,47,30,36,18,31,33,34,0,43,40,31,0,21,0,37,41,46,30,33,35,33,40,0,39,5,25,21,39,34,28,36,25,39,34,29,0,24,28,32,34,30,37,33,37,45,51,26
2108,30,32,34,34,0,24,44,31,36,41,40,18,42,33,41,33,23,36,36,36,40,35,40,26,29,47,37,16,8,42,35,35,36,11,37,0,19,39,27,26,38,51,28,23,31,39,44,29,31,48,30,36,18,31,33,35,0,44,39,31,0,21,0,38,40,46,30,33,36,33,40,0,39,5,25,21,39,34,28,37,25,39,34,30,0,24,28,32,33,30,37,33,37,45,51,27
2109,30,32,34,35,0,24,44,31,36,41,40,18,42,33,41,33,23,36,36,36,40,35,40,25,29,47,37,16,9,44,35,35,36,11,37,0,19,39,27,26,38,51,29,23,31,39,44,29,31,49,31,35,18,31,33,35,0,44,39,31,0,21,0,38,41,46,29,33,36,33,40,0,39,5,25,21,39,34,28,37,25,39,34,30,0,25,28,32,34,30,37,33,37,45,51,27
2110,30,32,34,35,0,24,45,31,36,41,38,18,42,33,41,33,23,36,36,36,40,35,39,26,29,47,37,16,9,44,35,34,36,11,37,0,19,39,27,26,38,51,29,23,31,39,44,29,31,49,31,35,18,31,34,35,0,44,39,31,0,21,0,38,41,47,29,33,36,33,40,0,39,5,26,21,39,34,28,38,25,38,34,30,0,26,28,32,33,30,36,35,36,45,51,27
2111,30,32,34,35,0,24,45,31,36,41,38,18,42,33,41,33,23,37,36,36,40,35,39,26,29,46,38,16,9,43,35,34,36,10,36,0,19,39,27,26,38,51,29,23,31,39,45,29,31,49,31,35,18,31,34,35,0,44,39,31,0,21,0,38,41,47,29,33,36,33,39,0,39,5,26,21,39,34,28,38,25,38,34,30,0,26,29,32,33,30,36,35,36,45,51,27
2112,31,32,34,35,0,24,45,31,35,41,38,18,42,34,41,33,23,37,36,36,40,35,39,26,29,46,38,16,9,42,35,34,37,10,36,0,19,39,27,26,38,51,29,23,31,39,46,29,31,48,31,35,18,31,34,35,0,44,39,32,0,21,0,37,41,47,29,33,36,33,39,0,39,5,26,21,39,34,28,38,26,38,34,30,0,26,29,32,33,30,36,35,36,45,51,26
2113,31,32,34,35,0,24,45,31,35,40,38,18,42,34,43,33,23,37,35,36,40,35,39,27,29,45,38,16,9,42,35,34,37,10,36,0,19,39,27,26,39,52,29,23,32,39,46,29,31,48,31,35,18,31,34,35,0,44,39,32,0,21,0,37,41,47,29,33,36,34,39,0,39,5,26,21,38,33,28,38,26,38,34,30,0,26,29,32,33,30,36,35,36,45,50,26
2114,31,32,34,35,0,24,45,31,35,40,39,19,42,34,43,33,23,37,35,36,40,35,39,27,30,44,38,16,9,42,35,34,37,10,36,0,19,39,27,26,40,53,29,23,32,39,46,29,31,47,31,34,18,31,34,35,0,44,39,32,0,21,0,37,40,47,29,33,36,34,39,0,39,5,26,21,38,32,28,38,26,39,34,30,0,26,29,32,33,30,36,35,36,45,50,26
2115,31,32,34,35,0,24,45,32,35,40,40,19,42,34,43,33,23,38,35,35,40,35,39,27,30,44,38,16,9,43,35,34,37,10,36,0,19,39,27,26,40,53,29,23,32,39,46,29,31,47,32,34,19,31,34,35,0,44,39,32,0,20,0,37,40,48,29,33,36,34,38,0,39,5,26,22,38,32,28,38,27,39,34,30,0,26,29,32,33,30,36,35,36,45,49,26
2116,31,32,33,35,0,23,45,32,35,40,40,19,43,34,41,32,23,38,35,35,40,35,38,27,30,44,38,16,9,43,35,34,37,10,38,0,19,39,27,26,39,53,29,23,32,39,46,29,31,47,32,34,19,31,34,35,0,44,39,33,0,20,0,37,40,48,29,33,36,34,38,0,39,5,26,22,38,32,28,38,27,39,34,30,0,26,29,32,33,30,36,35,36,45,49,26
2117,31,32,33,35,0,23,46,32,35,40,40,19,43,33,41,32,24,38,35,35,40,36,38,27,30,44,38,16,9,43,35,34,37,10,38,0,19,39,27,26,39,53,29,23,32,39,46,29,31,47,33,34,19,31,33,35,0,44,39,33,0,20,0,37,41,48,28,33,36,34,38,0,38,5,26,22,38,32,28,38,27,39,35,30,0,26,29,32,34,30,36,35,36,47,49,26
2118,32,32,34,35,0,23,46,32,35,40,41,19,43,33,41,32,24,38,35,35,40,37,38,27,30,44,38,16,8,44,35,34,37,10,39,0,19,36,26,26,39,53,28,23,32,39,46,29,31,47,34,34,19,31,32,35,0,44,40,32,0,20,0,36,41,47,28,33,36,34,38,0,38,5,25,22,38,32,28,38,27,39,35,30,0,26,29,32,34,29,36,35,36,47,49,26
2119,32,32,35,35,0,23,46,31,35,41,42,19,43,33,41,32,23,38,34,35,41,37,37,27,30,45,38,17,8,44,35,34,37,10,39,0,20,36,26,26,40,53,28,23,32,39,45,29,31,47,34,34,19,30,32,35,0,44,40,32,0,20,0,35,41,47,28,33,36,34,38,0,38,5,25,22,38,32,28,38,27,39,35,31,0,26,30,32,34,29,36,34,36,47,49,26
2120,32,32,35,35,0,23,46,31,35,41,42,19,43,33,41,32,23,38,35,34,41,37,37,27,30,45,37,17,8,44,35,34,37,10,39,0,20,36,26,26,40,53,28,22,33,39,45,29,32,47,34,34,19,30,32,35,0,44,42,32,0,20,0,34,40,46,28,33,35,35,38,0,38,5,25,23,38,32,28,38,27,40,35,31,0,26,30,32,34,29,36,33,36,48,49,26
2121,32,32,36,35,0,23,46,31,35,41,41,19,43,33,41,32,24,38,35,34,41,37,37,27,30,45,37,17,8,44,35,34,37,10,39,0,20,36,26,26,40,53,28,22,33,39,45,29,32,47,34,34,19,30,33,34,0,44,43,32,0,20,0,34,40,46,28,34,35,35,38,0,38,5,26,24,38,32,29,38,27,39,35,31,0,26,30,32,34,29,36,33,36,47,49,27
2122,32,32,36,35,0,22,46,31,35,41,42,19,43,32,41,32,25,38,36,34,41,37,38,27,30,45,37,17,8,44,35,34,37,10,39,0,20,36,26,26,40,53,28,22,33,39,45,29,32,47,34,34,19,30,33,34,0,44,43,32,0,20,0,34,40,46,28,34,35,34,38,0,38,5,27,24,38,32,29,38,29,39,35,31,0,26,30,32,34,29,36,33,36,47,49,27
2123,32,32,36,35,0,22,46,31,35,41,42,19,43,32,41,32,25,38,36,33,41,37,38,27,30,45,37,17,8,44,35,34,38,10,39,0,19,35,26,26,40,53,27,22,33,39,45,29,32,47,35,35,19,29,33,34,0,44,43,32,0,20,0,34,40,46,28,33,35,34,38,0,38,5,27,24,38,31,30,38,29,39,35,31,0,26,29,32,34,29,36,33,36,47,49,27
2124,32,32,36,34,0,22,46,31,35,41,43,19,43,32,41,32,25,38,36,33,41,37,38,27,30,45,37,17,8,44,35,33,38,10,39,0,19,34,26,26,40,53,27,22,33,39,45,29,32,47,35,35,19,30,33,34,0,44,43,32,0,20,0,34,40,46,28,33,36,34,38,0,36,5,27,24,38,32,30,38,29,39,36,31,0,26,28,32,34,29,36,33,37,47,49,27
2125,32,32,36,34,0,23,46,31,35,42,44,19,43,32,41,32,25,38,36,33,41,37,38,27,30,45,37,17,8,43,35,33,38,10,39,0,19,33,25,26,40,53,27,22,33,39,45,29,32,47,35,35,19,30,33,34,0,44,43,32,0,20,0,34,40,45,29,33,36,34,38,0,36,5,27,24,38,32,30,38,29,39,36,31,0,26,28,32,33,29,36,33,37,47,50,27
2126,32,32,36,34,0,23,46,31,35,42,42,19,43,32,41,32,25,37,36,33,41,37,38,27,30,45,37,16,8,43,35,34,36,10,39,0,19,33,25,26,40,53,27,22,33,39,45,30,32,47,35,35,19,29,33,35,0,45,44,32,0,20,0,34,40,45,29,33,36,33,38,0,36,5,27,24,38,32,30,38,29,39,36,31,0,26,28,32,33,29,36,33,36,47,50,27
2127,32,32,36,34,0,23,46,31,36,42,42,19,43,32,41,32,25,37,36,33,41,37,38,26,30,45,37,16,8,43,35,34,36,10,39,0,20,33,25,27,40,53,27,23,32,39,45,30,32,47,35,35,19,30,33,35,0,45,43,32,0,20,0,34,40,46,30,33,36,34,37,0,36,5,27,24,38,32,30,38,29,39,36,31,0,26,28,32,33,28,36,32,36,46,50,27
2128,32,32,36,34,0,23,46,31,36,42,42,19,43,32,41,32,24,37,36,33,41,37,38,26,30,45,37,16,8,43,35,34,36,10,39,0,20,33,25,28,40,53,27,23,32,39,45,30,32,47,35,36,19,30,34,35,0,46,42,32,0,20,0,34,40,46,31,33,36,34,37,0,36,5,28,24,38,33,30,38,29,39,36,31,0,27,28,32,33,28,36,32,36,46,50,27
2129,32,32,36,34,0,23,46,32,36,41,42,20,43,32,41,32,24,37,36,33,41,37,38,26,29,45,37,16,8,43,35,36,36,10,39,0,20,33,25,28,40,53,27,23,32,39,45,30,32,47,36,36,20,30,34,35,0,46,42,32,0,20,0,34,40,46,31,33,37,34,37,0,36,5,28,25,38,33,30,38,29,39,36,31,0,27,28,32,32,28,36,31,36,46,49,27
2130,32,32,36,34,0,23,46,32,36,41,42,20,43,32,41,32,24,37,36,33,41,37,38,26,28,45,37,16,8,43,35,36,36,10,39,0,20,33,25,28,40,53,27,22,33,39,45,31,32,48,36,36,20,30,34,35,0,46,42,32,0,21,0,34,40,46,31,33,37,34,36,0,36,5,28,25,38,33,30,38,29,39,36,31,0,27,28,32,32,28,36,31,36,46,49,27
2131,32,32,37,34,0,23,46,31,36,40,42,20,43,32,41,32,24,37,36,33,41,37,38,27,29,45,37,16,9,43,35,36,36,10,39,0,20,33,25,28,40,53,27,22,33,39,45,31,32,48,36,36,21,30,34,35,0,47,43,32,0,21,0,34,40,46,31,33,37,35,36,0,36,5,28,25,38,33,30,38,29,39,36,31,0,27,27,32,32,28,36,31,36,46,49,28
2132,32,31,37,34,0,23,46,30,36,40,42,20,43,32,41,32,24,37,36,33,41,37,39,27,29,45,37,17,9,43,35,36,36,10,39,0,20,33,26,28,41,53,27,22,33,39,46,31,32,49,36,36,21,30,34,35,0,47,42,32,0,21,0,34,40,46,31,33,37,35,36,0,36,5,28,25,38,34,30,38,29,39,36,32,0,27,26,32,32,28,36,31,36,46,49,28
2133,33,31,37,33,0,23,45,30,36,40,42,20,42,32,41,32,25,37,36,33,41,37,37,27,29,46,37,17,9,43,35,35,36,10,39,0,20,33,26,27,41,53,27,22,33,39,47,31,32,48,36,36,21,30,34,34,0,47,42,32,0,21,0,34,40,46,32,33,37,35,36,0,36,5,28,25,38,34,30,38,29,39,36,33,0,27,26,32,32,29,36,31,36,46,49,28
2134,32,31,37,33,0,23,45,30,36,40,42,20,42,32,41,32,24,37,36,33,41,37,37,27,29,46,37,17,9,43,35,36,35,10,39,0,20,33,26,27,41,53,28,22,33,38,47,30,32,48,36,36,21,30,35,34,0,46,42,32,0,21,0,34,38,46,32,33,36,35,36,0,36,5,29,25,39,35,30,38,29,39,36,33,0,27,26,33,32,29,36,31,37,46,49,28
2135,33,31,37,33,0,23,44,30,36,40,42,20,42,32,41,32,24,37,35,32,41,37,37,27,29,46,37,17,9,43,35,36,34,10,39,0,19,33,26,27,41,53,28,23,33,38,47,30,32,48,36,36,21,30,35,34,0,45,42,33,0,21,0,34,38,46,32,33,36,35,36,0,36,5,29,26,39,36,30,38,29,39,36,33,0,26,26,34,32,29,36,31,37,46,49,28
2136,33,31,37,31,0,23,44,29,36,40,42,20,42,33,41,32,24,36,35,32,41,38,37,28,29,46,37,17,9,43,35,36,34,10,39,0,20,33,26,27,40,53,28,23,33,38,47,29,32,48,36,35,22,30,35,34,0,45,42,33,0,21,0,34,38,46,32,33,36,35,36,0,36,5,29,27,39,36,30,38,29,39,36,33,0,26,25,34,32,29,36,31,37,46,48,28
2137,33,31,37,31,0,23,44,29,36,40,42,20,42,33,41,32,24,36,35,32,41,38,37,28,28,46,37,17,9,43,35,36,34,10,39,0,20,33,26,27,40,53,28,23,33,37,47,29,32,48,36,35,22,30,35,34,0,45,43,33,0,21,0,34,38,46,32,33,36,35,36,0,36,5,29,27,39,37,30,38,28,39,36,33,0,25,25,34,32,28,35,31,37,46,48,28
2138,33,31,37,31,0,23,44,29,36,40,42,21,42,33,40,32,25,36,35,32,41,38,37,28,29,46,37,18,9,43,35,36,34,10,39,0,19,33,26,27,40,53,29,23,33,38,47,29,32,48,36,35,24,30,35,34,0,45,43,33,0,21,0,34,38,46,32,33,36,34,36,0,36,5,29,27,39,37,30,38,28,39,36,33,0,25,24,34,32,28,35,31,37,46,47,28
2139,32,31,37,31,0,23,45,29,36,40,41,22,43,33,40,32,26,36,35,33,41,38,37,28,28,46,38,18,9,42,35,36,34,10,39,0,19,33,26,26,40,53,29,23,33,38,47,29,32,48,36,35,24,30,35,34,0,45,42,33,0,21,0,33,38,46,32,33,36,34,36,0,36,5,29,28,39,37,31,37,28,39,36,33,0,25,24,34,32,28,35,31,37,46,47,28
2140,32,31,37,31,0,23,45,29,36,40,41,22,43,33,40,31,26,36,35,33,41,38,37,28,28,46,38,19,9,42,35,36,34,10,39,0,19,33,26,26,40,53,29,23,33,37,47,29,32,48,36,35,24,30,36,33,0,45,42,33,0,21,0,33,38,47,32,33,36,34,36,0,35,5,29,28,39,37,31,37,27,39,36,33,0,25,24,34,32,28,35,31,37,46,47,28
2141,32,31,37,30,0,23,45,29,36,40,41,22,43,33,40,31,26,36,35,33,41,38,37,28,28,45,38,19,9,42,35,36,34,10,39,0,19,33,26,26,41,53,29,23,32,37,47,29,32,48,36,35,24,30,36,33,0,45,42,33,0,21,0,33,38,47,32,33,36,34,36,0,34,5,29,28,39,37,31,37,27,39,36,33,0,24,24,35,32,28,35,31,37,46,47,28
2142,32,31,37,30,0,23,45,29,36,40,41,22,43,33,40,31,27,36,35,33,41,39,37,27,28,45,38,19,9,42,35,36,34,10,39,0,19,33,26,26,41,53,29,23,32,37,47,29,32,48,36,35,24,31,36,33,0,45,41,33,0,21,0,33,38,47,32,33,36,35,36,0,34,5,29,28,39,36,31,37,27,39,36,33,0,25,24,34,32,28,35,31,37,46,46,28
2143,32,31,37,30,0,23,45,30,36,40,41,22,43,33,40,31,27,36,35,33,40,39,37,27,28,46,38,19,10,42,35,37,35,10,39,0,19,33,26,25,41,53,29,23,33,37,47,29,32,48,36,35,24,31,36,32,0,44,42,33,0,22,0,33,38,47,32,33,36,36,36,0,34,5,29,28,39,36,31,37,27,38,36,33,0,25,24,34,32,28,34,31,37,46,45,28
2144,32,30,37,30,0,23,45,30,36,40,41,22,43,33,40,31,27,37,35,33,40,39,38,27,28,46,38,19,10,42,35,37,35,10,39,0,19,33,27,25,41,53,29,23,33,38,47,29,32,48,36,35,24,31,35,32,0,44,42,33,0,21,0,33,38,47,32,32,36,36,36,0,34,5,30,29,39,36,31,37,27,38,36,33,0,25,24,34,32,28,34,31,36,46,45,27
2145,32,30,37,30,0,23,45,30,37,40,41,22,43,33,40,32,27,38,35,33,40,39,38,26,28,46,37,19,10,41,35,37,35,10,38,0,19,32,27,25,41,53,29,23,33,38,47,29,32,48,36,35,24,31,36,32,0,45,42,33,0,21,0,33,38,47,32,32,36,36,36,0,34,5,30,29,39,36,31,37,27,37,36,33,0,25,24,35,32,27,34,31,37,46,45,27
2146,32,30,37,30,0,23,45,30,37,40,41,22,43,33,40,32,27,38,35,33,40,39,38,26,28,46,37,19,10,42,35,36,35,10,38,0,19,32,27,24,41,53,29,23,33,38,47,29,32,48,36,35,24,31,35,31,0,45,42,33,0,21,0,33,38,47,32,32,36,36,36,0,34,5,30,29,39,36,31,37,27,37,36,33,0,24,24,35,32,27,34,31,37,46,45,27
2147,32,30,37,30,0,24,45,30,37,40,41,22,43,33,39,32,27,38,35,33,40,39,38,26,28,47,37,19,10,42,34,36,35,11,38,0,21,33,27,24,41,53,29,23,33,38,47,29,32,48,36,36,24,31,35,31,0,45,42,33,0,22,0,33,38,47,32,34,35,36,36,0,34,5,29,29,39,36,31,37,27,37,36,32,0,24,24,35,32,27,33,31,37,46,45,27
2148,32,30,37,30,0,24,45,30,37,40,41,22,43,33,39,32,27,39,35,33,40,39,38,26,28,46,37,19,10,43,34,36,35,11,38,0,22,33,27,24,41,53,29,23,33,38,47,29,33,48,36,36,24,31,34,31,0,45,42,32,0,22,0,33,38,46,31,33,35,36,36,0,34,5,29,30,39,36,31,36,28,36,36,32,0,24,24,35,32,28,33,31,37,46,45,27
2149,32,30,37,30,0,24,45,31,37,40,41,22,43,33,39,32,27,39,35,34,40,39,38,26,29,46,37,19,10,43,34,36,35,11,38,0,22,33,27,24,41,53,29,23,33,38,48,29,33,48,36,36,24,31,34,31,0,45,42,32,0,22,0,33,38,46,31,33,36,36,36,0,34,6,29,30,39,36,31,36,28,36,37,32,0,25,25,35,32,28,33,31,37,46,44,27
2150,32,30,37,30,0,24,45,31,37,40,41,22,43,33,39,32,27,40,34,34,40,39,38,25,30,46,37,20,10,43,34,36,34,11,38,0,22,33,27,24,41,53,30,23,33,38,48,29,32,49,36,36,24,31,35,31,0,45,42,33,0,23,0,33,38,46,31,33,36,36,37,0,34,6,29,30,39,36,31,37,28,37,37,31,0,26,25,35,32,28,33,31,37,45,44,26
2151,32,30,37,30,0,24,45,31,37,40,41,23,43,33,39,32,27,40,34,34,40,39,38,25,30,46,38,21,10,43,34,36,34,11,38,0,22,33,27,24,41,53,30,23,33,38,48,29,32,49,36,36,25,31,35,31,0,45,42,33,0,23,0,33,38,46,30,33,36,36,37,0,34,6,29,31,39,36,31,36,28,37,37,31,0,27,25,35,33,28,33,31,37,45,44,26
2152,32,30,37,30,0,24,45,31,37,40,41,23,43,33,39,32,27,40,33,34,40,39,37,25,30,45,38,21,10,43,34,36,34,11,38,0,22,33,27,25,41,54,30,23,33,38,48,29,32,49,36,36,25,31,35,31,0,45,42,33,0,23,0,33,38,46,29,34,36,36,38,0,34,6,29,31,39,37,31,36,28,38,37,30,0,27,25,35,33,28,33,31,37,45,44,26
2153,32,30,37,30,0,24,45,31,36,40,41,23,44,34,39,32,27,40,33,34,40,39,37,25,30,45,37,21,10,43,34,36,34,11,38,0,22,33,28,25,41,54,30,23,33,38,48,28,32,49,36,36,25,31,35,31,0,45,42,33,0,23,0,33,38,46,29,34,36,36,38,0,34,6,29,32,39,37,31,36,28,39,37,30,0,27,25,35,33,28,33,31,37,45,43,26
2154,32,31,37,30,0,24,45,31,36,40,41,23,44,34,39,32,27,40,33,34,41,39,37,25,30,46,37,21,10,43,34,35,34,11,38,0,22,33,28,25,41,54,30,23,33,39,48,28,32,49,36,36,26,31,35,31,0,45,42,33,0,23,0,33,38,46,29,34,36,36,38,0,34,6,28,31,39,37,31,36,28,39,37,30,0,27,25,34,33,28,33,31,37,45,42,26
2155,32,32,37,30,0,24,45,31,36,41,42,23,43,33,39,32,27,39,32,34,41,39,37,25,30,46,37,21,10,43,34,35,34,11,38,0,22,34,28,25,42,54,30,23,33,39,48,29,31,49,36,36,27,31,35,30,0,44,42,33,0,23,0,33,38,46,29,34,36,36,38,0,33,6,28,31,37,36,31,36,28,39,37,30,0,27,25,34,33,28,33,31,37,44,42,27
2156,32,32,37,30,0,24,45,32,36,41,42,23,43,32,39,32,27,39,32,34,40,39,37,25,30,46,36,21,10,43,35,35,34,11,39,0,22,34,28,25,43,54,30,23,33,39,48,29,31,49,37,37,28,31,35,30,0,44,42,33,0,23,0,33,38,46,29,34,36,37,38,0,33,6,28,31,37,37,33,35,28,39,36,30,0,28,25,34,33,28,33,31,36,44,42,27
2157,32,32,37,31,0,24,45,32,35,41,42,23,43,32,39,32,27,40,33,34,40,39,37,25,30,47,36,21,10,43,35,35,34,11,39,0,23,34,28,25,43,54,30,23,33,39,48,29,31,49,37,37,28,31,35,30,0,44,42,33,0,23,0,33,38,46,29,33,36,37,38,0,33,6,28,30,37,37,33,35,28,39,37,30,0,28,25,34,33,28,33,31,36,44,42,27
2158,32,31,36,31,0,24,46,32,35,41,43,23,43,32,39,33,27,40,33,34,40,39,37,25,30,47,36,21,10,43,35,36,34,11,39,0,23,34,28,25,43,54,30,23,33,39,47,29,31,49,37,37,28,31,35,30,0,44,42,33,0,23,0,33,38,46,29,33,36,37,38,0,33,6,28,30,37,37,33,36,28,38,37,30,0,28,24,33,35,28,33,31,36,44,42,27
2159,32,31,36,31,0,24,46,32,35,41,43,23,43,32,39,33,26,40,32,34,40,39,36,25,31,47,36,21,11,43,35,36,34,12,39,0,23,34,28,25,43,54,30,23,33,39,47,29,31,48,37,37,28,31,35,31,0,45,42,32,0,23,0,33,37,46,29,33,36,37,37,0,33,6,28,30,37,37,33,36,29,38,37,30,0,29,24,33,35,28,33,31,36,45,42,27
2160,32,31,36,31,0,24,46,32,35,40,43,23,43,32,39,33,26,40,31,34,40,39,35,25,31,47,36,21,11,43,35,36,34,12,39,0,23,33,28,25,43,55,30,23,33,39,47,29,31,48,37,37,29,30,35,31,0,45,42,33,0,24,0,32,37,45,29,33,36,39,37,0,32,6,28,30,37,37,33,36,29,38,37,30,0,28,24,34,35,28,33,31,36,45,42,27
2161,32,31,36,31,0,24,46,32,35,40,43,23,43,32,39,33,26,41,31,33,40,39,35,25,31,47,36,21,11,43,34,36,34,12,39,0,23,33,28,25,43,55,29,24,33,38,47,30,31,48,37,37,29,30,36,31,0,45,42,33,0,24,0,32,37,45,29,33,36,39,37,0,32,6,28,31,37,36,33,36,29,38,37,30,0,28,24,34,35,28,33,31,36,46,41,27
2162,32,31,36,32,0,24,46,32,35,40,43,23,43,32,39,33,25,41,31,33,41,39,35,25,31,47,36,21,10,43,34,36,34,13,39,0,23,31,28,26,43,55,29,24,32,39,47,30,31,48,37,37,29,30,36,31,0,45,42,33,0,23,0,32,37,44,29,33,36,39,37,0,32,6,28,31,37,36,33,37,29,38,37,30,0,28,24,34,35,28,33,30,36,46,41,27
2163,32,32,36,32,0,24,46,33,35,39,43,23,42,32,40,33,25,40,32,33,41,39,35,25,31,47,36,21,10,43,34,36,34,13,39,0,24,31,28,26,43,55,30,24,32,39,47,30,31,48,37,37,29,30,36,31,0,45,42,33,0,23,0,32,37,44,28,33,35,39,37,0,32,6,27,31,37,36,33,37,29,37,37,30,0,28,24,34,35,28,33,30,36,46,40,27
2164,32,32,36,31,0,24,46,33,35,39,44,23,42,32,40,33,25,40,32,33,41,39,35,25,31,46,36,21,10,44,34,37,34,13,39,0,24,31,27,26,42,55,30,24,32,39,47,30,30,48,37,37,29,30,36,32,0,45,42,33,0,23,0,32,37,44,28,33,35,39,37,0,32,6,27,31,36,36,33,37,28,37,37,30,0,28,24,34,36,28,33,30,36,46,40,27
2165,32,33,36,31,0,24,46,33,35,39,44,25,42,32,40,33,27,40,32,33,41,39,35,24,31,46,36,22,11,44,34,37,33,13,39,0,24,31,26,27,42,55,30,24,32,39,47,30,30,48,37,37,29,30,36,32,0,45,42,33,0,23,0,33,37,44,29,33,35,39,37,0,32,7,27,31,36,36,33,37,28,37,37,30,0,28,24,34,36,28,33,30,36,46,39,27
2166,32,32,36,31,0,24,46,33,35,39,44,25,42,32,40,33,27,40,32,32,41,39,35,24,31,46,36,22,11,43,34,38,33,13,39,0,24,31,27,28,42,55,30,24,32,39,46,31,30,49,37,37,29,30,36,32,0,45,43,33,0,23,0,33,37,44,29,33,34,39,37,0,32,7,27,31,36,36,34,37,28,36,37,30,0,29,24,34,36,28,33,30,36,46,39,27
2167,32,32,36,30,0,24,47,33,35,39,44,25,42,32,40,34,27,40,32,32,41,39,35,24,31,46,35,22,11,43,34,38,32,13,39,0,25,31,26,28,41,55,30,24,33,39,46,31,29,49,38,37,29,30,36,32,0,45,43,33,0,23,0,32,37,44,30,32,33,39,37,0,32,7,27,31,36,36,34,37,28,36,37,30,0,30,24,33,36,28,33,30,36,46,39,27
2168,32,32,36,30,0,24,47,33,35,39,43,25,41,32,40,34,27,40,33,32,41,39,35,24,31,46,35,22,11,43,34,38,32,13,38,0,25,31,26,29,42,56,30,24,32,39,46,31,29,49,38,37,29,30,36,32,0,45,43,34,0,23,0,32,37,44,30,32,33,39,37,0,32,7,27,31,36,36,34,37,27,36,37,30,0,30,24,33,36,28,33,30,35,45,39,27
2169,32,32,36,30,0,24,46,33,35,39,43,25,41,32,40,34,27,40,33,32,41,39,35,24,31,46,35,22,11,43,34,38,32,13,38,0,25,31,26,29,42,56,30,24,32,39,46,31,29,49,38,37,28,30,36,32,0,45,43,34,0,23,0,32,37,44,30,32,33,39,37,0,32,7,28,31,36,36,34,37,26,36,37,30,0,30,24,33,36,28,33,30,35,45,39,27
2170,32,32,36,30,0,24,46,33,35,39,43,25,41,32,40,34,30,40,33,32,41,39,35,24,31,46,36,22,11,43,34,38,32,13,38,0,25,31,26,29,42,56,30,24,32,39,46,32,30,49,37,37,28,30,36,32,0,44,43,34,0,23,0,32,37,44,30,32,33,39,37,0,32,7,28,31,36,36,34,37,26,36,36,30,0,29,24,33,35,28,33,30,35,45,38,27
2171,32,32,36,30,0,24,46,33,35,39,43,25,41,33,40,34,30,41,33,32,41,39,34,24,31,46,36,22,11,43,34,38,32,13,38,0,25,31,26,28,42,56,30,24,32,38,45,33,30,48,38,37,28,29,36,32,0,44,43,34,0,23,0,32,37,44,30,32,34,38,37,0,32,7,28,31,36,36,34,37,26,36,36,30,0,28,24,33,35,28,33,29,35,45,38,27
2172,32,32,36,29,0,24,46,33,35,40,43,26,41,33,39,34,30,41,33,32,41,39,34,24,31,46,36,22,11,43,34,37,32,13,38,0,25,30,26,28,42,56,30,24,31,38,45,33,31,48,38,37,28,29,37,32,0,44,43,34,0,23,0,31,37,44,30,32,34,38,37,0,32,7,28,31,36,36,34,37,26,35,36,30,0,28,24,34,35,28,34,29,35,45,38,27
2173,32,31,36,29,0,24,46,33,36,40,43,26,41,33,39,34,30,41,33,32,41,40,34,23,31,46,36,22,11,43,34,37,32,13,38,0,25,30,26,28,42,56,30,26,31,38,45,33,31,48,38,37,28,29,38,33,0,44,44,34,0,23,0,31,37,44,31,32,34,38,37,0,32,7,28,32,36,36,34,37,26,35,36,29,0,28,24,34,35,28,34,29,35,45,38,28
2174,32,31,36,29,0,24,46,33,36,39,43,26,41,33,39,34,30,40,33,32,41,40,33,23,31,46,36,22,11,43,34,37,32,13,38,0,25,30,26,28,43,56,30,26,31,38,44,33,32,48,38,37,28,29,38,33,0,44,44,34,0,23,0,31,38,44,31,32,34,38,37,0,32,7,28,32,36,36,34,37,26,35,36,29,0,28,24,34,35,28,34,29,35,45,38,28
2175,32,31,36,29,0,24,46,33,36,39,43,26,41,33,39,34,30,40,33,32,40,40,33,23,31,45,36,22,11,43,34,37,32,13,38,0,25,30,26,28,43,56,30,26,31,38,44,33,31,48,38,37,28,29,38,33,0,44,44,34,0,23,0,31,37,44,31,32,34,38,37,0,32,7,28,33,36,36,34,37,26,36,36,29,0,28,24,34,35,28,34,29,34,45,38,28
2176,32,31,36,28,0,23,46,33,36,39,43,29,41,34,39,34,31,40,33,32,40,40,34,23,31,45,36,22,11,43,34,37,32,13,38,0,25,30,26,28,44,56,30,26,31,38,44,33,30,47,38,37,28,29,38,33,0,44,43,34,0,23,0,31,36,44,31,32,33,38,36,0,32,7,28,33,36,36,34,37,26,36,36,29,0,28,24,34,35,29,34,29,34,45,38,28
2177,30,31,37,28,0,23,46,33,36,39,41,29,41,34,39,34,31,40,33,32,40,40,34,23,32,45,36,23,12,43,35,36,31,13,38,0,25,30,26,28,44,56,31,27,31,39,44,34,30,48,38,37,28,29,38,33,0,44,43,34,0,22,0,31,36,45,31,32,33,38,38,0,32,7,28,33,36,36,34,37,26,36,37,29,0,28,24,34,35,29,35,29,35,45,38,29
2178,30,31,37,28,0,23,46,33,35,39,41,29,41,33,39,34,31,40,33,32,40,40,35,23,32,45,36,23,12,43,35,36,31,13,39,0,25,30,26,27,44,56,31,27,31,38,44,34,29,48,38,37,29,28,38,33,0,44,43,34,0,22,0,31,36,45,31,32,33,38,38,0,32,7,28,32,36,36,34,38,26,36,37,29,0,28,24,34,35,29,35,29,35,45,38,29
2179,30,32,37,28,0,23,46,33,35,39,41,29,41,33,39,34,31,40,33,33,40,40,34,23,32,45,36,23,12,43,35,36,31,13,39,0,25,31,26,27,44,56,31,28,31,38,43,34,29,48,38,37,29,28,38,33,0,43,43,36,0,22,0,31,36,45,31,32,33,38,37,0,32,7,28,32,36,36,34,38,26,36,37,29,0,28,24,34,35,29,35,29,35,45,37,29
2180,30,32,38,28,0,24,46,33,35,39,41,29,41,33,39,34,32,40,33,34,40,40,34,23,32,44,36,23,12,43,35,36,31,14,39,0,25,31,25,27,44,56,31,28,31,38,44,34,29,47,38,37,29,28,38,33,0,43,42,36,0,22,0,31,36,45,32,32,33,39,37,0,32,7,28,32,37,36,34,37,24,36,38,29,0,28,24,35,35,29,35,29,35,45,37,29
2181,30,31,38,28,0,24,46,33,35,39,41,30,41,33,39,34,31,40,33,34,40,40,34,23,32,44,36,23,12,42,35,36,31,14,39,0,25,31,25,27,44,55,31,28,31,38,43,34,29,47,38,37,29,28,38,33,0,43,42,36,0,22,0,31,36,45,32,32,33,39,37,0,32,7,28,32,37,36,34,36,24,36,38,30,0,28,24,35,35,29,35,29,35,44,36,29
2182,30,31,38,28,0,24,46,33,36,39,41,30,41,33,37,34,31,40,33,34,39,40,34,23,32,44,36,23,12,42,35,36,31,14,39,0,25,31,25,26,44,55,31,28,31,38,43,34,29,47,38,37,29,28,38,33,0,43,42,36,0,23,0,32,36,45,33,32,33,39,37,0,31,7,28,32,37,36,34,36,24,36,38,30,0,28,24,35,35,29,35,29,35,43,36,29
2183,30,31,38,28,0,24,46,33,36,39,41,30,41,33,37,34,31,40,33,33,39,40,34,23,32,44,36,23,12,43,35,36,31,14,39,0,25,32,25,26,44,54,30,28,31,38,43,35,29,47,38,37,29,28,38,33,0,43,42,35,0,23,0,31,36,45,33,32,33,39,37,0,31,7,28,32,37,36,34,36,24,36,38,30,0,28,24,35,35,29,35,29,35,43,36,29
2184,31,31,38,28,0,24,46,33,36,39,41,30,41,33,37,34,31,40,33,33,39,40,34,23,32,44,35,23,12,43,35,36,31,14,39,0,25,32,25,26,44,54,31,28,31,37,43,35,29,45,38,37,29,28,38,33,0,43,42,35,0,23,0,32,36,45,33,32,33,38,38,0,31,7,28,33,37,37,34,36,24,36,38,32,0,28,24,35,35,29,35,29,35,42,36,29
2185,31,31,38,28,0,24,46,33,36,39,41,30,41,33,37,34,32,39,33,33,39,38,34,23,32,44,35,22,12,43,34,36,31,14,40,0,25,32,25,26,44,54,31,28,31,37,43,35,29,45,38,37,29,28,38,33,0,41,42,34,0,23,0,32,36,45,33,32,33,38,38,0,32,7,28,33,37,37,34,36,24,36,38,32,0,28,24,35,35,29,35,29,34,41,36,29
2186,31,31,37,28,0,24,46,33,36,39,41,30,41,33,37,34,32,39,33,33,39,38,34,23,32,44,35,22,12,43,34,36,31,14,40,0,25,32,25,26,44,54,31,28,31,37,43,35,29,45,37,37,29,28,38,34,0,41,42,34,0,23,0,32,36,45,33,32,32,38,38,0,32,7,28,33,37,37,34,36,24,36,38,31,0,28,24,35,35,28,35,29,34,41,36,29
2187,31,31,37,28,0,24,46,32,36,39,41,31,41,33,37,34,32,39,33,33,39,38,34,24,32,44,35,22,12,43,34,37,31,15,41,0,27,32,25,26,44,55,31,28,31,37,43,36,29,45,37,37,29,28,38,35,0,41,42,34,0,23,0,32,36,45,33,32,32,38,38,0,32,7,28,33,37,37,35,36,24,36,38,31,0,28,24,35,34,28,35,29,34,41,36,29
2188,31,31,37,28,0,24,46,32,36,39,41,31,41,33,37,34,32,39,33,33,40,38,34,24,34,44,35,22,12,42,34,37,31,15,41,0,27,32,25,26,43,55,30,28,32,37,43,36,29,45,37,37,29,28,38,35,0,41,42,34,0,23,0,32,36,44,33,32,32,38,38,0,32,7,28,34,37,36,35,36,24,36,38,31,0,28,24,35,34,28,35,29,34,41,36,29
2189,31,31,36,28,0,24,46,32,36,39,41,31,41,33,37,34,32,39,33,33,40,38,34,24,34,45,34,23,12,42,34,38,31,15,41,0,29,32,25,26,43,55,30,28,32,37,42,36,29,45,37,37,29,28,38,35,0,41,42,34,0,23,0,32,36,44,33,32,32,38,38,0,33,7,27,34,37,36,35,36,24,36,38,31,0,29,24,35,34,28,35,29,34,41,35,29
2190,31,31,36,28,0,24,46,32,36,38,41,31,41,33,37,35,32,39,33,33,40,38,34,24,34,45,34,23,12,41,34,38,31,15,41,0,29,32,25,26,43,55,32,28,32,37,42,37,29,45,36,37,28,28,38,35,0,41,42,33,0,23,0,32,37,44,33,32,32,38,38,0,33,7,27,34,37,36,34,36,24,36,38,31,0,29,24,35,34,28,35,29,33,41,35,29
2191,30,30,36,29,0,23,46,32,36,38,41,31,41,33,37,35,32,40,33,33,40,38,34,24,34,45,34,23,12,41,34,38,31,15,41,0,29,32,24,26,43,55,32,28,32,37,41,36,29,45,35,37,28,28,38,35,0,41,42,33,0,23,0,32,37,44,33,31,32,38,38,0,33,7,27,34,37,36,34,36,24,35,38,31,0,29,24,35,34,28,35,29,33,40,35,29
2192,30,30,36,29,0,23,47,32,36,38,41,32,40,33,37,35,32,41,33,33,41,38,33,24,34,45,34,23,12,41,35,38,31,16,42,0,29,32,25,26,43,55,32,28,32,37,41,36,29,45,35,37,28,28,38,35,0,41,42,33,0,23,0,32,37,44,33,31,32,38,38,0,33,7,27,34,37,36,35,36,24,35,38,31,0,29,24,35,34,28,35,28,34,40,35,29
2193,31,30,36,29,0,23,47,32,36,38,41,32,40,33,37,35,33,41,33,33,41,38,33,24,34,44,34,23,12,41,35,38,31,16,41,0,29,32,25,26,43,54,32,28,32,37,41,36,29,45,35,37,28,28,38,35,0,41,41,33,0,23,0,32,37,44,33,31,32,38,38,0,33,7,27,34,37,36,35,36,24,35,38,31,0,29,24,35,33,28,35,28,34,40,35,29
2194,31,30,36,29,0,23,47,32,36,38,42,32,40,33,37,35,33,41,33,33,41,38,33,24,37,44,34,23,12,41,35,37,31,16,41,0,29,32,25,28,43,54,32,28,33,37,41,36,29,45,35,37,28,28,38,35,0,41,41,34,0,23,0,32,37,44,33,31,31,38,38,0,33,7,27,34,37,36,35,36,24,35,38,32,0,29,24,35,33,28,35,28,34,40,35,29
2195,32,30,36,29,0,23,47,32,36,38,41,32,40,33,37,35,33,41,33,33,41,38,33,24,37,44,34,23,11,41,35,37,31,16,41,0,29,32,25,28,42,53,32,28,33,37,41,36,29,45,35,37,28,27,38,35,0,41,42,33,0,23,0,32,37,44,33,31,31,38,37,0,33,7,27,34,37,36,35,36,24,35,38,33,0,29,24,35,33,28,35,28,34,40,35,29
2196,33,30,36,29,0,23,47,32,36,38,41,31,40,33,37,35,33,41,33,32,41,38,33,24,37,44,34,23,11,41,35,38,31,16,41,0,29,33,25,28,42,53,32,28,33,37,41,36,29,44,35,37,27,27,38,35,0,41,42,34,0,23,0,32,37,44,33,31,31,38,37,0,32,7,27,34,37,36,35,36,24,35,38,32,0,29,24,35,33,28,35,28,34,40,35,29
2197,33,31,36,30,0,23,47,32,36,38,41,31,40,33,37,35,33,40,33,32,41,38,34,24,37,44,34,23,11,41,35,38,31,16,41,0,30,33,25,28,42,54,31,28,33,37,40,36,29,44,36,36,27,27,38,35,0,41,42,34,0,24,0,32,37,44,33,31,31,38,37,0,33,7,27,34,37,36,35,36,24,35,37,32,0,29,24,35,33,27,35,28,33,40,35,30
2198,33,31,36,30,0,23,47,32,35,38,41,31,40,33,37,35,33,40,33,32,40,38,35,24,37,44,34,23,11,40,35,38,31,16,41,0,29,33,25,28,42,54,31,28,34,37,39,36,29,44,36,36,28,27,39,35,0,41,42,34,0,24,0,32,37,44,33,31,31,38,37,0,33,7,27,34,37,36,35,36,24,35,37,32,0,29,24,35,33,27,35,28,33,40,35,30
2199,33,32,36,30,0,23,48,32,36,38,41,31,40,33,38,35,34,40,32,31,40,38,35,24,37,44,33,23,11,40,35,38,32,16,41,0,29,33,25,28,42,54,31,28,34,36,39,36,30,45,35,37,29,27,39,36,0,41,42,34,0,24,0,32,37,44,33,31,31,38,36,0,33,7,27,33,37,36,35,36,24,35,37,32,0,29,24,35,33,27,35,28,33,40,35,30
2200,33,32,36,30,0,23,48,32,36,38,41,31,40,32,38,35,34,39,32,31,41,38,35,24,37,44,33,23,11,40,35,38,32,16,40,0,29,33,25,28,42,54,31,28,34,36,39,36,30,45,35,37,28,27,39,36,0,41,42,36,0,24,0,32,37,44,33,31,31,38,36,0,33,7,27,33,37,36,35,35,24,35,37,32,0,29,24,35,33,27,35,28,33,40,35,29
2201,33,32,36,30,0,23,48,32,36,38,41,32,40,32,38,35,34,39,32,31,41,39,36,24,37,44,33,23,11,40,35,37,32,16,40,0,29,33,25,28,42,54,31,28,34,35,39,36,30,45,35,37,29,27,39,36,0,41,42,36,0,24,0,33,37,44,33,31,31,38,36,0,33,7,27,33,37,36,35,35,24,35,37,32,0,29,25,34,33,27,35,28,33,40,35,29
2202,32,32,36,30,0,23,48,32,35,38,41,32,40,32,38,35,34,39,32,31,40,39,36,24,37,44,33,23,11,40,35,37,31,16,40,0,29,33,25,28,42,54,31,28,34,35,39,36,30,45,34,37,29,27,39,36,0,42,42,36,0,24,0,33,37,44,33,31,31,38,36,0,33,7,27,33,37,37,35,35,24,35,37,32,0,29,25,34,33,27,35,28,33,40,34,29
2203,32,33,36,30,0,23,48,32,35,38,41,31,40,32,38,35,34,39,32,32,40,39,36,24,37,44,33,22,11,40,35,37,32,16,40,0,29,33,25,28,41,54,31,28,34,35,39,36,30,45,35,37,29,27,39,36,0,42,42,36,0,24,0,33,35,44,34,31,31,38,36,0,33,7,27,33,37,37,35,35,24,35,37,32,0,29,24,35,33,26,35,27,33,41,34,30
2204,33,34,36,30,0,24,47,32,35,38,41,31,40,32,38,35,34,39,32,32,40,39,36,24,38,44,33,22,11,40,34,37,32,16,40,0,29,33,25,28,41,54,31,28,34,35,39,36,30,45,35,36,29,27,39,36,0,42,42,36,0,24,0,33,34,43,34,31,31,38,36,0,33,7,27,33,37,37,35,35,24,35,37,32,0,29,24,34,33,26,36,27,33,41,34,30
2205,33,34,36,30,0,24,47,31,35,38,41,31,40,32,38,35,34,39,32,32,40,38,36,24,38,44,33,22,11,40,34,37,32,16,40,0,29,33,25,28,41,54,31,28,34,34,39,36,30,45,34,36,29,26,39,36,0,42,42,36,0,24,0,33,34,43,34,31,31,38,36,0,33,7,28,33,38,37,35,35,24,35,37,32,0,29,24,34,33,26,36,27,33,41,34,30
2206,33,35,36,30,0,24,47,31,35,39,41,31,40,32,38,36,33,39,32,33,40,38,36,24,38,44,33,22,11,40,34,37,32,17,40,0,29,33,25,28,41,54,31,28,34,34,39,37,30,45,34,36,29,26,39,36,0,42,42,37,0,24,0,33,34,43,34,31,31,38,36,0,33,7,28,33,38,37,35,35,24,35,37,32,0,29,24,34,33,26,36,27,33,41,34,30
2207,33,35,37,30,0,24,47,31,35,39,42,31,40,32,38,36,33,40,32,32,41,38,36,24,38,44,33,22,11,39,33,38,32,17,40,0,29,33,25,28,40,53,31,28,34,34,39,37,30,44,34,36,29,26,39,36,0,42,42,38,0,24,0,33,35,42,35,31,31,38,35,0,33,7,28,33,38,37,35,35,24,35,37,32,0,29,24,34,33,26,36,27,33,41,34,29
2208,33,36,37,30,0,24,47,31,35,39,42,31,40,32,38,36,33,40,32,31,40,38,36,24,38,43,33,22,11,39,33,38,32,17,40,0,30,33,25,28,39,53,31,28,34,34,39,37,30,44,35,36,29,26,39,36,0,42,42,39,0,24,0,33,35,42,35,31,31,38,35,0,33,7,28,33,38,37,35,35,24,35,37,32,0,29,24,34,33,26,37,27,33,42,34,29
2209,33,36,37,30,0,24,47,30,36,39,42,31,40,31,38,36,33,40,32,31,39,38,36,24,38,42,33,22,11,38,33,38,32,17,40,0,30,33,25,28,40,52,31,28,34,35,39,37,30,44,35,37,28,26,39,36,0,42,42,40,0,24,0,32,35,42,35,31,32,38,35,0,33,7,28,33,39,37,35,35,24,35,38,32,0,29,24,34,33,26,37,27,33,42,34,29
2210,33,36,37,31,0,24,47,30,36,39,42,32,40,31,38,35,34,41,33,31,39,38,36,24,38,42,33,21,12,38,33,38,32,18,40,0,30,33,25,28,40,52,31,28,34,35,39,37,30,44,35,37,28,26,39,36,0,42,42,40,0,24,0,30,35,42,35,31,32,39,35,0,33,7,28,33,39,37,35,35,24,36,37,33,0,29,24,34,33,26,37,27,33,42,34,29
2211,33,36,37,32,0,24,47,30,36,39,42,32,40,31,38,35,34,41,33,31,39,38,36,24,38,42,33,21,12,38,33,38,32,18,40,0,30,33,26,28,40,52,31,28,34,35,39,37,30,44,35,37,28,26,39,36,0,42,41,40,0,24,0,30,35,43,35,31,32,40,35,0,33,7,28,33,39,37,35,35,24,36,37,33,0,29,24,34,33,25,37,27,33,42,33,29
2212,33,36,37,32,0,24,47,30,36,39,42,32,39,31,38,35,34,41,33,31,39,38,36,24,38,42,33,21,12,38,33,38,31,18,40,0,30,33,26,28,40,52,30,28,34,35,39,37,30,44,35,37,28,26,39,36,0,42,41,40,0,24,0,30,35,43,36,31,32,40,35,0,33,8,28,33,39,37,34,35,24,36,37,34,0,29,24,34,33,25,37,27,33,43,33,29
2213,33,36,37,32,0,24,47,29,36,39,42,32,39,31,37,34,34,41,33,32,39,38,36,24,38,42,33,21,12,38,33,38,31,18,40,0,30,33,26,28,40,51,30,28,34,35,39,37,30,45,35,37,28,26,39,36,0,42,41,40,0,24,0,30,35,43,36,31,32,40,35,0,34,8,28,33,39,37,33,35,23,36,37,34,0,29,24,34,33,24,37,27,33,43,33,29
2214,33,36,37,32,0,24,47,29,35,39,42,32,39,31,36,34,34,40,33,32,39,38,36,24,38,42,33,22,13,38,33,37,31,19,40,0,30,33,26,28,40,51,30,28,34,35,39,37,30,45,35,37,28,26,39,36,0,42,41,40,0,24,0,30,35,42,36,31,32,40,35,0,34,8,28,33,40,37,33,35,23,36,37,34,0,28,24,34,33,23,37,27,32,44,33,29
2215,33,36,37,32,0,24,47,29,35,39,42,32,39,31,36,34,34,40,33,32,39,38,36,24,39,42,33,22,13,39,33,37,31,19,39,0,30,33,26,28,41,51,30,28,34,35,39,38,30,45,35,37,28,26,38,36,0,42,41,40,0,24,0,30,35,42,36,31,32,40,35,0,35,8,28,33,40,37,33,34,23,36,37,34,0,28,24,34,33,23,37,28,31,44,33,29
2216,33,36,38,32,0,24,48,29,35,39,42,32,39,31,36,34,34,40,33,32,39,36,36,23,39,42,33,22,13,39,33,38,31,19,39,0,30,33,26,28,41,51,30,28,33,35,38,38,29,45,35,37,28,26,38,36,0,42,41,40,0,24,0,30,35,42,36,31,32,39,35,0,35,8,28,33,40,37,33,34,24,36,37,34,0,30,24,34,33,23,37,28,31,44,32,29
2217,33,36,38,32,0,24,48,29,35,38,42,32,39,31,36,34,34,40,33,32,39,36,36,23,39,42,33,22,13,38,33,38,31,19,38,0,30,33,26,28,41,51,29,27,33,35,38,37,29,45,35,37,28,25,38,36,0,42,41,41,0,24,0,30,35,42,36,31,32,39,35,0,35,8,28,33,39,37,33,34,24,36,37,34,0,30,23,34,32,23,37,28,30,44,32,29
2218,33,36,39,32,0,25,48,29,35,38,42,32,39,31,36,34,34,40,33,32,39,36,35,23,40,42,33,22,13,38,33,39,31,19,38,0,30,32,26,28,41,51,29,27,33,35,39,37,27,45,35,37,28,25,38,36,0,42,41,41,0,24,0,30,36,42,36,31,32,39,34,0,35,8,28,33,38,37,33,34,24,36,37,34,0,30,23,35,32,23,38,28,30,44,32,29
2219,33,36,39,32,0,25,48,29,35,38,42,31,39,31,36,34,34,41,33,32,39,37,35,23,39,42,33,22,13,38,33,38,31,19,38,0,30,32,26,28,41,52,28,27,33,35,39,37,28,45,35,36,28,25,38,36,0,42,41,41,0,24,0,30,37,42,36,31,32,39,34,0,35,8,28,35,38,37,33,34,23,36,37,34,0,30,23,35,32,23,38,28,30,44,32,29
2220,33,36,39,32,0,25,48,29,34,38,42,31,39,31,36,34,34,41,33,32,39,37,35,23,39,42,33,22,13,38,33,37,30,19,38,0,31,32,26,28,41,51,28,28,33,35,40,37,28,45,34,36,29,25,38,36,0,42,41,41,0,24,0,30,36,42,36,31,32,39,34,0,35,8,28,34,38,38,33,34,23,36,37,34,0,30,23,35,32,23,38,27,30,44,32,29
2221,33,37,39,32,0,25,47,29,34,39,42,31,38,31,36,34,34,41,33,32,38,37,35,23,39,42,32,22,13,38,33,37,30,19,38,0,30,32,26,28,41,51,28,28,33,34,39,37,29,45,33,36,29,25,38,36,0,42,41,41,0,24,0,30,37,42,36,31,32,39,34,0,35,8,28,34,37,38,33,34,23,36,37,34,0,30,23,35,32,23,38,27,30,44,32,29
2222,33,37,39,31,0,25,47,29,34,38,42,31,38,31,36,33,33,41,33,32,38,37,35,23,39,42,32,22,13,38,33,37,30,19,38,0,30,33,26,27,40,51,29,28,34,34,39,37,29,45,34,36,30,25,39,37,0,42,41,41,0,24,0,30,37,42,36,31,32,39,34,0,35,8,28,34,37,38,33,34,23,36,37,34,0,30,23,35,32,22,38,27,31,44,32,29
2223,33,37,39,31,0,25,46,29,34,38,41,31,39,31,37,33,33,41,33,32,38,37,35,24,39,42,32,22,13,38,33,37,30,19,38,0,30,33,26,29,40,51,29,28,34,34,38,37,29,45,34,35,30,25,39,37,0,42,41,41,0,24,0,31,37,42,36,31,32,39,33,0,35,8,28,34,37,38,32,34,23,36,36,34,0,30,23,35,32,22,37,27,31,44,32,29
2224,33,37,39,31,0,25,46,29,34,38,42,30,41,31,37,33,33,41,33,32,38,37,35,24,39,42,33,22,13,39,33,37,29,19,38,0,29,33,26,29,40,51,29,28,34,34,39,37,29,45,34,35,29,24,39,36,0,42,41,41,0,24,0,31,36,42,36,32,32,39,33,0,35,8,28,34,37,38,32,34,23,36,37,34,0,30,23,35,32,22,37,27,31,44,32,29
2225,33,37,41,31,0,25,46,28,34,38,42,30,42,31,37,33,33,41,33,32,38,37,35,24,39,42,33,22,14,39,33,37,29,19,38,0,29,34,26,29,41,51,29,28,34,34,39,37,29,45,34,35,29,24,39,36,0,42,41,41,0,25,0,31,36,42,36,31,32,39,33,0,35,10,28,34,37,38,31,34,23,36,37,34,0,30,23,35,32,22,37,27,31,43,32,29
2226,33,37,41,31,0,25,46,28,34,38,42,30,42,31,37,33,33,41,33,31,38,37,35,24,37,42,33,22,14,39,33,38,29,20,38,0,29,34,26,29,41,51,29,28,34,34,39,37,30,45,34,35,28,24,39,36,0,42,41,41,0,25,0,31,36,42,36,31,32,38,33,0,35,10,28,35,37,38,31,34,23,36,37,34,0,30,23,35,33,22,37,27,31,43,32,29
2227,33,37,41,30,0,25,46,28,33,38,42,31,42,32,37,33,33,41,33,31,38,37,35,24,37,42,33,23,14,39,33,38,29,21,38,0,29,33,26,29,41,51,30,28,34,35,40,37,29,45,34,35,28,24,39,35,0,42,41,42,0,25,0,31,36,43,36,31,32,37,33,0,35,10,28,35,37,38,31,34,23,36,37,34,0,30,23,35,33,22,37,27,31,43,32,29
2228,33,37,41,30,0,25,45,28,33,39,42,31,42,33,37,33,34,41,34,31,38,37,35,24,37,42,33,23,14,39,33,37,29,21,38,0,29,33,26,29,41,51,30,28,34,35,40,37,29,45,34,36,28,23,39,35,0,42,41,42,0,25,0,31,36,43,36,31,32,37,34,0,35,10,28,34,37,38,31,34,23,36,37,34,0,30,23,35,33,22,37,27,31,43,32,29
2229,33,37,41,30,0,25,45,28,33,38,42,31,42,33,37,33,34,40,34,31,38,37,35,24,37,42,33,23,14,39,33,37,29,21,38,0,29,33,26,29,41,51,30,28,35,35,40,37,29,45,34,36,28,23,39,35,0,42,41,42,0,25,0,32,36,43,35,31,31,37,34,0,35,10,28,34,37,37,31,34,23,36,37,35,0,30,23,35,33,22,38,27,31,43,32,29
2230,33,37,41,30,0,25,45,28,33,38,42,31,42,34,37,33,33,40,33,31,38,37,35,24,37,42,33,23,14,39,33,37,29,21,37,0,29,33,27,29,41,51,30,28,35,35,40,37,29,45,34,36,28,23,40,35,0,42,41,43,0,25,0,32,36,43,35,31,30,37,34,0,34,10,28,34,37,37,31,34,23,36,36,35,0,30,23,35,32,22,38,27,31,43,32,29
2231,32,38,41,30,0,25,45,27,33,38,42,31,43,34,38,32,33,40,33,31,38,37,35,24,37,42,33,23,15,39,33,37,29,21,37,0,29,33,27,29,41,51,30,28,33,35,40,37,29,43,34,36,28,23,40,34,0,42,40,43,0,25,0,32,36,42,35,31,30,37,34,0,34,10,28,34,37,37,31,34,23,36,35,35,0,30,23,35,31,22,38,26,31,43,32,29
2232,32,38,41,30,0,25,45,27,33,38,42,31,42,34,38,32,32,40,33,31,38,37,35,23,37,42,33,23,15,39,33,37,29,21,37,0,29,33,27,29,41,51,30,28,33,35,39,37,30,43,34,36,28,23,40,34,0,42,40,43,0,25,0,32,36,42,35,31,30,37,34,0,34,10,28,34,38,37,31,34,22,36,35,35,0,30,23,35,31,22,38,27,32,43,32,29
2233,32,38,41,30,0,25,45,27,33,38,41,33,43,34,38,32,32,41,34,31,38,37,36,23,37,41,33,22,15,39,33,37,29,21,37,0,29,33,27,29,43,51,30,28,33,36,39,37,30,43,34,36,28,23,40,34,0,42,40,43,0,25,0,32,36,42,35,31,29,37,34,0,34,10,27,34,38,37,30,34,22,37,34,35,0,30,23,35,31,22,37,27,32,43,32,29
2234,32,38,41,30,0,25,45,27,33,39,41,33,43,34,38,31,32,41,34,31,38,37,36,23,37,41,33,22,15,39,33,37,29,21,36,0,29,33,27,30,43,51,30,28,33,36,39,37,30,43,34,36,28,22,40,34,0,42,40,43,0,25,0,32,36,42,35,31,29,37,34,0,34,10,27,34,38,36,30,33,22,38,34,35,0,30,23,35,31,22,37,27,32,44,32,28
2235,32,38,40,30,0,26,45,27,33,39,41,33,43,34,38,30,33,41,34,31,38,38,36,23,37,40,33,22,15,39,33,37,29,21,34,0,30,33,27,31,43,51,29,28,33,36,39,37,31,43,34,35,28,22,39,34,0,42,40,43,0,24,0,32,35,41,35,30,29,37,34,0,34,10,27,34,38,36,30,33,22,38,33,35,0,30,23,35,31,22,37,27,32,44,32,28
2236,32,38,40,30,0,26,45,27,33,39,42,33,43,34,37,30,33,41,34,31,38,38,37,23,38,40,33,21,15,39,33,37,29,21,34,0,30,33,27,31,43,51,29,28,33,36,39,37,31,44,34,35,29,22,39,34,0,42,39,43,0,24,0,32,35,41,36,30,30,37,34,0,34,11,27,34,38,36,30,33,22,38,33,35,0,31,23,35,31,22,37,27,32,44,32,28
2237,32,38,40,30,0,26,44,27,33,39,42,34,43,34,37,30,33,41,34,31,38,37,37,23,38,40,33,21,15,39,33,37,29,21,35,0,30,32,27,31,43,51,29,28,33,36,39,37,31,44,34,35,29,22,39,34,0,42,39,43,0,24,0,32,35,41,36,30,30,37,34,0,34,11,27,34,38,36,30,33,22,38,33,35,0,31,23,34,31,22,37,27,32,44,32,28
2238,32,38,40,29,0,26,44,27,33,39,42,34,43,34,37,30,33,41,33,31,38,38,37,23,38,40,33,21,15,39,32,38,30,21,35,0,29,32,27,31,43,51,29,28,33,36,39,37,31,44,33,35,29,22,39,34,0,42,40,43,0,24,0,31,35,41,36,30,31,37,33,0,34,11,27,34,38,36,30,33,21,38,33,35,0,30,23,34,31,22,37,27,32,44,32,28
2239,32,39,40,29,0,26,44,27,33,39,42,34,44,34,37,30,33,41,33,31,38,37,37,23,38,40,33,21,15,39,32,38,30,21,35,0,29,32,25,31,43,51,29,28,33,37,39,37,31,44,33,34,29,22,39,34,0,42,40,42,0,24,0,31,35,41,36,30,31,37,33,0,34,11,27,34,38,36,30,33,22,38,32,35,0,30,23,34,31,22,37,27,31,45,32,29
2240,32,39,41,27,0,26,44,27,33,39,43,34,44,34,37,30,33,42,33,31,38,37,37,23,38,40,33,21,15,39,32,37,30,22,35,0,29,32,25,31,43,51,29,28,33,37,39,37,31,44,34,35,29,22,39,34,0,42,40,42,0,24,0,31,35,41,36,29,31,37,33,0,34,11,27,34,38,36,30,33,22,38,31,35,0,30,24,34,31,22,37,26,31,45,31,29
2241,32,39,41,27,0,26,44,27,33,39,43,34,45,34,37,30,33,42,33,30,38,37,37,23,38,40,33,21,15,39,31,38,30,22,35,0,29,32,25,30,43,51,29,28,33,37,39,37,31,44,33,35,28,22,39,34,0,42,40,43,0,24,0,31,35,41,36,29,31,37,33,0,34,11,27,34,38,36,30,33,22,38,31,35,0,30,24,33,31,22,37,25,31,45,31,29
2242,32,39,40,27,0,26,43,26,33,39,43,34,44,34,37,30,33,42,33,30,38,37,37,23,38,40,33,21,15,39,31,38,30,22,36,0,29,32,25,30,43,51,29,28,33,37,39,37,32,44,33,35,28,22,39,34,0,41,40,43,0,24,0,31,35,41,36,29,31,37,33,0,34,11,27,34,38,36,30,33,22,37,31,35,0,30,23,32,31,22,37,25,31,45,31,29
2243,32,39,40,27,0,26,43,26,33,39,43,34,44,34,37,30,33,42,33,30,37,38,38,22,38,40,33,22,15,39,30,38,30,22,36,0,29,32,25,30,43,51,29,28,33,37,39,37,32,44,33,36,28,22,39,33,0,41,40,43,0,24,0,31,35,41,36,30,31,37,33,0,34,11,27,34,38,35,30,33,22,37,31,35,0,30,23,32,31,22,37,25,31,44,31,30
2244,32,39,40,27,0,26,43,26,33,39,43,35,44,34,37,30,33,41,33,30,37,38,38,22,38,40,33,22,15,39,29,38,30,22,36,0,29,32,25,30,42,51,29,28,33,37,39,37,32,44,33,36,28,22,39,33,0,41,40,42,0,24,0,31,35,41,36,29,31,38,32,0,35,11,27,34,38,35,30,33,22,37,31,35,0,30,23,32,29,22,37,25,31,44,31,30
2245,32,39,40,27,0,26,43,26,33,39,43,34,44,33,37,30,33,41,33,30,37,38,38,22,37,40,33,22,14,39,29,38,30,22,36,0,29,32,25,30,42,51,30,28,33,37,39,37,32,44,32,36,28,22,39,33,0,41,40,41,0,23,0,31,35,40,36,29,31,38,32,0,35,10,27,34,38,35,30,33,21,37,30,35,0,30,23,33,29,22,37,25,31,44,31,30
2246,32,39,41,27,0,26,43,26,33,39,44,34,44,33,37,30,33,41,33,29,37,38,38,22,37,40,33,22,14,39,29,38,30,22,36,0,29,32,25,30,42,51,30,28,33,37,39,37,32,44,32,36,28,22,39,33,0,41,40,41,0,22,0,31,35,41,36,28,31,38,32,0,35,9,27,34,38,35,30,33,21,37,30,35,0,30,23,33,28,21,37,24,31,44,32,30
2247,32,39,41,27,0,26,43,26,32,39,45,34,44,33,37,30,33,41,33,29,37,38,37,22,37,40,33,22,14,39,29,37,30,22,36,0,29,32,25,31,42,51,30,28,33,37,39,37,32,43,32,36,28,22,39,33,0,41,41,41,0,22,0,31,35,41,35,28,30,38,32,0,35,9,27,34,38,34,30,33,21,37,30,35,0,30,23,34,27,21,36,24,31,44,32,30
2248,32,39,41,27,0,26,43,26,32,39,46,34,44,33,37,30,33,41,33,29,38,38,37,22,38,40,33,22,14,39,29,38,30,22,36,0,29,32,25,31,42,51,31,29,34,37,39,37,32,43,32,36,30,22,39,33,0,41,41,41,0,22,0,31,35,41,35,28,29,38,32,0,35,9,27,34,38,34,30,33,21,37,30,35,0,30,23,34,27,21,37,24,31,44,32,30
2249,32,39,41,27,0,26,43,26,32,38,46,34,44,33,36,30,33,41,33,29,38,38,37,22,39,40,33,21,14,39,29,39,30,21,36,0,29,32,25,31,42,50,31,30,34,37,39,36,32,43,32,36,30,22,39,33,0,41,41,41,0,22,0,31,35,41,35,28,29,38,32,0,35,9,27,34,38,34,29,33,21,37,30,35,0,30,23,34,27,21,37,24,31,44,31,30
2250,32,39,40,27,0,26,43,27,32,38,46,34,44,33,36,30,33,41,33,29,38,39,37,22,38,40,33,21,14,39,29,39,30,21,36,0,29,32,25,31,42,50,31,30,34,37,39,35,32,43,32,36,31,22,40,33,0,41,41,41,0,22,0,30,33,41,35,28,29,38,32,0,35,9,27,34,38,34,29,33,21,37,30,35,0,30,23,34,27,21,36,24,31,44,30,30
2251,32,39,41,27,0,26,43,27,32,38,46,34,44,33,36,30,33,41,33,29,39,39,37,22,38,39,33,21,15,39,29,40,30,21,37,0,29,32,25,31,42,50,31,30,34,37,39,35,33,42,32,36,31,22,40,33,0,40,41,41,0,22,0,30,33,40,35,28,29,38,32,0,34,10,27,34,38,34,29,33,21,37,30,35,0,30,23,34,28,21,36,24,31,44,28,30
2252,32,39,42,27,0,25,43,27,32,38,46,34,44,33,36,30,34,41,34,29,39,40,37,22,38,39,34,22,15,38,29,40,30,21,38,0,29,32,25,31,42,50,31,30,34,37,39,35,33,41,32,36,30,22,40,33,0,40,41,41,0,22,0,30,33,40,35,28,29,38,32,0,34,10,27,34,38,34,29,33,21,37,30,35,0,30,23,34,28,21,36,24,31,43,28,30
2253,32,39,41,27,0,25,43,27,32,38,47,34,44,33,36,30,34,41,34,29,39,40,37,22,38,39,34,22,15,39,28,39,30,21,38,0,29,32,25,31,42,50,31,30,35,37,39,35,33,41,32,36,29,22,39,33,0,39,41,41,0,22,0,30,33,40,35,28,29,38,32,0,34,10,27,34,38,34,29,32,22,37,30,35,0,30,23,34,28,21,36,24,31,43,28,30
2254,32,39,41,27,0,25,42,26,31,38,47,34,44,33,36,30,34,41,34,29,39,40,37,22,38,38,34,22,15,39,28,39,30,21,37,0,30,32,25,31,42,50,31,30,35,37,39,34,33,41,32,36,29,22,39,33,0,39,40,41,0,22,0,30,33,40,35,28,29,38,32,0,33,10,27,34,38,34,29,32,22,37,30,35,0,31,23,34,27,21,36,24,31,42,28,30
2255,32,39,41,27,0,26,41,26,31,38,47,34,45,32,37,30,34,41,35,29,38,40,37,22,38,38,34,22,15,39,28,38,30,21,37,0,30,32,25,31,42,50,31,30,35,37,38,34,33,41,32,36,29,22,38,33,0,39,40,40,0,22,0,30,33,40,35,28,29,38,32,0,33,10,27,34,38,35,29,32,21,37,29,35,0,30,22,34,27,21,36,24,31,42,28,30
2256,32,38,41,27,0,26,41,26,31,38,47,34,44,32,37,30,35,41,35,29,38,40,37,22,38,37,33,22,15,38,28,38,30,21,37,0,31,32,25,31,42,50,31,30,35,36,38,34,33,41,32,36,29,22,37,33,0,39,40,40,0,22,0,30,33,40,35,28,29,38,32,0,33,10,27,33,38,35,29,32,21,37,29,35,0,30,21,34,27,21,37,24,31,42,28,30
2257,32,38,41,27,0,26,41,25,31,38,46,33,44,32,37,30,34,42,35,29,39,40,37,22,39,37,33,22,15,38,28,38,30,21,38,0,31,32,25,31,43,50,30,30,36,36,38,34,33,41,32,36,29,22,37,33,0,38,40,40,0,22,0,30,33,40,35,28,28,39,33,0,33,10,27,33,38,35,30,32,21,37,29,35,0,30,21,34,27,21,37,24,31,42,28,30
2258,32,39,41,27,0,26,42,25,31,38,48,33,44,31,37,30,34,42,34,29,39,40,37,21,39,38,32,22,15,38,28,37,30,21,38,0,31,32,25,32,43,50,30,30,36,36,38,34,33,41,31,36,29,22,37,33,0,38,40,40,0,22,0,30,33,40,35,28,28,38,33,0,33,10,28,33,38,35,30,32,21,37,30,35,0,30,21,34,27,21,37,24,31,42,28,30
2259,33,39,41,27,0,26,42,25,31,38,48,34,44,31,39,30,34,42,35,29,38,39,37,21,39,38,32,22,15,38,28,37,30,21,39,0,31,33,24,32,43,49,30,30,36,36,38,34,34,41,31,36,29,22,36,33,0,38,40,40,0,22,0,30,33,40,35,28,28,38,33,0,33,10,28,33,38,36,30,32,21,37,30,35,0,30,21,34,27,21,36,24,31,42,28,30
2260,33,39,41,27,0,26,42,25,31,37,48,34,44,31,39,30,34,42,35,29,38,39,37,21,39,38,32,23,15,38,28,37,30,21,39,0,32,32,24,32,43,49,31,30,36,36,38,34,34,41,32,36,29,22,36,32,0,37,41,40,0,22,0,30,33,40,35,28,28,38,33,0,33,10,28,33,38,36,30,32,21,37,30,35,0,30,21,34,27,21,36,24,31,42,28,30
2261,33,38,41,27,0,26,42,25,30,37,48,34,45,31,39,30,34,42,35,29,38,39,37,21,39,38,32,23,15,38,28,36,30,21,39,0,31,32,24,32,43,49,31,30,35,36,38,34,34,42,32,36,29,22,36,32,0,37,41,40,0,23,0,30,33,40,35,28,28,38,33,0,33,10,28,33,37,36,30,32,21,37,30,34,0,30,21,34,27,21,36,24,31,42,28,30
2262,33,38,41,27,0,25,42,25,30,37,48,34,45,31,39,30,34,42,35,29,38,39,37,21,39,38,32,23,16,38,28,36,29,21,39,0,31,32,24,32,43,49,31,30,35,36,38,34,34,41,33,36,29,22,36,32,0,37,41,41,0,24,0,30,33,40,36,28,28,37,33,0,34,10,28,33,37,36,30,32,21,37,29,33,0,30,21,34,26,21,36,24,31,41,27,30
2263,33,38,41,27,0,25,42,25,30,37,48,34,45,31,39,31,34,42,35,29,38,39,37,20,39,39,32,23,16,38,28,35,29,21,39,0,31,32,24,32,43,49,31,31,35,36,39,34,34,41,33,36,29,23,36,32,0,37,41,41,0,24,0,30,33,40,36,28,28,37,33,0,34,10,28,33,37,36,30,32,21,38,29,33,0,30,21,34,26,21,36,24,31,41,27,30
2264,33,38,41,27,0,25,42,26,29,37,48,35,45,31,39,31,34,42,35,29,38,39,37,20,39,39,32,23,16,38,28,35,29,22,39,0,31,32,24,32,42,49,31,31,34,36,39,33,34,41,34,36,29,23,36,32,0,37,41,41,0,25,0,29,33,40,36,28,28,37,33,0,34,10,28,33,37,36,30,33,21,37,29,33,0,30,21,33,26,21,37,24,31,41,27,30
2265,33,38,41,26,0,26,42,26,30,37,48,35,45,31,39,31,34,42,35,28,38,39,36,21,39,39,32,23,16,38,28,36,29,22,39,0,31,32,24,32,42,49,31,31,34,36,38,33,34,41,34,36,29,23,36,32,0,37,41,41,0,25,0,29,32,40,36,28,28,37,33,0,34,10,28,33,37,36,30,33,21,37,28,33,0,30,21,33,26,21,37,24,31,41,26,30
2266,33,39,42,26,0,26,41,26,30,37,47,35,45,31,39,31,34,42,35,28,38,39,36,21,39,39,32,23,16,38,28,37,29,22,39,0,31,32,24,32,42,49,31,31,34,36,37,33,34,41,34,36,29,23,35,32,0,37,41,41,0,25,0,29,32,40,36,28,28,37,33,0,34,10,28,34,37,37,30,33,21,37,28,33,0,30,20,33,25,21,37,24,31,41,26,30
2267,33,39,41,26,0,25,41,26,30,37,47,36,44,31,40,32,34,42,35,27,38,39,36,21,39,40,32,23,16,38,28,38,29,22,39,0,32,31,24,32,42,49,31,32,34,36,37,33,34,41,34,36,29,22,35,32,0,37,41,41,0,25,0,29,32,40,36,28,28,37,33,0,34,10,28,34,36,36,30,33,21,35,27,34,0,30,20,33,25,21,37,24,30,41,26,30
2268,33,40,42,26,0,25,41,26,30,37,47,36,44,31,40,31,34,42,35,27,38,39,36,21,39,40,34,24,16,39,28,38,28,22,39,0,32,31,24,33,41,49,31,32,34,36,37,33,34,41,34,36,29,22,35,32,0,37,41,41,0,25,0,29,32,40,35,28,28,36,34,0,34,10,28,34,36,36,30,32,21,35,27,34,0,31,20,33,25,21,37,24,30,40,26,30
2269,33,39,42,26,0,25,41,26,30,37,47,36,44,31,40,31,33,42,35,27,38,39,36,21,39,40,34,24,16,39,28,37,28,22,39,0,32,31,24,33,41,49,31,33,34,36,37,33,34,41,34,36,29,22,35,32,0,37,41,41,0,25,0,29,31,40,35,28,28,36,34,0,34,10,27,34,36,36,30,31,21,35,27,34,0,32,20,33,25,21,37,24,30,40,26,29
2270,33,39,42,26,0,25,41,26,30,37,47,36,44,31,39,31,33,42,35,27,38,40,36,22,38,40,34,24,16,39,28,37,28,22,39,0,32,30,24,33,41,49,31,33,34,36,37,33,34,40,34,36,29,22,36,32,0,37,40,41,0,25,0,29,31,40,35,28,28,35,34,0,34,10,27,34,36,36,29,31,21,35,27,34,0,32,20,33,25,21,37,24,30,40,26,29
2271,33,39,42,26,0,25,41,26,30,37,46,36,44,30,38,31,33,42,35,27,38,40,36,22,38,39,34,24,16,39,28,37,28,22,39,0,32,30,24,33,41,49,31,33,34,36,37,33,34,40,33,36,29,22,36,32,0,37,40,41,0,25,0,29,31,40,35,29,28,34,34,0,33,10,27,34,36,36,29,30,21,35,27,34,0,32,18,33,25,21,37,23,30,40,26,29
2272,33,39,42,26,0,25,41,26,30,36,46,36,44,30,38,31,33,42,35,27,38,40,36,22,38,39,34,24,16,39,28,37,28,22,39,0,33,30,24,33,40,49,31,33,35,36,37,33,35,40,33,35,29,22,36,32,0,36,40,41,0,25,0,29,31,40,35,28,27,35,34,0,33,10,27,34,36,36,29,30,21,35,27,34,0,32,18,33,25,21,37,23,30,39,26,29
2273,33,39,42,27,0,25,41,26,30,36,46,36,44,30,38,31,33,42,35,27,38,40,36,22,38,38,34,24,16,39,28,37,28,22,39,0,32,30,24,33,40,49,31,33,35,36,37,34,35,40,33,35,30,22,36,32,0,36,40,41,0,25,0,29,31,40,35,28,27,35,34,0,33,10,27,34,36,36,29,29,21,35,27,34,0,32,18,33,25,21,37,23,30,39,26,29
2274,33,39,42,27,0,25,41,26,30,36,46,36,44,29,38,32,33,43,35,27,38,40,36,22,38,38,34,24,16,39,29,37,28,22,39,0,32,29,25,33,40,49,30,33,35,36,37,34,35,40,33,35,30,22,36,32,0,36,40,41,0,25,0,29,31,40,34,28,27,35,34,0,33,10,27,34,36,36,29,29,21,35,27,33,0,32,18,33,25,21,37,23,30,39,26,29
2275,33,39,42,27,0,25,42,26,30,37,46,36,44,29,38,31,33,43,35,27,38,39,36,22,38,38,34,24,17,40,29,37,28,22,39,0,32,29,25,33,40,49,30,33,35,36,37,34,35,40,33,35,30,22,36,32,0,36,40,41,0,25,0,29,31,40,34,28,27,35,35,0,33,10,27,34,36,36,30,30,21,35,27,32,0,32,18,33,26,21,37,23,30,39,26,29
2276,33,38,42,27,0,25,41,26,30,37,45,35,45,29,38,31,33,43,35,27,37,39,36,22,38,38,34,24,17,40,29,38,28,23,39,0,32,29,25,33,40,49,30,33,35,36,37,34,35,40,33,35,30,22,36,32,0,36,40,41,0,25,0,29,31,40,34,28,27,35,35,0,33,10,27,34,36,36,29,30,20,35,27,32,0,32,18,33,26,21,37,23,30,39,26,30
2277,33,38,42,27,0,25,41,26,31,38,45,36,45,29,37,31,33,43,35,27,37,39,36,22,38,38,34,24,17,40,29,38,28,23,39,0,32,29,25,33,40,49,30,33,35,36,37,34,35,40,33,34,30,22,36,32,0,36,40,41,0,25,0,29,31,40,35,28,27,35,35,0,33,10,28,34,36,36,29,30,20,34,27,31,0,32,18,33,26,21,37,22,29,39,26,30
2278,32,38,43,27,0,25,41,26,31,38,45,36,45,29,37,31,33,43,36,27,37,39,36,22,36,38,34,24,17,40,29,38,28,23,39,0,31,29,25,33,40,49,30,33,35,36,37,34,35,40,32,34,30,23,36,32,0,36,40,42,0,24,0,27,31,40,35,28,27,35,35,0,33,10,28,34,36,36,29,30,20,34,27,31,0,32,18,33,26,21,37,22,29,39,26,30
2279,32,38,43,27,0,25,41,26,31,38,46,35,46,29,37,31,34,43,36,27,37,39,36,22,36,38,34,24,17,40,29,38,28,23,39,0,31,29,25,33,40,49,31,33,35,36,37,34,35,40,32,33,31,23,36,32,0,35,40,42,0,24,0,27,32,40,35,28,27,35,35,0,31,10,28,34,36,35,29,30,20,34,27,31,0,32,18,32,26,21,37,22,29,39,26,30
2280,31,38,43,27,0,24,41,26,31,38,46,35,46,29,37,32,34,43,36,27,37,39,36,22,36,38,34,25,17,40,29,38,28,23,39,0,31,29,25,33,40,49,32,33,35,36,37,34,35,40,32,33,31,23,35,32,0,35,40,42,0,24,0,26,32,40,35,28,27,35,35,0,31,10,28,34,36,35,29,30,20,34,27,31,0,31,18,32,26,21,37,22,29,37,26,30
2281,31,38,43,27,0,24,40,26,31,38,46,34,46,29,37,32,34,43,36,27,37,39,35,22,36,38,33,25,17,39,29,38,28,23,39,0,31,29,25,33,40,49,32,33,35,36,38,34,35,40,31,33,31,23,35,32,0,35,40,42,0,24,0,26,32,40,35,28,27,35,35,0,31,10,28,35,36,35,29,30,20,34,27,31,0,31,17,32,26,21,37,23,29,37,25,30
2282,31,38,43,27,0,24,40,26,31,38,46,34,46,29,37,32,34,43,35,27,37,39,35,22,36,38,33,25,17,39,28,38,28,23,39,0,31,29,25,33,40,49,32,33,35,35,37,34,35,40,31,33,31,23,35,32,0,35,40,42,0,24,0,26,31,39,36,28,27,35,35,0,31,10,28,36,36,35,29,30,20,34,27,31,0,32,17,32,25,21,37,23,29,37,25,30
2283,31,38,43,27,0,24,40,26,32,38,46,35,46,29,37,32,34,43,35,27,37,39,35,22,36,38,33,25,17,39,28,39,28,23,39,0,31,29,25,33,40,49,32,33,35,35,38,34,36,39,31,33,31,23,35,32,0,35,40,41,0,24,0,26,30,39,36,28,27,35,36,0,31,10,28,36,36,34,28,30,20,34,27,31,0,32,17,32,25,21,37,23,29,37,25,30
2284,31,41,43,27,0,24,40,27,32,38,46,36,46,29,37,32,34,43,35,27,36,39,35,22,36,38,33,25,17,39,28,39,28,23,39,0,31,29,25,34,40,49,32,33,35,35,38,33,36,39,31,33,31,23,35,32,0,35,40,41,0,25,0,26,30,39,36,28,27,35,36,0,31,10,28,36,36,34,27,30,20,34,27,31,0,32,17,32,25,21,37,23,29,37,25,30
2285,31,41,43,26,0,24,40,27,32,38,46,37,46,29,37,31,34,43,35,27,36,40,35,22,36,38,33,25,17,39,27,38,28,23,40,0,31,29,25,34,41,49,32,33,35,35,38,33,36,39,31,33,31,22,35,32,0,34,40,41,0,25,0,26,29,39,36,28,27,35,36,0,31,10,28,36,36,34,27,30,20,34,27,31,0,31,17,32,25,21,37,23,29,38,25,31
2286,31,41,43,26,0,24,40,28,32,38,46,37,46,29,37,30,35,43,35,27,36,40,35,22,36,38,33,25,17,38,27,38,28,23,40,0,31,29,25,35,42,49,32,33,35,35,38,33,36,38,31,32,31,22,35,32,0,34,40,41,0,25,0,26,29,39,36,28,27,35,36,0,31,10,28,36,36,33,27,29,20,34,27,31,0,31,17,32,25,21,37,23,29,38,25,31
2287,31,42,43,26,0,24,40,28,33,38,46,37,46,29,37,30,35,43,35,27,36,40,35,22,36,38,33,25,17,38,26,38,28,23,40,0,32,29,25,35,42,49,32,33,35,35,38,33,36,38,31,32,31,22,34,32,0,34,40,40,0,25,0,26,29,39,35,28,27,35,36,0,30,10,28,36,36,32,27,29,20,35,28,31,0,31,17,32,25,21,37,23,29,38,25,31
2288,31,42,43,26,0,24,40,28,33,38,45,37,46,29,37,30,35,43,34,27,36,40,35,22,36,38,33,25,17,38,25,38,28,23,40,0,32,29,25,35,41,49,32,33,35,35,38,33,37,38,31,32,31,21,33,32,0,34,39,40,0,24,0,26,29,39,35,28,27,35,36,0,30,10,28,35,35,32,26,29,20,35,28,31,0,31,17,32,25,21,37,23,29,38,25,31
2289,31,42,43,26,0,23,39,28,33,38,45,37,46,29,37,30,36,43,34,26,37,40,36,22,36,38,33,25,18,38,25,38,28,23,40,0,32,29,25,34,41,49,32,33,35,34,38,33,37,39,31,32,31,21,33,32,0,34,39,40,0,24,0,27,29,38,35,28,27,35,36,0,30,10,28,35,34,31,26,29,20,35,28,31,0,31,17,32,25,21,37,23,29,38,25,31
2290,31,42,44,27,0,23,39,28,33,38,45,38,46,29,37,30,37,44,34,25,37,40,36,22,36,38,33,25,18,38,24,38,28,24,40,0,32,29,24,35,41,48,32,33,35,34,38,33,37,39,31,32,31,21,33,32,0,34,39,40,0,24,0,27,28,38,35,27,27,34,36,0,30,10,28,36,34,31,26,29,20,35,28,31,0,32,17,32,25,21,37,23,29,38,25,31
2291,31,42,44,27,0,23,39,28,32,38,45,39,46,29,38,30,37,44,34,25,37,40,36,22,36,38,33,25,18,38,24,38,28,25,40,0,32,29,24,35,42,48,32,33,35,34,38,33,37,39,31,32,31,21,33,32,0,33,39,39,0,24,0,27,28,38,35,27,27,34,36,0,30,10,28,36,34,31,26,29,20,35,28,31,0,31,17,32,25,21,37,23,29,38,25,31
2292,31,42,44,27,0,22,39,28,32,39,45,40,46,29,38,30,37,44,34,25,37,40,36,22,36,38,33,25,18,38,24,38,28,25,41,0,33,29,23,35,43,48,32,33,35,34,38,33,37,38,31,31,31,21,33,31,0,33,39,39,0,24,0,27,28,38,35,27,27,33,36,0,30,10,28,35,34,31,26,29,20,35,27,31,0,31,17,32,24,21,37,23,28,38,25,30
2293,31,42,44,26,0,22,39,28,32,39,45,40,46,29,38,29,37,44,34,25,37,39,36,21,36,37,33,26,18,38,24,38,28,25,41,0,33,28,23,37,43,48,32,34,35,33,37,33,37,38,31,31,31,21,33,31,0,33,38,39,0,24,0,27,28,38,35,27,26,33,36,0,30,10,28,35,34,31,26,29,20,35,27,31,0,31,17,32,24,21,37,23,28,37,25,30
2294,31,42,44,26,0,22,39,28,32,39,45,40,47,29,38,29,37,44,35,26,37,39,36,22,35,37,33,26,18,38,24,38,27,25,40,0,32,28,23,37,43,48,31,34,35,33,37,33,37,38,31,31,31,21,33,31,0,33,38,39,0,24,0,27,28,38,35,27,26,33,35,0,30,10,28,35,34,31,26,29,20,35,27,31,0,30,17,32,24,21,37,23,27,37,25,30
2295,30,43,44,26,0,22,39,28,32,39,45,40,46,29,39,29,37,43,35,26,37,39,36,22,35,37,33,26,18,38,23,38,27,26,40,0,32,28,23,37,43,48,31,34,36,33,37,33,38,38,31,31,31,21,34,31,0,33,38,39,0,24,0,27,28,38,35,27,26,33,35,0,30,10,28,35,33,31,26,29,20,35,27,31,0,30,17,32,24,20,37,23,27,37,25,30
2296,30,43,44,26,0,22,39,28,32,38,45,40,46,29,39,29,37,44,34,25,37,39,36,22,35,37,33,26,18,38,23,38,27,26,40,0,32,28,22,36,43,48,31,34,37,33,36,33,38,38,31,31,31,22,34,31,0,32,38,39,0,24,0,27,28,38,35,27,26,33,35,0,30,10,28,35,33,30,26,29,20,35,27,31,0,29,17,32,24,20,38,23,27,37,25,30
2297,30,43,44,25,0,22,39,28,32,38,45,40,46,28,39,29,37,43,34,25,37,39,36,22,35,37,33,26,18,37,23,38,27,26,40,0,33,28,22,36,43,48,31,35,37,32,36,33,38,39,31,31,31,22,34,31,0,32,38,38,0,24,0,27,27,37,35,27,26,33,34,0,30,10,28,35,33,30,26,29,20,34,27,31,0,29,17,32,23,20,38,22,27,37,25,30
2298,30,43,44,25,0,22,39,28,32,38,45,40,46,28,39,29,36,43,34,25,37,39,36,22,35,36,33,26,18,37,23,38,27,26,40,0,33,29,22,36,43,48,31,35,37,32,36,33,39,39,31,31,31,22,34,31,0,32,38,38,0,24,0,27,27,37,35,27,26,33,34,0,30,11,28,35,32,30,26,29,20,34,27,31,0,29,17,32,23,20,38,22,27,37,25,30
2299,30,43,44,25,0,22,39,27,31,38,45,40,46,28,39,29,36,42,34,25,37,39,36,22,35,36,33,26,18,37,23,38,27,26,40,0,33,29,22,36,43,48,31,35,37,32,36,33,39,39,30,31,31,22,34,31,0,32,38,38,0,24,0,27,27,37,36,27,25,33,34,0,30,11,28,35,32,30,26,29,20,34,27,31,0,29,16,32,23,20,38,22,27,37,25,30
2300,30,43,44,25,0,22,39,27,31,38,46,40,46,28,39,29,36,42,34,25,37,39,36,22,35,36,33,26,18,37,23,38,27,26,40,0,33,29,22,36,43,47,31,35,36,32,36,33,39,38,30,31,31,22,34,31,0,32,38,38,0,24,0,27,26,36,36,27,25,33,34,0,30,11,28,35,32,30,26,29,20,34,27,30,0,29,15,31,23,19,38,22,27,37,25,29
2301,30,43,44,25,0,22,39,28,31,38,46,40,45,28,39,29,36,42,34,25,37,39,36,22,35,36,33,26,18,37,22,38,27,26,40,0,33,29,23,36,43,47,31,35,36,32,36,33,39,37,30,31,31,21,34,31,0,32,38,38,0,24,0,27,26,36,36,27,24,33,34,0,29,11,28,36,32,29,26,29,19,34,27,30,0,29,15,31,23,19,38,23,27,37,25,29
2302,30,43,44,25,0,22,39,28,31,38,46,40,45,28,39,29,36,42,34,25,37,39,36,22,35,36,33,26,18,37,21,38,27,26,40,0,33,29,23,37,43,47,31,35,36,32,35,32,39,37,30,31,31,21,34,31,0,32,38,38,0,25,0,27,26,36,36,27,24,33,34,0,29,11,28,36,32,29,26,29,19,34,27,30,0,29,15,31,23,19,38,23,26,37,25,29
2303,29,42,44,25,0,22,39,28,30,37,45,40,45,28,39,29,36,42,34,25,37,39,36,23,35,36,33,28,18,37,21,38,27,26,40,0,33,28,23,37,43,47,31,36,35,32,35,32,39,37,30,31,32,21,34,31,0,33,38,38,0,25,0,27,26,37,35,27,24,33,34,0,29,11,28,36,32,29,26,29,19,35,27,30,0,29,15,29,23,18,38,23,27,37,25,29
2304,29,42,44,25,0,22,39,28,30,37,45,40,46,28,39,29,36,42,34,25,37,38,35,23,35,36,33,28,18,38,21,38,27,26,40,0,33,28,23,36,43,46,31,36,35,32,35,32,39,37,30,32,32,21,34,31,0,33,38,38,0,25,0,27,26,37,35,27,24,33,34,0,29,11,28,36,32,29,26,29,18,35,27,30,0,29,15,29,23,18,38,23,27,37,25,29
2305,29,42,44,25,0,22,39,27,30,37,45,41,46,28,39,29,36,41,34,24,37,38,35,23,35,36,33,28,18,38,21,38,27,26,40,0,33,28,23,36,43,46,31,36,35,32,35,32,39,37,29,32,32,21,34,31,0,33,38,38,0,25,0,27,26,37,35,27,24,33,34,0,29,11,28,36,32,28,26,28,18,35,27,29,0,29,15,29,23,18,38,23,27,37,25,29
2306,29,42,44,25,0,22,39,27,30,37,45,41,46,28,39,29,36,41,34,24,36,38,36,23,35,36,33,29,18,37,21,39,27,26,40,0,33,28,23,36,43,45,31,37,35,33,35,32,39,37,29,32,35,21,34,31,0,33,38,38,0,25,0,27,26,37,35,27,24,32,34,0,29,11,28,36,32,28,26,28,17,36,27,29,0,29,15,29,23,18,38,23,26,37,25,30
2307,28,42,44,25,0,22,39,27,30,37,45,41,46,28,39,29,37,41,34,24,36,38,36,23,35,36,33,29,18,37,21,39,27,26,39,0,34,28,23,36,42,45,31,37,35,33,35,32,39,37,28,32,35,21,34,31,0,33,38,39,0,25,0,27,25,37,35,27,24,32,34,0,29,11,28,35,32,28,26,28,17,36,27,28,0,29,15,29,23,18,38,23,26,37,24,30
2308,28,42,43,25,0,23,38,27,31,37,43,42,46,28,39,29,36,41,34,24,35,38,36,23,35,36,33,29,19,37,21,39,27,26,39,0,34,27,23,36,43,45,31,37,35,33,35,32,39,37,28,32,35,21,34,31,0,33,38,40,0,26,0,27,25,36,35,27,24,32,34,0,28,11,28,35,32,28,26,28,17,36,27,28,0,29,15,29,23,19,38,23,26,37,24,30
2309,28,42,43,25,0,23,38,27,30,37,43,42,46,28,39,29,36,41,34,24,35,37,36,23,35,36,33,29,20,37,21,39,27,27,39,0,34,27,23,36,43,45,31,37,35,33,35,33,39,37,28,32,35,21,34,31,0,33,38,40,0,25,0,27,25,37,35,27,24,32,34,0,28,11,28,35,32,28,26,28,17,36,27,28,0,29,15,29,22,19,38,23,26,37,24,30
2310,28,42,43,25,0,22,38,27,30,37,43,42,46,28,39,29,36,40,34,24,35,37,36,22,34,36,33,29,19,37,21,39,27,27,39,0,34,28,23,36,43,45,31,37,35,33,34,33,39,37,28,31,35,21,34,32,0,33,38,40,0,25,0,26,25,37,35,27,24,31,34,0,28,11,28,35,32,28,26,28,17,36,27,28,0,29,15,29,22,19,38,23,26,37,24,30
2311,28,42,43,25,0,22,38,27,30,37,42,42,46,28,39,29,36,40,34,24,35,37,36,22,34,36,33,29,19,37,21,39,27,27,39,0,34,28,23,36,43,45,31,37,35,33,34,32,39,37,28,31,35,21,34,32,0,33,36,40,0,25,0,26,25,37,34,27,24,31,34,0,28,11,28,36,32,27,26,28,16,36,27,28,0,29,15,28,22,19,38,23,26,37,24,31
2312,28,42,43,25,0,22,38,27,30,37,42,41,46,28,39,28,36,40,34,24,35,37,36,22,35,36,33,29,20,37,22,38,27,27,39,0,34,28,23,36,43,45,31,37,35,33,34,32,39,37,27,31,35,21,34,32,0,33,37,40,0,25,0,26,25,37,34,27,24,30,34,0,28,11,28,36,32,27,26,28,16,36,27,28,0,30,15,28,22,19,38,23,26,37,24,32
2313,28,42,43,25,0,22,38,27,31,37,42,41,46,28,39,27,36,40,34,24,36,37,36,21,35,37,33,29,20,36,21,38,27,27,39,0,34,28,23,36,43,45,31,37,35,33,34,33,39,37,27,31,35,21,34,32,0,33,37,40,0,24,0,26,25,36,34,27,23,30,34,0,28,11,28,36,31,26,26,28,16,36,27,28,0,30,15,28,22,19,38,23,26,37,24,32
2314,28,41,43,25,0,22,38,27,31,37,42,41,45,28,39,26,36,40,34,24,36,37,36,21,35,37,33,30,20,36,21,39,27,27,39,0,35,28,23,36,43,46,31,37,35,33,34,33,40,37,27,31,35,21,34,32,0,33,37,40,0,24,0,27,25,35,34,27,23,30,35,0,28,11,28,36,31,26,26,28,16,36,26,28,0,30,15,27,22,19,37,23,26,37,24,32
2315,28,41,43,25,0,22,38,27,31,37,42,41,45,28,39,26,36,40,34,24,36,37,36,21,35,37,33,31,20,36,21,39,27,27,39,0,35,28,23,36,43,46,31,37,35,33,34,33,40,37,27,31,34,22,34,32,0,32,37,40,0,24,0,27,25,35,34,27,23,30,34,0,28,11,27,36,31,26,26,28,16,36,26,28,0,30,15,27,22,19,37,22,26,36,24,32
2316,28,41,43,25,0,22,38,27,31,36,42,42,45,28,39,26,35,40,34,24,36,37,36,21,35,37,33,31,20,36,21,39,27,27,39,0,35,28,23,36,43,46,31,37,34,34,34,33,40,38,27,31,34,22,34,32,0,32,37,40,0,24,0,27,25,35,34,27,23,31,35,0,28,11,27,36,31,26,26,28,16,36,26,28,0,30,15,27,22,19,36,22,26,36,24,32
2317,28,41,43,24,0,22,38,27,31,36,42,41,46,28,39,26,35,39,34,24,36,37,36,21,35,37,33,31,20,36,21,39,27,27,39,0,35,28,23,36,43,46,31,37,34,34,34,33,40,38,27,31,35,23,34,32,0,32,37,41,0,24,0,27,25,35,34,27,23,31,35,0,28,11,27,36,32,26,26,28,16,36,26,28,0,30,15,27,22,19,36,22,26,36,24,32
2318,28,41,43,24,0,22,38,27,31,36,42,41,46,28,39,26,35,39,33,24,36,37,36,21,35,37,33,31,20,36,21,39,27,27,39,0,35,28,23,36,43,46,30,36,34,34,34,33,40,38,27,31,36,23,34,32,0,32,37,41,0,24,0,27,25,35,33,26,23,30,35,0,28,11,27,36,32,26,26,28,16,36,26,28,0,30,16,27,22,19,35,21,26,36,24,32
2319,28,41,43,25,0,22,38,27,31,36,42,41,46,28,39,26,36,39,33,24,36,37,36,21,35,37,33,32,20,36,21,39,27,27,38,0,35,28,23,37,43,46,30,36,34,34,33,33,40,38,27,31,36,23,34,32,0,32,37,41,0,24,0,27,25,35,33,26,23,30,35,0,28,11,28,36,32,26,26,28,16,36,26,28,0,30,16,28,22,19,35,21,26,36,24,32
2320,28,41,44,25,0,22,38,27,31,36,42,41,45,28,40,26,36,39,33,24,36,37,36,21,35,37,33,32,20,36,20,39,27,27,38,0,35,28,24,37,43,45,30,36,34,34,33,33,40,38,27,31,36,22,34,32,0,32,37,41,0,24,0,27,25,35,33,26,23,30,35,0,28,11,28,36,31,26,26,28,16,36,26,28,0,30,16,28,22,19,36,21,26,35,24,32
2321,28,41,44,25,0,22,38,27,31,36,42,42,45,28,40,26,36,39,32,24,37,37,36,21,35,37,33,32,20,36,20,39,26,27,38,0,35,28,24,37,43,45,30,36,34,34,34,33,40,38,26,31,36,22,34,33,0,32,37,41,0,24,0,26,25,35,33,26,23,30,36,0,28,11,28,36,30,26,26,28,16,36,26,28,0,30,16,29,22,19,35,21,26,35,24,32
2322,28,41,44,25,0,22,37,27,30,36,42,42,45,28,40,26,36,39,32,24,37,37,37,21,35,37,33,32,20,36,20,39,25,28,38,0,35,28,24,37,43,44,30,35,34,34,34,33,40,38,26,31,36,22,34,33,0,32,36,41,0,23,0,26,25,35,32,26,23,30,35,0,27,11,28,35,30,26,26,28,16,36,26,28,0,30,16,29,22,19,35,21,26,35,23,32
2323,28,41,44,25,0,22,37,27,30,36,42,42,45,29,40,26,36,39,32,24,37,37,37,21,35,37,33,32,21,36,20,39,24,28,37,0,35,28,24,37,43,44,30,35,34,34,34,33,39,38,26,31,36,22,34,32,0,32,36,41,0,23,0,26,25,35,32,26,23,30,35,0,27,11,28,35,30,26,26,28,16,36,27,28,0,30,16,29,22,19,35,21,26,35,23,32
2324,29,41,44,25,0,22,37,27,30,36,42,42,45,29,40,26,36,39,32,24,37,37,37,21,35,37,33,32,21,35,20,39,24,28,37,0,35,28,24,37,43,44,30,35,34,34,34,33,37,38,26,31,36,22,33,32,0,32,36,41,0,23,0,25,25,35,32,26,23,30,35,0,26,11,28,35,30,26,26,28,16,36,28,29,0,30,16,29,22,19,35,21,26,34,23,32
2325,29,41,44,25,0,22,37,27,30,36,42,42,45,29,40,26,36,39,32,24,37,37,37,21,35,36,33,32,21,35,20,39,24,28,37,0,34,28,24,37,43,44,30,36,34,34,34,33,37,38,26,31,36,21,33,31,0,32,36,41,0,23,0,25,25,35,33,26,23,30,35,0,26,11,28,35,30,25,26,28,16,36,28,29,0,31,16,29,22,19,35,21,26,34,23,32
2326,29,42,44,25,0,22,37,27,30,35,42,42,46,29,39,26,36,39,33,24,37,37,37,21,36,35,33,32,21,35,20,39,24,28,37,0,34,28,24,37,43,44,30,36,34,34,37,32,37,38,26,30,36,21,33,31,0,32,36,41,0,23,0,24,25,35,33,25,23,30,35,0,26,11,28,35,30,25,26,28,15,36,28,29,0,31,16,28,22,19,35,21,25,34,23,32
2327,29,42,44,25,0,22,37,27,30,34,42,41,46,28,39,26,36,39,33,24,37,37,37,21,36,35,33,32,21,35,20,39,24,28,37,0,34,27,24,37,43,44,30,36,33,34,37,32,36,37,26,30,36,22,33,30,0,32,37,41,0,23,0,24,25,35,33,26,23,30,35,0,26,11,27,35,30,25,26,28,15,36,29,29,0,31,16,28,22,19,35,21,25,34,23,32
2328,29,42,44,25,0,23,37,27,30,34,43,40,46,28,38,26,36,39,33,23,37,36,37,21,36,35,33,32,21,35,20,40,24,28,36,0,34,26,24,37,43,45,30,36,33,34,37,32,36,37,26,30,36,22,33,30,0,32,37,41,0,23,0,24,25,35,33,26,23,30,35,0,26,11,27,35,30,24,26,28,15,36,28,28,0,32,16,27,22,19,35,21,25,34,23,32
2329,29,42,44,25,0,23,37,27,30,34,43,40,46,27,40,26,36,39,33,23,38,36,37,22,36,35,33,32,21,35,20,40,24,29,36,0,34,26,24,36,43,45,30,36,33,34,37,32,36,37,26,30,36,22,33,30,0,32,36,41,0,23,0,24,25,35,32,26,23,29,35,0,26,11,27,35,30,22,26,28,15,36,29,28,0,32,16,27,22,19,35,21,25,35,23,32
2330,29,43,44,25,0,22,37,27,30,33,43,40,46,27,40,26,36,39,31,23,37,36,37,22,37,35,33,32,21,35,20,40,24,29,36,0,34,25,24,36,43,45,30,36,33,34,37,32,35,37,26,30,36,22,33,30,0,31,36,41,0,23,0,25,25,35,32,26,23,29,35,0,26,11,27,35,30,22,26,28,15,36,29,28,0,32,16,27,21,19,35,21,25,35,23,32
2331,29,43,43,25,0,22,37,27,30,33,43,40,46,28,40,26,36,39,32,23,37,36,37,22,37,35,33,32,21,35,20,39,24,29,36,0,34,25,24,36,43,45,30,36,33,34,37,32,35,37,26,30,36,22,33,30,0,31,36,41,0,23,0,25,25,35,31,26,23,29,35,0,26,11,27,35,30,22,26,28,15,36,29,28,0,32,16,27,21,19,35,21,25,35,23,32
2332,29,43,43,25,0,22,36,27,30,33,43,40,46,28,40,26,36,39,31,23,37,36,37,22,37,35,33,32,21,35,20,39,24,29,36,0,34,25,24,36,43,45,30,36,32,33,37,32,36,38,26,30,36,22,33,29,0,31,36,41,0,23,0,25,26,35,31,26,23,29,35,0,26,11,27,35,30,22,26,29,15,36,29,28,0,32,15,27,21,18,33,21,25,35,23,32
2333,29,43,44,25,0,22,37,27,30,33,43,40,46,28,40,26,36,39,31,23,37,36,37,22,37,35,33,31,21,35,19,39,24,29,36,0,34,25,24,36,43,44,30,36,32,33,37,32,37,38,26,30,36,22,33,29,0,31,36,41,0,23,0,25,26,35,31,26,23,29,34,0,26,11,27,35,30,22,26,29,15,37,29,28,0,32,15,27,21,18,33,21,25,35,23,32
2334,29,43,44,25,0,22,37,27,30,33,43,40,45,28,40,25,36,39,31,23,37,35,37,22,37,35,33,31,21,35,18,39,24,30,35,0,35,25,24,36,43,44,30,36,32,33,36,32,37,38,26,30,36,22,33,29,0,31,36,41,0,23,0,24,26,35,31,26,23,29,34,0,26,11,27,35,30,22,26,29,15,37,29,28,0,32,15,27,21,18,33,21,25,35,21,32
2335,29,43,44,25,0,22,37,27,30,33,43,40,45,28,40,25,36,39,31,24,37,35,37,22,36,34,32,31,21,35,18,40,24,30,35,0,35,25,24,35,43,44,29,36,32,33,36,32,37,37,26,30,36,21,33,29,0,31,36,41,0,23,0,24,26,35,31,26,23,28,34,0,26,11,27,35,30,22,26,28,15,37,29,28,0,32,15,27,21,18,33,21,25,34,20,32
2336,29,43,44,25,0,22,36,27,30,33,43,39,43,29,39,25,37,38,31,24,36,35,37,22,36,34,32,31,22,35,18,40,24,29,36,0,35,25,24,35,43,45,29,36,32,33,35,32,37,37,26,30,36,21,33,29,0,31,36,41,0,23,0,24,26,35,31,26,23,28,34,0,26,11,27,36,30,22,26,28,16,37,29,28,0,32,15,27,21,18,33,21,25,34,20,32
2337,29,43,44,25,0,22,36,27,30,34,43,39,43,29,39,24,37,38,31,24,36,34,37,23,36,34,31,30,22,35,18,40,24,29,36,0,35,25,24,34,43,45,29,36,32,32,35,32,37,37,26,29,36,21,33,29,0,31,37,41,0,23,0,24,26,35,30,26,23,27,34,0,26,11,27,36,30,22,26,28,16,37,29,28,0,32,15,27,21,17,33,21,25,34,20,32
2338,29,43,44,25,0,22,35,27,31,34,43,39,43,29,39,24,37,38,30,24,36,34,36,23,36,34,31,30,22,35,18,40,24,29,36,0,35,25,24,34,42,45,28,36,33,31,35,32,37,37,26,29,36,19,33,29,0,31,37,41,0,23,0,24,26,34,30,26,23,27,34,0,26,11,27,36,30,22,26,28,16,37,29,28,0,32,15,27,21,17,33,21,25,34,20,32
2339,29,44,44,25,0,22,34,27,31,34,43,40,43,29,38,24,37,38,30,24,36,34,36,23,36,34,31,30,22,35,18,38,24,29,36,0,35,25,25,34,42,46,28,36,33,31,35,33,37,37,26,29,37,19,33,29,0,31,37,41,0,23,0,24,26,34,30,26,23,28,34,0,26,11,27,36,30,22,26,28,16,37,29,28,0,32,15,27,21,17,33,21,25,34,20,32
2340,29,44,44,25,0,22,34,27,31,34,43,41,43,29,38,24,37,37,30,24,36,34,36,23,36,34,31,30,22,35,18,38,24,29,35,0,36,25,25,34,43,46,28,36,33,31,35,34,37,37,26,28,37,19,33,29,0,31,37,41,0,23,0,24,26,34,30,26,23,28,35,0,26,11,27,37,30,22,26,28,16,37,29,28,0,32,15,27,21,17,33,21,25,34,20,32
2341,29,43,44,25,0,22,34,27,30,33,43,41,43,29,38,24,38,37,30,24,36,34,35,23,36,34,31,31,22,35,18,38,24,29,35,0,36,25,25,34,43,46,28,36,33,31,35,34,37,37,26,27,37,19,33,29,0,31,36,41,0,23,0,24,26,35,30,26,23,28,35,0,25,11,27,37,30,22,27,28,16,37,29,28,0,32,15,27,21,17,33,20,25,33,20,32
2342,28,43,44,25,0,21,34,27,30,33,43,41,43,28,38,24,39,37,30,24,36,34,35,23,36,34,31,32,22,35,18,38,24,29,35,0,36,25,25,34,43,46,28,36,33,31,34,35,37,36,26,27,37,18,33,29,0,31,36,41,0,23,0,24,26,35,30,26,23,28,35,0,25,11,27,37,30,22,27,28,15,37,28,28,0,32,15,27,21,17,33,20,25,33,20,32
2343,28,43,44,25,0,21,34,27,30,33,43,40,43,27,38,24,40,37,30,24,36,34,35,23,36,34,31,32,23,35,18,38,24,29,35,0,36,25,25,34,43,45,28,36,34,32,34,35,37,36,26,27,37,18,33,29,0,31,36,42,0,23,0,24,26,35,30,27,23,28,35,0,26,11,27,37,30,21,27,28,15,37,29,27,0,32,15,28,21,17,33,20,25,33,20,32
2344,28,43,44,25,0,21,34,26,30,33,43,40,43,27,38,24,40,38,30,24,36,34,35,23,36,34,31,32,24,34,18,38,24,29,35,0,36,25,25,34,43,45,28,36,34,32,34,35,37,36,26,27,37,18,33,29,0,31,36,41,0,23,0,24,25,35,31,27,23,28,35,0,26,11,27,37,30,21,27,28,15,37,29,27,0,32,15,28,21,17,33,20,25,33,20,32
2345,28,43,43,25,0,21,34,26,31,33,41,41,43,27,38,24,41,37,30,24,36,34,35,23,36,34,31,32,24,34,19,38,25,29,35,0,36,25,25,34,43,45,28,35,34,32,34,35,38,36,26,27,37,18,33,29,0,31,36,41,0,23,0,24,24,35,31,27,23,28,35,0,26,11,27,37,30,21,27,27,15,37,29,27,0,32,16,28,21,17,33,19,25,33,20,32
2346,28,43,43,25,0,21,34,25,32,32,42,41,43,27,38,24,41,37,30,24,36,34,35,22,36,34,31,33,25,34,19,37,25,29,35,0,36,25,25,34,43,45,28,36,34,31,34,34,37,36,25,27,37,18,33,28,0,30,36,41,0,23,0,24,24,35,31,27,23,28,35,0,27,11,27,37,29,21,27,27,14,37,29,27,0,32,16,27,21,17,33,19,25,33,20,32
2347,28,41,43,25,0,21,34,25,31,33,42,41,43,27,38,24,41,37,30,24,36,34,35,22,36,34,31,33,24,34,19,37,25,29,35,0,36,25,25,34,43,45,28,36,34,31,33,35,37,36,25,27,37,18,33,28,0,30,37,41,0,23,0,24,24,35,31,27,23,28,35,0,27,11,27,37,29,21,27,27,14,37,28,26,0,32,16,27,21,17,33,18,25,33,20,33
2348,28,41,43,25,0,21,34,24,30,32,42,42,43,27,38,24,41,38,30,24,36,34,35,22,36,34,31,33,24,34,19,37,24,29,35,0,36,25,25,34,44,45,28,36,34,31,32,35,37,36,25,27,36,18,32,28,0,30,37,41,0,23,0,23,23,35,31,27,23,29,35,0,27,11,27,37,29,21,27,27,14,37,27,26,0,32,16,27,21,17,33,18,25,33,20,32
2349,27,41,43,25,0,21,34,24,30,32,41,42,43,26,38,23,41,38,30,24,36,34,35,22,37,34,31,33,24,34,19,37,24,29,35,0,37,25,25,34,44,45,28,36,34,31,32,35,37,36,25,27,35,18,32,28,0,30,36,41,0,23,0,23,23,35,32,27,23,29,35,0,27,11,27,37,29,21,27,27,14,36,27,26,0,32,16,27,21,17,33,18,25,33,20,32
2350,27,41,44,25,0,21,34,24,30,32,41,41,43,26,38,23,42,38,30,24,36,34,35,22,37,34,31,33,24,34,19,37,23,29,35,0,37,24,25,34,44,45,28,36,33,30,31,35,37,36,25,27,35,18,32,28,0,30,36,41,0,23,0,23,23,35,32,27,22,29,34,0,27,11,27,37,29,21,25,27,14,34,27,26,0,32,16,27,20,17,33,18,25,33,20,32
2351,27,41,44,25,0,21,34,23,30,32,41,41,43,26,37,23,42,38,30,24,36,34,35,22,38,34,31,33,24,35,19,37,22,29,35,0,37,24,24,35,44,45,28,37,33,30,31,35,37,36,25,27,35,18,32,28,0,30,35,41,0,23,0,23,23,35,32,27,22,29,34,0,26,11,27,37,29,21,25,27,14,33,27,26,0,32,16,27,20,17,33,18,25,33,20,32
2352,27,41,44,25,0,21,35,23,31,32,40,41,43,26,37,23,42,39,30,24,36,34,35,22,38,34,30,34,24,35,19,37,22,28,35,0,37,24,24,35,44,45,28,36,33,30,31,35,37,36,25,27,34,17,32,28,0,30,35,41,0,23,0,23,23,35,32,27,22,28,34,0,26,11,27,38,29,21,25,27,14,33,27,26,0,32,16,25,20,17,33,18,25,33,20,32
2353,27,41,44,25,0,21,34,23,31,32,40,41,44,25,37,23,42,39,29,24,36,34,35,22,38,34,30,34,24,35,19,37,22,28,34,0,37,24,24,35,44,44,28,36,33,30,31,36,36,36,25,27,36,16,32,27,0,29,35,41,0,23,0,24,23,35,32,27,22,28,34,0,26,11,27,38,29,21,25,27,14,33,27,26,0,32,16,25,20,17,33,18,25,33,20,32
2354,27,41,44,25,0,21,34,23,31,32,40,41,44,25,37,22,42,39,29,24,37,34,35,22,38,34,30,33,25,35,19,37,22,28,34,0,37,24,24,35,44,44,28,36,33,30,31,36,36,37,25,27,36,16,31,27,0,29,35,40,0,23,0,24,23,35,32,26,22,28,34,0,26,11,27,38,29,21,25,27,14,33,27,25,0,31,16,26,20,17,33,18,25,33,20,32
2355,27,41,44,25,0,21,34,23,31,32,40,41,44,25,36,22,42,39,29,24,37,34,35,22,39,34,30,32,25,35,19,37,22,29,34,0,37,24,24,35,44,44,28,36,33,30,31,36,36,37,25,27,36,17,31,27,0,29,35,40,0,23,0,24,23,35,32,26,22,28,34,0,27,11,27,38,28,21,25,27,14,33,28,25,0,31,15,26,20,17,33,18,25,33,20,32
2356,27,40,44,25,0,21,34,23,31,32,40,41,44,25,36,22,42,39,29,24,36,34,34,22,39,34,30,33,25,35,19,37,21,29,34,0,37,24,24,35,45,44,28,36,33,30,31,36,36,37,25,27,36,17,31,27,0,29,35,40,0,23,0,24,23,35,32,26,22,26,34,0,26,11,27,38,28,21,25,27,14,33,28,25,0,31,15,26,20,17,33,18,25,33,20,31
2357,27,40,43,25,0,21,34,23,31,32,40,41,44,25,37,22,42,39,29,24,36,34,34,22,39,34,30,33,26,35,19,37,21,29,34,0,38,24,24,35,45,43,28,36,33,30,31,36,35,37,23,27,36,17,31,27,0,29,35,41,0,24,0,24,23,35,31,25,21,26,34,0,26,11,27,39,28,20,25,27,14,33,28,25,0,31,14,25,20,17,33,18,25,33,20,30
2358,27,40,43,25,0,21,34,23,31,33,40,41,44,25,37,22,43,39,29,23,36,34,34,22,39,34,30,33,26,35,19,37,21,29,34,0,38,24,24,34,45,43,28,35,33,30,31,36,35,36,23,27,35,17,31,27,0,28,35,41,0,24,0,25,23,35,31,25,21,26,34,0,26,11,27,39,28,20,25,27,14,33,28,25,0,31,14,25,20,17,33,18,25,33,20,29
2359,27,40,43,25,0,21,33,23,31,33,40,41,44,24,37,22,43,39,29,23,36,34,34,22,39,34,30,33,26,35,19,36,21,29,34,0,38,24,23,34,46,43,28,35,33,30,31,36,35,36,22,27,35,17,31,27,0,28,35,41,0,24,0,25,23,35,31,25,21,27,34,0,27,11,27,39,28,20,25,27,14,32,27,25,0,30,14,25,20,17,33,18,25,33,20,29
2360,27,40,43,25,0,21,33,23,31,33,40,41,44,24,37,22,43,39,29,23,36,34,34,22,39,34,30,33,26,35,19,36,21,29,34,0,39,24,23,34,46,43,28,35,33,30,32,36,35,36,22,27,36,17,31,26,0,28,36,41,0,24,0,25,23,35,31,25,21,27,34,0,28,11,27,39,27,20,25,27,14,32,27,25,0,30,14,25,20,17,33,18,25,33,20,28
2361,27,40,43,25,0,21,33,22,31,33,40,41,43,24,37,21,43,39,29,23,36,34,34,22,40,34,30,33,26,35,19,36,21,29,34,0,39,24,23,34,47,43,28,34,33,30,32,37,35,36,22,27,37,16,31,26,0,28,36,41,0,24,0,25,22,35,31,25,21,27,35,0,28,11,27,39,27,20,25,26,14,32,27,25,0,30,14,25,20,17,33,19,26,33,20,28
2362,27,40,43,25,0,21,33,22,31,33,41,41,41,24,37,21,44,39,29,23,36,34,34,22,40,34,30,33,26,35,19,36,22,27,34,0,39,25,23,34,47,43,28,34,34,31,32,37,34,36,22,27,37,16,31,26,0,28,36,41,0,24,0,25,22,35,32,25,21,27,35,0,28,11,27,39,27,20,25,24,14,32,27,25,0,30,14,25,20,17,33,19,26,33,20,28
2363,27,40,43,25,0,21,33,22,31,33,41,41,41,24,37,21,44,38,29,22,36,34,34,22,40,34,30,33,26,35,19,36,21,27,34,0,38,25,23,34,47,43,28,34,33,30,31,37,34,35,21,27,38,16,31,26,0,28,36,41,0,24,0,25,21,35,30,25,21,27,34,0,28,12,27,39,27,20,25,24,14,32,27,25,0,30,14,25,20,17,33,18,26,33,20,28
2364,27,40,43,25,0,21,33,22,31,33,40,41,41,24,37,20,44,38,29,22,34,34,34,22,40,34,30,33,26,35,19,36,21,27,33,0,37,25,23,34,47,43,28,35,34,30,31,37,34,35,20,26,39,16,31,26,0,28,36,41,0,24,0,25,21,35,29,25,21,27,34,0,28,12,27,39,27,20,25,23,14,32,27,25,0,29,13,25,20,16,32,18,26,33,20,28
2365,27,40,43,25,0,21,33,22,31,32,40,41,41,24,37,20,43,38,29,22,34,34,34,22,41,34,30,33,26,35,19,36,21,27,32,0,37,25,22,33,47,43,28,35,35,30,32,37,34,35,20,26,39,16,31,26,0,28,36,41,0,24,0,25,21,35,29,25,21,27,34,0,28,12,27,38,27,20,25,23,14,32,27,25,0,29,13,25,20,16,32,18,26,33,20,28
2366,27,40,43,25,0,21,32,22,31,32,40,41,41,24,37,19,43,38,29,22,34,34,34,22,41,34,30,32,26,35,18,35,21,27,32,0,37,24,22,33,45,43,28,35,35,30,32,37,34,35,20,26,39,15,30,26,0,27,36,41,0,24,0,25,21,34,28,25,21,27,34,0,28,12,27,38,26,20,25,23,14,32,27,25,0,30,13,25,20,16,32,19,26,33,20,28
2367,27,40,43,25,0,21,32,22,31,32,41,41,41,24,37,19,43,39,29,22,34,34,34,22,41,33,30,32,26,35,19,35,22,27,32,0,37,24,22,33,45,43,28,35,35,29,32,37,34,35,20,26,39,15,30,25,0,27,37,41,0,24,0,25,21,34,28,26,21,27,34,0,28,12,27,38,26,20,25,23,14,32,27,25,0,30,13,25,20,16,32,19,26,33,20,28
2368,27,40,43,25,0,21,32,22,31,32,41,41,41,24,37,19,43,39,29,22,34,34,34,22,41,33,30,32,26,34,19,35,22,27,32,0,37,24,22,33,46,43,28,35,35,29,32,37,34,35,20,26,38,15,30,25,0,27,37,41,0,24,0,25,21,34,28,26,21,27,34,0,28,12,27,38,26,20,25,23,14,32,27,25,0,30,13,24,19,16,33,19,26,33,20,28
2369,27,40,43,22,0,21,31,22,31,32,42,41,41,24,37,19,43,38,29,22,34,34,34,22,42,33,30,32,26,34,19,35,22,27,32,0,38,24,22,32,46,43,28,35,36,29,32,37,34,34,20,26,38,15,30,25,0,27,37,41,0,24,0,25,21,34,28,26,21,27,35,0,28,12,27,38,26,20,24,23,14,32,27,25,0,30,13,24,19,16,33,19,26,33,20,28
2370,26,40,44,22,0,21,31,22,31,32,42,41,41,24,37,19,43,38,29,22,34,34,34,22,42,33,28,32,26,34,19,35,22,28,32,0,38,24,22,32,46,42,28,35,36,29,32,37,34,34,20,26,38,15,30,25,0,28,37,41,0,24,0,25,21,34,28,26,21,27,35,0,28,12,27,38,26,20,24,23,14,32,27,25,0,30,13,25,19,16,32,19,26,33,20,28
2371,26,40,44,22,0,21,31,22,31,33,43,42,41,24,37,19,43,38,29,22,34,34,34,22,42,33,28,32,26,34,19,35,22,28,32,0,38,24,22,32,46,42,28,34,36,29,32,38,34,34,20,26,38,15,30,25,0,27,37,41,0,24,0,25,21,34,28,26,21,27,35,0,28,12,27,38,26,19,24,23,14,32,27,25,0,30,13,25,19,16,31,19,26,33,20,28
2372,26,40,44,22,0,21,31,22,29,33,42,42,40,24,37,19,43,38,29,22,33,34,34,22,42,33,28,32,27,34,19,35,21,28,32,0,38,24,22,32,46,41,28,34,36,29,32,38,34,34,20,26,38,15,30,25,0,27,36,41,0,24,0,25,21,34,27,26,21,27,35,0,28,12,27,38,27,19,24,23,13,32,27,25,0,30,13,25,20,16,31,19,26,32,20,28
2373,26,39,44,22,0,21,31,22,29,33,42,42,40,24,37,19,43,38,30,22,33,33,33,22,42,32,28,32,27,34,19,35,21,28,32,0,38,24,22,33,46,41,28,34,36,29,32,38,34,34,20,26,38,15,30,25,0,26,36,41,0,24,0,25,21,33,27,26,20,26,35,0,28,13,27,38,27,19,24,21,13,32,28,25,0,30,13,24,20,16,31,19,26,32,20,28
2374,26,39,44,22,0,21,31,22,29,33,42,42,40,24,37,19,43,38,31,22,33,32,33,21,42,32,28,32,27,34,19,35,21,28,32,0,38,24,22,32,46,41,28,35,36,28,32,39,34,34,20,26,38,15,31,25,0,26,36,41,0,24,0,25,21,33,27,26,19,26,35,0,28,13,27,38,27,19,24,21,12,32,28,25,0,30,13,24,20,15,31,19,26,32,20,28
2375,26,39,44,22,0,21,31,22,29,33,42,42,40,24,37,19,43,38,31,22,33,32,34,21,42,32,28,33,27,34,18,35,21,28,34,0,38,24,22,31,46,41,28,35,36,28,32,38,34,34,20,26,38,15,31,25,0,26,36,41,0,24,0,25,21,33,27,26,19,26,35,0,28,13,27,38,27,19,24,21,12,32,28,25,0,30,13,24,20,15,31,19,26,32,20,27
2376,26,40,44,22,0,21,31,22,28,33,41,42,40,25,37,19,43,38,31,22,32,32,33,21,42,32,28,33,27,34,18,35,21,28,34,0,38,24,22,31,46,41,28,35,36,28,32,38,33,34,20,26,38,15,31,25,0,26,36,41,0,24,0,25,21,33,27,25,19,26,35,0,28,13,28,38,27,19,24,21,13,32,28,24,0,30,13,24,20,15,31,19,26,32,20,27
2377,26,39,44,22,0,21,31,22,28,32,41,42,39,25,36,19,43,38,31,22,32,32,33,21,42,32,27,33,27,34,18,35,21,28,34,0,39,24,22,31,46,40,28,35,36,28,31,38,34,34,19,25,39,15,31,26,0,26,36,40,0,24,0,25,21,33,27,25,19,26,35,0,28,13,28,37,27,19,24,21,13,32,28,24,0,30,12,24,20,15,31,18,26,32,20,27
2378,26,40,44,22,0,21,31,22,27,32,41,42,38,25,36,19,43,39,31,22,32,32,33,21,42,32,27,33,27,34,19,35,21,28,34,0,38,24,22,31,46,40,28,35,36,28,31,37,35,34,19,25,39,15,31,26,0,26,36,40,0,24,0,24,21,33,27,25,19,26,35,0,28,13,28,37,27,19,24,21,13,32,28,24,0,29,12,23,20,15,31,18,26,32,20,27
2379,26,40,44,22,0,21,31,22,27,32,41,42,38,25,36,19,43,39,31,22,32,32,33,21,42,32,27,33,29,34,19,35,21,28,34,0,38,24,22,31,46,40,28,35,36,28,31,38,35,34,19,25,39,14,31,26,0,26,36,40,0,25,0,24,21,33,26,24,19,25,34,0,28,13,28,37,27,19,24,21,13,32,28,24,0,29,12,23,20,15,31,18,26,32,20,27
2380,26,40,44,22,0,21,31,22,27,32,41,42,37,24,36,19,43,36,31,22,32,32,33,20,42,32,27,33,30,34,19,36,21,28,33,0,38,23,22,31,46,40,28,35,36,28,31,38,35,34,19,25,39,14,31,26,0,26,36,40,0,25,0,24,21,33,26,24,19,26,34,0,28,13,28,38,27,19,24,21,13,31,28,24,0,29,12,23,20,15,31,18,26,32,20,27
2381,26,40,43,22,0,21,31,22,27,32,40,42,37,24,36,19,43,36,31,22,32,31,33,20,41,32,27,33,30,34,19,36,21,28,33,0,38,23,22,31,46,40,28,35,36,28,31,38,34,34,19,25,39,14,31,26,0,26,35,40,0,25,0,24,21,33,26,24,19,26,34,0,28,13,28,38,25,18,24,21,12,31,28,24,0,29,12,23,20,15,31,18,26,32,20,27
2382,26,40,43,22,0,21,31,22,27,32,40,42,37,24,36,19,44,36,30,22,31,31,33,20,41,32,27,33,30,34,20,36,21,28,33,0,38,23,22,31,47,40,28,35,34,28,31,37,34,34,19,25,39,14,31,26,0,26,35,40,0,25,0,25,21,33,26,24,19,26,34,0,29,13,28,38,25,17,24,21,12,30,28,24,0,29,12,23,20,15,31,18,26,32,20,27
2383,26,40,42,22,0,21,31,22,27,32,40,42,37,24,36,19,44,36,30,22,31,31,33,20,41,32,27,33,30,34,20,37,21,28,33,0,38,22,22,32,47,40,28,35,34,28,31,37,34,34,19,25,39,14,31,26,0,26,35,40,0,25,0,25,21,33,26,24,18,26,34,0,29,13,28,38,25,17,24,21,12,30,28,24,0,29,12,23,20,15,32,18,26,31,20,26
2384,26,40,42,22,0,21,30,22,27,32,40,42,37,24,36,19,43,36,30,22,31,31,32,20,41,32,27,33,30,34,20,37,21,28,33,0,38,22,22,32,47,40,28,35,34,28,31,37,34,34,19,25,39,14,31,26,0,25,35,40,0,25,0,25,21,33,27,25,18,26,34,0,28,13,28,38,25,17,24,21,12,29,28,24,0,29,12,23,20,14,32,18,26,31,20,26
2385,26,40,43,22,0,21,30,22,27,32,40,42,37,24,36,19,43,36,29,23,30,31,32,20,41,32,27,33,30,34,20,37,21,28,33,0,38,22,22,32,47,39,28,35,34,28,31,37,34,34,19,25,39,14,31,26,0,25,35,40,0,25,0,25,21,33,27,25,18,26,34,0,28,13,28,38,25,17,24,21,12,29,28,24,0,29,12,23,20,14,32,18,26,31,20,26
2386,25,40,43,22,0,21,30,22,27,32,40,42,37,24,36,18,43,36,28,23,30,31,32,20,41,32,27,33,30,34,20,37,21,28,33,0,38,22,22,32,47,39,28,35,34,28,31,37,34,34,19,25,39,14,31,26,0,25,35,40,0,25,0,25,21,33,27,25,18,26,34,0,28,12,28,38,25,17,24,21,12,29,29,24,0,29,12,23,20,14,31,18,26,31,20,26
2387,25,40,43,22,0,21,30,22,27,32,40,42,37,24,36,18,43,36,29,23,30,31,32,20,41,32,26,34,30,34,20,37,21,28,33,0,38,22,21,32,47,39,28,35,34,27,31,37,34,34,19,25,40,14,31,26,0,25,35,40,0,25,0,25,21,33,27,25,18,26,34,0,28,12,28,38,25,17,24,21,12,29,29,24,0,29,12,23,20,14,31,18,26,31,20,26
2388,25,40,43,22,0,21,30,22,27,32,40,42,37,24,36,18,43,36,29,22,30,31,32,19,41,32,26,34,30,34,20,37,21,28,33,0,38,22,21,32,47,39,28,35,34,27,31,37,34,33,19,26,40,14,31,26,0,25,35,40,0,24,0,25,21,33,26,25,18,26,34,0,28,12,28,38,24,17,24,21,12,29,29,24,0,28,12,23,20,14,32,18,26,31,20,26
2389,25,40,43,22,0,21,30,22,27,32,40,43,37,24,36,18,43,36,29,21,30,31,32,19,41,32,26,34,30,34,20,37,21,28,32,0,38,22,21,32,46,39,28,35,34,27,31,36,34,33,19,26,40,14,31,26,0,25,34,40,0,24,0,25,20,33,26,24,18,26,33,0,28,12,28,38,25,17,24,21,12,29,29,24,0,28,12,23,20,14,32,18,26,31,20,26
2390,25,40,43,22,0,21,30,22,27,32,40,43,37,24,35,17,43,35,29,21,30,31,32,19,42,32,26,36,30,34,20,37,21,28,32,0,38,22,21,32,46,39,28,35,34,27,31,36,34,33,19,26,40,14,31,26,0,24,33,40,0,24,0,25,20,33,26,24,18,26,33,0,28,12,29,38,23,17,24,21,12,29,29,24,0,28,12,23,19,14,32,18,26,30,20,26
2391,25,40,44,22,0,21,30,22,27,32,40,43,37,24,35,17,43,34,28,21,30,30,32,18,42,32,26,36,31,34,20,37,21,28,32,0,39,21,21,32,46,38,28,35,34,27,31,36,34,33,19,26,40,14,31,26,0,24,33,40,0,24,0,25,20,33,26,24,18,26,33,0,28,12,28,38,23,17,24,22,12,29,29,24,0,28,12,23,19,14,32,19,26,30,20,26
2392,25,40,44,22,0,21,30,22,27,31,40,43,37,24,35,17,43,34,27,21,30,30,32,18,42,32,26,36,31,34,20,37,21,29,32,0,39,21,21,32,46,38,28,35,34,27,31,36,34,33,19,26,40,14,31,27,0,24,33,40,0,24,0,25,21,33,26,24,18,26,33,0,28,12,28,38,23,17,24,22,12,29,28,24,0,29,11,23,19,14,31,19,26,30,21,25
2393,25,40,44,22,0,21,30,22,27,31,41,43,37,24,35,17,43,34,27,21,30,30,32,18,42,32,26,35,31,34,20,37,21,29,32,0,39,21,21,32,46,38,28,35,34,27,31,36,34,33,19,26,40,14,31,27,0,24,33,40,0,23,0,26,21,33,26,24,18,27,33,0,28,12,28,38,23,17,24,22,12,29,27,24,0,29,11,23,19,14,31,19,25,30,21,25
2394,25,40,44,22,0,21,30,22,27,31,41,43,37,24,35,16,43,34,27,21,30,30,32,18,42,32,26,35,31,34,20,37,21,29,32,0,40,21,21,32,46,38,28,35,35,27,31,36,34,33,19,26,40,14,31,27,0,24,33,40,0,23,0,26,21,33,25,24,18,27,33,0,26,12,28,38,23,17,24,22,12,29,27,24,0,29,11,23,19,14,31,19,25,30,21,25
2395,25,40,44,22,0,21,30,22,27,31,41,43,37,24,35,16,43,34,27,21,30,30,32,18,42,32,26,35,31,34,20,37,20,29,32,0,40,21,21,33,46,38,28,35,35,27,31,36,34,33,19,26,40,14,31,27,0,25,34,40,0,23,0,26,21,32,25,24,18,28,33,0,26,12,28,37,23,17,24,22,12,29,27,24,0,29,11,23,18,14,31,19,25,30,21,25
2396,26,40,44,22,0,21,30,22,27,31,41,44,37,24,35,16,43,32,27,21,30,30,32,18,41,32,26,36,31,34,20,37,21,28,32,0,40,20,21,33,47,38,28,35,35,27,31,37,34,33,19,26,41,14,31,26,0,25,34,40,0,23,0,26,21,32,25,24,18,28,33,0,26,12,28,37,23,17,24,22,12,29,27,23,0,29,11,23,18,14,31,19,25,30,21,25
2397,26,40,44,22,0,21,30,22,27,31,40,45,37,24,35,16,43,32,27,21,30,30,32,18,41,32,26,37,31,33,20,37,21,28,32,0,40,21,21,33,46,38,28,35,35,27,31,36,34,33,19,26,41,14,31,26,0,25,33,40,0,23,0,26,21,32,25,24,18,28,33,0,25,12,28,36,23,17,24,22,12,29,28,23,0,29,11,23,18,14,31,19,25,30,21,25
2398,26,38,44,22,0,21,30,22,27,31,40,45,37,24,35,16,43,32,27,21,30,30,32,18,41,32,26,37,31,33,20,36,21,28,32,0,39,21,21,34,46,38,28,35,35,27,31,36,34,33,19,26,41,14,30,26,0,25,33,40,0,23,0,26,21,32,25,24,18,28,33,0,25,12,28,35,23,17,24,22,12,29,28,23,0,29,11,23,18,13,30,19,25,30,21,25
2399,26,38,44,22,0,21,30,22,27,31,40,46,37,24,34,16,43,31,27,22,30,30,32,18,41,32,26,37,31,33,21,36,21,28,32,0,41,21,21,35,46,37,28,35,35,28,31,36,34,33,19,26,41,14,30,25,0,25,33,40,0,23,0,26,21,32,25,24,18,28,33,0,25,13,28,35,23,17,24,22,12,29,28,23,0,29,11,23,18,13,30,19,24,30,21,25
2400,26,37,44,22,0,20,29,22,27,31,40,47,37,23,33,16,43,31,26,22,30,30,32,18,41,32,26,37,31,33,21,36,21,28,32,0,41,21,21,35,46,37,27,35,34,28,31,36,34,33,19,26,41,14,30,24,0,25,33,40,0,23,0,27,20,32,27,24,18,27,33,0,25,13,27,34,23,17,24,22,12,29,28,23,0,29,10,24,18,13,30,18,24,30,21,25
2401,26,36,44,22,0,20,29,22,27,31,40,47,37,23,33,16,43,31,26,22,30,30,32,18,42,32,26,37,31,33,21,36,21,28,32,0,41,20,21,35,46,37,27,35,34,28,31,35,34,33,18,25,41,14,29,24,0,25,33,38,0,23,0,27,20,31,27,24,18,27,33,0,25,13,27,34,23,17,24,23,12,29,28,23,0,29,10,24,18,13,30,17,24,31,21,25
2402,26,37,43,21,0,20,29,22,27,31,40,47,37,23,33,16,43,31,26,22,30,30,32,18,42,32,26,37,31,33,21,36,21,28,32,0,41,20,21,35,46,37,27,35,34,28,31,35,34,33,17,26,42,14,29,24,0,25,33,38,0,24,0,27,20,31,27,24,17,27,33,0,25,13,27,35,23,17,24,23,12,29,28,23,0,29,10,24,18,13,30,17,24,31,21,25
2403,26,36,44,21,0,20,29,21,27,31,40,47,37,23,33,16,43,31,26,22,30,30,32,18,42,32,26,37,31,32,21,36,21,28,32,0,41,20,21,35,46,36,27,35,34,28,31,35,34,33,17,25,42,14,29,24,0,25,33,38,0,24,0,27,20,31,27,24,17,27,33,0,25,13,27,35,23,17,24,23,12,29,28,23,0,29,9,24,17,13,30,17,24,31,21,25
2404,26,36,44,21,0,20,29,21,27,31,41,47,37,23,33,16,43,31,26,22,30,30,32,18,42,32,26,37,31,32,21,36,21,28,32,0,40,20,21,35,46,36,27,35,34,28,31,35,34,33,17,25,42,14,29,24,0,25,33,38,0,24,0,27,20,31,27,24,17,26,33,0,25,13,27,35,23,17,24,23,12,28,28,23,0,30,9,24,17,13,30,17,24,31,21,25
2405,26,37,44,21,0,20,29,21,27,31,41,47,37,22,33,16,43,31,26,22,30,30,32,18,42,32,25,36,32,32,21,36,22,27,32,0,41,20,21,35,46,36,27,34,34,28,31,35,34,33,17,26,42,14,29,24,0,25,33,38,0,24,0,26,20,31,27,24,17,26,33,0,25,13,27,35,22,17,24,23,12,28,27,23,0,30,9,24,17,13,30,17,24,32,21,25
2406,26,37,44,21,0,20,28,21,27,31,41,47,37,22,33,16,43,31,25,22,30,30,32,18,42,32,25,36,33,32,21,36,22,27,32,0,41,20,21,35,45,36,27,34,34,28,31,35,34,33,17,26,42,14,28,24,0,25,33,38,0,24,0,26,20,31,27,24,17,26,33,0,25,13,27,34,22,17,23,23,12,28,27,23,0,30,9,24,17,12,30,17,24,31,21,26
2407,26,37,44,20,0,20,28,21,27,31,40,47,37,22,33,16,43,31,25,22,30,30,32,18,42,32,25,36,33,32,21,36,22,27,32,0,41,20,21,35,45,36,26,34,34,28,31,35,34,32,17,25,42,14,28,24,0,25,33,38,0,24,0,26,20,31,27,24,17,26,33,0,25,14,27,34,22,17,24,23,12,28,27,23,0,30,9,24,17,12,30,17,24,31,21,25
2408,25,37,44,20,0,20,28,21,27,31,40,47,37,22,33,16,43,31,25,22,30,30,32,18,42,32,25,36,33,32,21,36,22,27,32,0,41,20,21,35,45,36,26,34,34,28,31,35,34,32,17,25,43,14,29,24,0,25,33,38,0,24,0,27,20,31,27,24,17,26,33,0,24,14,27,34,22,17,24,23,12,28,26,23,0,30,9,24,17,12,30,17,24,31,21,25
2409,25,37,44,20,0,20,28,21,27,31,40,47,37,22,33,16,43,31,25,22,30,30,32,17,42,31,25,36,34,32,21,36,22,27,32,0,41,20,21,35,45,36,26,34,34,28,31,35,34,32,17,25,43,14,29,24,0,25,33,38,0,24,0,27,20,31,27,24,17,26,33,0,24,14,27,33,22,17,24,23,12,28,26,23,0,30,9,24,17,12,30,17,24,31,21,25
2410,25,37,44,20,0,20,27,20,27,31,40,47,36,22,33,16,43,31,25,22,30,30,32,17,42,30,25,36,34,32,21,35,22,27,31,0,41,20,21,35,45,36,26,34,34,28,32,35,34,32,17,25,43,14,28,24,0,25,33,38,0,24,0,26,20,31,27,25,17,26,33,0,24,14,27,33,22,17,24,23,12,28,26,23,0,30,9,24,17,12,30,17,24,31,21,25
2411,25,37,44,20,0,20,27,21,27,31,40,47,36,22,33,16,43,31,25,22,30,30,32,18,42,30,25,36,34,32,21,35,22,27,31,0,41,20,21,35,45,38,26,35,33,28,32,36,34,32,17,25,43,14,28,24,0,25,33,38,0,24,0,26,20,31,27,25,17,26,33,0,24,14,27,33,22,17,24,23,11,27,26,23,0,30,9,24,17,12,31,17,24,31,21,25
2412,25,37,44,20,0,20,27,21,27,29,39,47,36,22,33,16,43,31,25,21,30,30,33,18,43,30,25,36,34,32,21,35,22,27,31,0,41,20,21,34,45,39,26,35,33,27,32,36,34,32,17,25,44,14,28,24,0,25,33,38,0,24,0,26,20,31,27,25,17,26,33,0,24,14,27,33,22,17,24,23,11,27,26,23,0,30,9,24,17,12,31,17,24,31,21,25
2413,25,37,44,20,0,19,27,21,27,29,39,47,36,22,33,16,43,31,25,21,30,30,33,18,44,30,25,37,34,32,21,35,21,27,31,0,41,20,21,34,45,39,26,35,33,27,32,36,33,32,17,25,44,14,28,23,0,25,33,37,0,24,0,26,20,31,27,25,17,26,33,0,24,14,27,33,22,17,24,23,11,27,26,23,0,30,9,24,17,12,31,17,24,31,21,25
2414,25,37,44,20,0,19,26,20,27,29,39,47,36,22,33,16,43,31,25,21,30,30,32,18,44,30,25,37,34,32,21,34,21,27,31,0,41,20,21,34,45,39,25,35,33,27,32,36,33,32,17,25,44,14,28,23,0,24,33,37,0,23,0,26,20,31,27,25,17,26,34,0,24,14,27,33,22,17,24,23,11,27,26,23,0,30,9,24,17,12,31,17,24,31,20,25
2415,25,37,43,20,0,19,27,20,27,29,40,47,36,22,33,16,43,31,25,21,30,30,33,18,43,30,25,37,34,32,21,34,21,27,31,0,41,20,21,34,45,39,25,35,32,27,32,36,33,31,17,25,44,14,28,23,0,24,33,37,0,23,0,26,20,31,27,25,17,26,34,0,24,14,27,32,22,17,24,23,11,28,25,23,0,30,9,24,19,12,31,17,24,31,20,26
2416,25,37,42,20,0,18,27,20,27,29,40,49,33,22,33,16,43,31,25,21,30,30,33,18,43,30,24,37,34,32,20,35,21,27,31,0,41,19,21,35,45,39,25,35,32,27,32,36,33,31,17,25,44,14,28,23,0,24,33,36,0,23,0,26,20,30,27,25,17,26,35,0,24,14,27,32,22,17,24,23,11,28,25,23,0,30,9,24,19,12,31,17,24,31,20,25
2417,25,37,42,20,0,18,27,20,27,29,40,47,33,21,33,16,43,31,25,21,30,30,33,18,43,30,24,37,34,33,20,35,21,28,31,0,41,19,21,35,45,39,25,35,32,27,32,36,33,31,17,25,45,14,28,23,0,24,33,36,0,23,0,26,20,30,26,25,17,26,35,0,24,14,26,32,22,17,24,22,11,28,25,23,0,31,9,24,19,12,31,17,24,31,20,25
2418,25,36,42,20,0,18,27,20,26,29,40,47,33,21,32,16,43,31,25,21,30,30,33,18,43,30,24,37,34,33,20,35,21,28,31,0,41,19,21,35,45,39,25,35,32,27,32,36,33,31,17,25,45,14,28,23,0,24,33,36,0,23,0,26,20,30,26,25,17,26,35,0,24,14,26,33,22,17,23,22,11,28,25,23,0,32,9,24,19,12,31,16,24,31,19,26
2419,25,36,42,20,0,18,27,20,27,29,40,47,33,21,32,16,43,31,25,21,29,30,33,17,43,30,24,37,34,33,20,35,21,29,31,0,41,19,20,35,45,38,25,35,32,27,31,36,33,31,17,25,45,14,29,23,0,25,32,36,0,23,0,26,20,30,26,25,17,26,35,0,24,14,26,33,22,17,23,22,11,28,25,23,0,32,9,24,19,12,31,16,24,31,19,27
2420,25,35,42,20,0,18,27,20,27,29,39,49,33,21,31,16,43,30,25,21,29,30,33,17,43,30,24,37,34,33,20,35,21,29,31,0,41,19,20,35,45,38,24,35,32,27,31,36,33,31,17,25,45,14,29,23,0,25,32,36,0,23,0,26,20,30,27,25,17,26,35,0,24,14,25,33,22,17,23,22,11,28,25,23,0,32,10,24,19,12,31,17,24,31,19,27
2421,25,35,42,20,0,18,27,20,27,29,39,49,33,21,31,16,43,30,25,21,29,30,33,17,43,30,24,37,33,33,20,35,21,29,31,0,41,19,20,36,45,38,24,35,32,27,31,36,33,31,17,25,45,14,29,23,0,25,31,36,0,23,0,26,20,30,27,25,17,26,35,0,24,14,25,33,22,17,23,22,11,28,25,23,0,32,10,24,19,12,31,17,24,31,19,27
2422,25,36,41,20,0,18,27,20,27,29,39,49,33,21,31,16,42,30,25,21,29,30,33,17,43,30,24,37,33,33,20,35,21,29,31,0,41,19,20,36,45,38,24,34,32,27,31,35,33,31,17,25,45,14,29,23,0,25,31,35,0,23,0,26,20,30,27,25,17,26,35,0,24,14,25,33,21,17,23,22,11,28,25,23,0,31,9,25,19,12,30,17,24,31,19,27
2423,24,38,42,20,0,18,27,20,27,28,39,49,34,21,31,16,41,30,25,21,29,30,33,17,42,30,24,37,33,33,20,35,21,29,30,0,41,19,20,36,45,38,24,34,32,27,31,35,33,31,17,25,45,14,29,23,0,25,31,35,0,23,0,25,19,30,27,25,17,26,35,0,23,14,25,33,21,17,23,22,11,28,25,23,0,31,9,25,19,12,30,18,24,31,19,27
2424,24,38,42,20,0,18,27,20,27,28,39,49,34,21,31,16,41,30,24,21,29,29,33,17,42,30,24,36,33,33,20,35,21,29,30,0,41,19,20,36,45,38,24,34,31,27,31,35,33,31,17,24,45,14,29,23,0,25,30,35,0,23,0,25,20,29,27,25,17,26,35,0,22,14,25,33,21,17,23,22,11,28,25,23,0,31,9,25,19,12,30,18,24,31,19,27
2425,24,38,42,20,0,18,27,20,27,28,39,48,33,21,31,16,41,30,24,21,28,29,33,17,42,30,23,36,33,33,20,35,21,29,30,0,41,18,21,36,45,38,23,34,30,27,31,35,33,30,17,24,45,14,29,23,0,25,30,35,0,23,0,24,20,29,27,25,17,26,35,0,22,14,25,33,21,17,23,22,11,28,25,23,0,31,9,25,19,12,30,18,24,31,19,28
2426,24,37,42,20,0,18,27,20,27,28,39,48,33,21,31,16,41,30,24,20,28,29,33,17,42,30,23,36,33,33,21,35,21,29,30,0,40,18,21,36,45,38,23,34,30,27,31,35,33,30,17,24,46,14,29,21,0,25,30,35,0,23,0,24,20,29,27,25,17,26,35,0,22,14,25,33,21,17,23,22,11,28,25,23,0,31,9,25,19,12,30,18,24,31,19,28
2427,24,37,42,20,0,18,27,20,27,28,39,48,33,21,31,16,41,30,24,20,28,29,33,17,42,30,23,37,33,33,21,35,21,29,30,0,39,18,21,36,45,39,23,35,30,28,31,35,32,30,17,24,46,14,29,21,0,24,30,35,0,23,0,24,20,29,27,25,17,26,35,0,22,14,25,33,21,17,23,22,11,28,25,23,0,31,9,25,19,12,30,18,24,31,19,28
2428,24,37,42,20,0,18,27,20,27,28,39,48,34,21,30,16,41,30,24,20,28,30,33,17,43,30,23,37,33,33,21,35,21,29,30,0,39,18,21,36,45,40,23,36,30,28,31,35,32,30,17,23,46,14,29,21,0,24,31,35,0,23,0,24,20,29,27,25,17,26,35,0,22,14,25,33,21,17,23,22,11,28,24,23,0,31,9,25,19,12,30,18,24,32,19,28
2429,24,37,42,20,0,18,27,20,27,28,39,48,34,21,30,16,41,29,24,20,28,29,33,17,42,30,23,37,33,33,21,36,21,28,30,0,38,18,21,36,45,40,23,36,30,28,31,36,32,30,17,23,45,14,28,21,0,24,31,36,0,23,0,24,20,29,29,25,16,26,34,0,22,14,25,33,21,17,23,22,11,28,24,23,0,31,8,25,19,12,30,18,24,32,19,27
2430,24,37,41,20,0,18,27,20,27,28,39,48,34,21,31,16,41,29,24,20,28,29,33,17,43,30,23,37,33,33,21,36,21,28,30,0,38,18,21,35,45,40,23,36,30,28,31,35,32,30,17,23,45,14,28,21,0,24,30,36,0,24,0,24,20,29,29,25,16,26,34,0,22,14,25,33,21,17,23,22,11,28,24,23,0,31,8,25,19,12,30,18,24,32,18,27
2431,24,36,41,20,0,18,27,20,27,28,39,48,34,20,31,16,41,29,24,19,28,29,33,17,43,30,22,36,34,33,21,36,20,28,30,0,38,19,21,35,45,40,23,36,30,28,31,35,32,30,17,23,45,14,28,21,0,23,30,36,0,24,0,24,20,29,29,25,16,25,34,0,22,14,25,33,21,17,23,22,11,28,25,23,0,31,8,25,19,12,30,18,24,31,18,27
2432,24,38,41,20,0,18,27,20,27,28,39,48,34,21,31,16,42,29,24,19,28,27,33,18,43,30,21,36,34,33,21,35,20,28,30,0,38,19,21,35,45,40,23,36,30,28,31,35,32,30,17,23,45,14,28,21,0,23,30,36,0,24,0,24,20,29,29,24,16,25,33,0,22,14,25,33,21,17,23,22,11,28,24,23,0,31,8,25,19,12,30,18,24,30,17,27
2433,24,38,41,20,0,18,27,19,27,28,39,47,34,21,31,16,42,29,24,19,28,27,33,19,44,30,21,36,34,33,21,35,20,28,27,0,38,19,21,35,45,40,23,36,30,28,31,35,31,30,17,23,45,14,28,21,0,23,30,36,0,24,0,24,20,29,29,24,16,25,33,0,22,14,25,33,21,17,23,22,11,28,24,23,0,31,8,26,19,12,30,18,24,29,17,27
2434,24,38,41,20,0,18,27,19,27,28,39,47,34,21,31,16,42,29,24,19,28,27,33,19,44,30,21,36,34,33,20,35,20,28,27,0,38,19,21,35,45,40,23,36,30,28,31,35,31,29,17,23,45,14,28,21,0,23,30,36,0,24,0,24,20,30,29,24,16,26,33,0,22,14,25,33,21,17,23,22,11,28,24,23,0,31,8,26,19,12,30,18,24,29,17,27
2435,24,37,41,20,0,17,27,19,27,28,39,47,34,21,31,16,42,29,24,19,28,27,33,19,44,30,21,36,35,33,20,35,20,28,27,0,38,19,21,35,45,39,23,36,30,28,31,35,32,28,17,23,45,13,28,21,0,23,30,36,0,24,0,24,20,30,29,24,16,26,33,0,22,14,25,33,21,17,23,22,11,28,24,23,0,31,8,26,19,12,30,17,24,29,17,27
2436,24,37,41,20,0,17,27,18,27,28,39,47,33,21,31,16,42,29,24,19,28,27,33,18,44,30,20,36,35,33,20,34,20,28,27,0,37,19,21,35,44,39,23,36,30,28,31,35,32,28,17,23,45,13,28,21,0,23,30,35,0,24,0,24,20,30,29,24,16,26,33,0,22,14,25,33,21,17,23,22,11,28,24,23,0,31,8,26,19,12,30,15,24,29,17,27
2437,24,37,41,20,0,17,27,18,26,28,38,47,33,21,31,16,41,29,25,19,27,27,33,18,42,30,20,36,35,33,20,34,20,28,27,0,37,19,21,34,44,39,23,36,30,28,31,35,32,28,17,23,45,13,28,21,0,23,30,35,0,24,0,24,20,30,29,24,15,26,33,0,22,14,25,32,21,17,23,21,11,28,24,23,0,31,8,26,20,12,30,15,24,29,17,27
2438,24,37,42,20,0,17,27,18,25,28,38,47,33,21,31,16,41,29,25,19,27,27,33,18,42,30,20,36,35,33,20,34,20,28,27,0,37,19,21,34,43,39,22,36,30,28,31,35,33,28,17,23,45,13,28,21,0,23,30,35,0,24,0,24,21,30,29,24,15,26,33,0,22,14,25,32,20,18,23,21,11,28,24,23,0,31,8,25,20,12,30,15,25,29,16,27
2439,24,37,42,20,0,17,27,17,24,28,38,47,33,21,31,16,41,29,25,18,27,27,33,18,42,30,19,36,36,32,20,34,19,28,27,0,37,19,21,34,42,39,22,35,30,27,31,35,33,28,17,23,45,13,28,21,0,23,30,35,0,24,0,24,21,30,29,24,15,26,33,0,22,14,24,32,20,18,23,21,11,28,24,23,0,30,8,25,19,12,30,15,26,29,16,27
2440,24,37,42,20,0,17,27,17,24,28,38,47,33,21,31,16,41,29,25,18,27,27,33,18,42,30,20,36,36,32,20,34,19,28,28,0,37,19,21,34,42,39,22,35,30,27,31,34,34,28,17,23,45,14,28,21,0,23,30,35,0,24,0,24,20,30,29,24,15,26,33,0,21,14,24,32,20,18,23,21,11,28,24,23,0,30,8,25,19,12,30,15,26,29,16,27
2441,24,37,42,20,0,17,27,17,24,29,38,47,33,21,30,16,40,27,25,18,27,27,33,18,42,30,20,37,36,32,20,34,19,28,28,0,37,19,21,34,42,38,22,35,30,27,31,34,34,28,17,23,45,14,28,21,0,23,30,35,0,24,0,24,20,30,29,24,14,26,33,0,21,14,24,32,20,18,23,20,11,28,24,23,0,30,8,25,19,12,30,15,26,29,15,27
2442,24,37,42,20,0,17,27,17,24,29,38,48,33,21,30,16,40,26,25,18,27,27,33,18,42,30,20,37,36,32,20,34,19,28,28,0,37,19,21,34,42,38,22,35,30,27,31,34,34,28,17,23,46,14,28,21,0,23,30,35,0,23,0,24,20,30,29,23,14,26,33,0,21,15,24,32,20,18,23,20,11,28,24,23,0,30,8,25,19,12,30,15,26,29,15,27
2443,24,37,42,20,0,17,27,17,24,29,38,48,33,21,30,16,40,26,24,18,27,27,33,18,42,30,19,37,36,32,20,34,19,28,28,0,37,19,21,34,42,38,22,33,30,27,31,34,34,28,17,23,46,14,28,21,0,23,30,35,0,23,0,24,20,30,29,23,14,26,33,0,21,15,24,32,20,18,23,20,11,28,24,23,0,30,8,25,19,12,30,15,26,29,15,27
2444,24,37,42,20,0,17,27,17,24,29,38,48,33,21,30,16,41,26,24,18,27,26,33,18,42,30,19,38,35,32,20,33,19,28,28,0,37,19,21,34,42,38,22,33,30,27,31,33,34,28,17,23,46,14,28,21,0,23,30,35,0,23,0,24,19,30,29,23,14,26,34,0,21,15,24,33,20,18,23,20,11,27,24,23,0,30,8,25,19,12,30,15,26,29,14,27
2445,24,37,44,20,0,17,27,17,23,29,38,48,33,21,30,16,41,26,24,18,27,26,33,18,42,30,19,38,35,32,20,33,19,29,28,0,37,19,21,34,42,38,22,33,28,27,31,33,34,28,17,23,46,14,28,22,0,23,30,35,0,23,0,24,19,30,29,23,14,26,33,0,21,15,24,33,20,18,23,20,11,27,24,23,0,30,8,25,19,11,30,15,26,29,14,27
2446,24,37,44,20,0,17,27,17,23,29,38,48,33,21,30,16,41,26,24,18,27,26,34,18,42,30,19,38,35,32,20,33,19,29,28,0,37,19,21,34,42,38,22,32,28,27,31,33,34,28,17,23,46,14,28,22,0,23,30,35,0,23,0,24,19,29,29,23,14,26,33,0,21,15,24,33,20,18,23,20,11,27,24,23,0,30,8,25,19,11,30,15,26,29,14,27
2447,24,37,44,20,0,17,27,17,23,29,38,48,33,21,30,16,40,26,24,18,27,26,33,18,41,30,19,38,35,32,20,33,19,29,28,0,37,19,21,34,42,38,22,32,28,27,31,33,34,28,17,22,46,14,28,21,0,23,30,35,0,23,0,24,20,30,29,23,14,26,33,0,20,15,23,33,20,18,23,20,11,27,24,23,0,31,8,24,20,11,30,15,26,29,14,27
2448,24,37,44,20,0,17,26,17,23,29,39,49,33,21,31,16,40,26,24,18,27,26,33,18,41,30,19,39,36,32,20,33,18,29,28,0,37,19,21,33,42,37,23,32,28,27,31,33,34,28,17,21,47,14,28,21,0,23,30,36,0,23,0,24,20,30,28,23,14,26,33,0,20,15,23,34,20,18,22,20,11,27,23,23,0,31,8,24,20,11,30,15,26,29,14,27
2449,24,37,44,20,0,17,26,17,23,29,39,49,33,21,31,15,40,26,24,18,27,26,33,18,41,30,19,39,37,32,20,33,18,29,28,0,37,19,21,33,42,37,23,32,28,27,31,33,34,28,17,20,47,14,28,21,0,23,30,37,0,23,0,24,20,30,28,23,14,26,33,0,20,15,23,34,20,18,22,20,11,27,23,23,0,31,8,24,20,10,31,15,26,29,14,27
2450,24,37,44,20,0,17,26,17,23,29,39,49,33,21,31,15,41,26,24,18,26,26,33,18,41,30,19,39,37,32,20,33,18,29,28,0,37,19,21,33,42,37,23,32,28,27,31,33,34,27,17,20,47,14,28,21,0,21,30,37,0,23,0,24,20,30,28,23,14,26,33,0,20,15,23,34,20,18,22,20,11,27,23,23,0,32,8,24,20,10,31,15,26,29,14,27
2451,23,38,43,20,0,17,26,17,23,29,37,49,33,21,30,15,41,26,24,17,26,26,32,18,41,29,18,39,37,32,20,33,19,29,28,0,38,19,21,34,42,37,23,32,28,27,31,33,34,27,17,20,46,14,28,21,0,21,30,37,0,24,0,24,20,30,28,23,14,26,32,0,19,15,23,34,20,18,22,20,11,26,24,23,0,32,8,24,20,10,31,15,26,29,14,28
2452,22,38,43,20,0,17,26,17,23,28,37,49,32,21,30,15,41,26,24,17,26,26,33,18,41,29,18,39,37,33,20,33,19,29,28,0,38,19,21,34,42,37,23,32,28,26,31,33,34,26,17,20,46,14,29,21,0,21,30,36,0,24,0,24,20,30,28,23,14,26,32,0,19,15,23,34,20,18,22,20,11,27,24,23,0,32,8,24,20,10,31,15,26,29,14,28
2453,22,37,43,19,0,17,26,17,23,28,37,47,33,21,30,15,41,26,24,17,26,25,33,18,41,29,18,39,38,33,20,33,19,29,28,0,38,19,21,33,42,37,23,32,28,25,31,34,33,26,17,20,47,14,29,21,0,21,30,36,0,23,0,24,20,30,28,23,14,26,32,0,19,15,23,34,19,18,22,20,11,27,24,23,0,32,8,24,20,10,31,15,26,29,14,27
2454,22,37,42,19,0,17,26,17,23,28,37,47,33,21,30,15,41,26,24,17,26,25,32,18,41,29,18,40,38,33,20,33,19,29,28,0,38,19,21,34,42,37,23,32,28,25,31,34,33,26,17,19,47,14,29,21,0,21,30,36,0,23,0,24,20,30,28,23,14,26,32,0,19,15,23,35,19,18,22,20,11,27,24,23,0,32,8,24,20,10,32,15,25,29,14,27
2455,22,37,42,19,0,17,26,17,23,28,37,47,33,21,30,15,42,26,24,17,26,25,32,18,41,29,18,40,38,33,19,33,19,29,28,0,37,19,20,34,41,37,23,32,28,25,31,34,33,26,17,19,48,14,29,21,0,21,30,36,0,23,0,24,20,30,28,23,14,26,32,0,19,15,22,35,19,18,22,20,11,27,24,23,0,32,8,24,20,10,32,16,25,29,14,27
2456,22,37,41,19,0,17,26,17,23,28,37,48,33,21,30,15,42,26,24,17,26,25,32,18,41,29,19,40,38,33,19,34,19,29,28,0,37,19,20,34,41,37,23,32,28,25,32,34,33,26,17,19,49,14,29,21,0,21,30,36,0,23,0,24,20,29,28,23,14,26,30,0,19,15,22,36,19,18,22,21,11,27,24,23,0,32,8,23,20,10,32,16,25,28,14,27
2457,22,37,41,19,0,17,26,17,23,28,37,48,33,21,30,15,42,26,24,17,26,25,32,18,41,30,19,40,38,33,19,34,19,29,28,0,37,19,20,34,41,37,23,32,28,26,32,34,33,26,17,19,49,14,29,21,0,21,30,36,0,23,0,24,21,29,28,23,14,27,31,0,19,15,22,36,19,18,21,21,11,28,23,23,0,32,7,23,20,10,31,16,25,28,14,27
2458,22,37,41,19,0,17,27,16,23,28,36,48,33,21,30,15,42,26,24,17,26,25,32,18,41,30,19,40,38,32,19,34,19,29,28,0,37,19,19,34,41,37,23,32,28,26,32,34,33,26,17,19,49,14,29,21,0,20,30,36,0,23,0,24,21,29,28,23,14,26,31,0,19,16,22,36,19,18,21,21,11,27,23,23,0,32,7,23,20,10,31,16,25,28,14,27
2459,22,37,41,18,0,17,27,16,24,28,36,48,33,21,30,15,42,26,25,17,26,26,32,18,41,30,19,40,38,32,19,34,19,29,28,0,38,19,19,35,41,36,23,32,28,26,32,34,33,26,17,19,50,14,30,21,0,20,30,36,0,23,0,24,21,29,28,23,14,25,31,0,19,16,22,36,19,18,21,21,11,27,23,23,0,33,7,23,20,10,31,16,25,28,14,27
2460,22,37,41,18,0,17,27,16,24,28,36,48,33,21,30,15,42,26,25,17,26,26,32,18,41,30,19,40,38,32,19,34,19,29,28,0,38,19,19,35,41,36,23,32,28,26,32,34,32,26,17,19,50,14,30,21,0,20,30,36,0,23,0,24,22,29,28,23,14,24,31,0,19,16,22,36,18,18,21,21,10,27,23,23,0,33,7,23,20,10,31,16,25,28,14,27
2461,22,37,41,18,0,16,27,16,24,29,36,48,33,21,30,15,43,26,25,17,26,26,32,18,41,30,19,40,38,32,19,34,19,29,28,0,38,19,19,35,42,36,23,32,28,26,32,33,31,26,17,19,50,14,30,21,0,20,30,36,0,23,0,24,22,29,28,23,14,24,31,0,19,16,22,36,18,18,21,21,10,27,23,22,0,33,7,23,20,10,31,16,25,28,14,27
2462,22,37,42,18,0,16,27,16,24,28,36,48,33,21,31,15,43,26,25,17,26,25,32,18,41,30,19,40,37,32,19,33,19,29,28,0,38,19,19,35,42,35,23,32,29,26,32,33,31,26,17,19,50,13,30,21,0,20,29,36,0,23,0,24,22,29,28,23,14,24,31,0,19,16,22,36,18,18,22,21,10,27,23,22,0,33,7,23,20,10,31,16,25,28,14,27
2463,22,36,42,18,0,16,27,16,24,28,36,48,33,21,32,15,43,26,24,17,26,25,32,18,41,30,19,40,37,32,19,33,19,30,28,0,38,19,19,35,42,35,23,32,29,26,31,33,31,26,17,19,50,13,30,20,0,20,29,36,0,23,0,24,22,29,28,23,14,24,31,0,18,16,22,36,18,18,22,21,10,27,23,22,0,33,7,23,20,10,31,16,25,28,14,27
2464,22,36,42,18,0,15,27,16,24,28,35,48,32,21,32,15,44,26,24,17,25,25,32,18,40,30,19,40,38,32,19,33,19,30,27,0,39,18,18,35,42,35,23,32,29,26,31,33,31,26,17,19,50,13,30,20,0,20,29,36,0,23,0,24,22,29,28,23,14,24,31,0,18,16,22,36,18,18,22,21,10,27,23,22,0,33,7,23,20,9,31,16,24,28,14,27
2465,22,36,42,18,0,15,26,16,24,28,35,48,32,21,32,15,43,26,24,17,25,24,32,18,40,30,19,41,39,32,19,33,19,30,27,0,39,18,18,35,42,35,23,32,29,26,31,33,31,25,17,19,50,13,30,20,0,20,29,36,0,23,0,24,22,29,28,23,14,24,31,0,17,16,22,36,18,18,22,21,10,27,23,22,0,33,7,23,20,9,31,16,24,28,14,27
2466,22,36,42,18,0,15,26,16,24,28,34,48,32,21,32,15,43,26,24,17,25,24,32,18,39,30,19,41,39,32,19,33,19,30,27,0,40,17,18,35,42,34,23,32,29,26,31,33,32,25,17,19,50,13,30,20,0,20,28,36,0,23,0,24,22,29,28,23,14,24,31,0,17,16,22,36,17,18,22,21,10,27,23,22,0,33,7,23,20,9,31,16,24,28,14,27
2467,22,36,42,18,0,15,26,15,24,28,34,48,32,21,32,15,43,26,24,17,25,24,32,18,39,29,19,41,40,31,19,33,19,31,27,0,41,17,18,35,42,34,23,32,29,26,32,34,30,25,17,19,50,13,30,20,0,21,28,36,0,23,0,24,22,29,28,23,14,24,31,0,17,16,22,36,16,18,22,21,10,27,23,22,0,33,7,23,20,9,31,16,23,28,14,26
2468,22,36,42,18,0,15,26,15,24,28,34,48,32,21,32,15,43,26,24,17,25,24,32,18,39,29,19,41,40,31,19,32,19,31,27,0,41,18,18,35,41,34,23,32,28,26,32,34,30,24,17,19,50,13,30,20,0,21,27,36,0,23,0,24,22,29,28,23,14,24,31,0,17,16,22,36,16,18,22,21,10,27,23,22,0,33,6,23,20,9,30,16,22,28,14,26
2469,22,36,43,17,0,15,26,15,24,28,34,48,32,21,32,15,43,26,23,17,25,24,31,18,39,29,19,42,40,31,19,32,19,31,27,0,41,18,18,35,41,34,23,32,28,26,32,34,30,24,17,20,50,13,30,20,0,21,26,36,0,23,0,24,22,29,28,23,14,24,31,0,17,16,22,36,16,18,22,21,10,27,23,22,0,33,6,22,20,9,30,16,22,28,14,26
2470,22,36,43,17,0,15,26,15,24,28,34,48,32,21,32,15,42,26,23,17,25,25,30,18,39,29,19,42,40,31,19,32,19,31,27,0,41,18,18,35,41,33,23,32,28,26,32,34,30,24,17,20,51,14,30,20,0,20,26,35,0,23,0,24,22,29,28,23,14,24,31,0,17,16,23,37,16,17,22,21,10,27,22,22,0,33,6,22,20,9,30,16,22,28,14,26
2471,22,36,43,17,0,15,25,15,24,28,34,49,32,21,32,15,42,26,23,17,25,25,30,18,39,29,19,42,39,31,19,32,19,32,27,0,41,18,18,35,41,33,23,32,28,26,32,34,30,24,17,20,52,13,30,20,0,20,26,36,0,23,0,24,22,29,28,23,14,24,31,0,17,17,23,37,16,17,22,21,10,27,23,22,0,33,6,23,20,9,29,15,21,28,14,26
2472,22,36,43,17,0,15,25,15,24,28,34,49,32,21,32,15,42,26,23,17,25,25,30,18,39,29,19,42,39,31,19,32,19,32,27,0,42,18,18,34,41,33,23,32,28,26,32,34,30,24,16,20,52,13,30,20,0,20,26,36,0,23,0,24,22,29,28,23,14,24,30,0,17,18,23,37,16,16,22,21,10,27,23,22,0,33,6,23,20,9,29,15,21,28,14,26
2473,22,35,44,17,0,15,25,15,24,28,33,50,32,21,32,15,42,26,23,17,25,25,30,18,39,29,19,42,39,31,19,32,19,32,27,0,42,18,18,34,41,33,23,32,28,26,32,34,30,24,16,20,52,13,30,20,0,20,26,36,0,23,0,24,20,29,27,23,14,24,30,0,17,18,23,37,16,15,22,21,10,27,23,22,0,33,6,23,19,9,29,15,21,28,14,26
2474,22,35,44,17,0,15,24,15,25,28,32,50,34,21,32,15,41,26,22,17,25,24,30,18,39,29,19,42,39,31,19,32,19,32,27,0,42,18,18,34,41,33,23,32,28,26,32,34,29,24,16,20,53,13,30,20,0,20,26,36,0,23,0,24,20,29,27,23,14,25,30,0,17,18,23,37,15,15,22,21,10,27,23,22,0,32,6,23,19,9,29,15,21,28,14,26
2475,22,36,44,17,0,15,24,15,25,28,31,50,35,21,32,15,41,26,22,17,25,24,30,18,39,29,19,42,39,31,19,32,19,32,27,0,42,18,18,34,41,33,23,32,28,26,32,34,30,23,16,20,53,13,30,20,0,20,26,36,0,23,0,23,20,29,27,23,14,24,30,0,17,18,23,37,15,15,22,21,10,27,23,22,0,32,6,23,19,9,29,15,21,27,14,26
2476,22,36,44,17,0,15,24,15,25,28,31,51,35,21,32,15,41,25,22,17,25,24,30,18,39,29,19,42,38,31,19,32,20,33,26,0,42,17,18,34,40,33,23,32,28,26,32,34,30,23,16,20,53,13,30,20,0,20,26,36,0,23,0,23,20,29,27,23,14,24,30,0,17,18,23,38,15,15,22,21,10,27,22,21,0,32,6,23,19,9,29,15,21,27,14,26
2477,22,36,44,17,0,15,24,15,25,27,31,51,35,21,32,15,41,25,22,16,25,24,30,18,39,29,19,42,39,31,19,32,20,33,26,0,42,17,19,35,40,33,22,32,28,25,32,34,30,23,16,20,53,13,30,20,0,20,26,36,0,23,0,23,20,29,27,23,14,24,30,0,17,18,23,38,15,15,22,22,10,27,22,21,0,32,6,23,19,9,29,15,21,27,14,26
2478,22,36,44,16,0,15,24,14,25,27,31,51,35,21,33,15,41,24,22,16,25,24,30,18,39,29,19,42,39,31,19,32,20,33,26,0,42,17,19,35,40,32,21,32,28,25,32,34,30,23,16,20,53,13,30,20,0,20,26,36,0,23,0,23,20,29,27,23,14,24,30,0,17,18,23,38,15,15,22,22,10,27,22,22,0,32,6,23,19,9,29,15,21,27,14,26
2479,21,35,44,16,0,15,24,14,25,27,31,51,35,21,33,15,41,24,22,16,25,24,30,18,39,29,19,42,39,30,19,32,20,33,26,0,43,17,19,35,40,32,21,32,28,25,32,34,31,23,16,20,53,13,30,20,0,20,26,36,0,23,0,23,20,29,27,23,14,23,29,0,17,18,23,37,15,15,22,22,10,27,22,22,0,31,6,23,19,9,29,15,21,27,14,26
2480,21,35,44,16,0,15,24,14,25,27,31,51,35,21,32,15,41,24,22,16,25,24,30,18,39,28,19,42,39,30,19,32,20,33,26,0,43,17,19,35,40,32,21,32,28,25,33,34,31,23,16,20,54,13,30,20,0,20,26,36,0,23,0,23,20,29,27,23,14,23,29,0,17,18,23,37,15,15,22,22,10,27,23,22,0,31,6,23,19,9,29,15,21,27,14,26
2481,21,35,44,16,0,16,24,14,25,27,31,51,35,22,32,15,41,24,22,16,25,24,30,18,39,27,18,42,39,30,19,32,20,33,25,0,43,17,18,35,40,32,21,32,28,25,33,33,31,23,16,20,54,12,30,20,0,20,25,36,0,22,0,23,20,29,27,23,14,23,29,0,17,18,22,37,14,15,22,22,10,27,23,22,0,31,6,23,19,9,29,15,21,27,14,26
2482,21,35,44,16,0,16,24,14,25,27,31,51,35,22,33,15,41,24,22,16,25,24,30,18,39,27,18,43,39,30,19,32,20,33,25,0,43,17,18,35,40,32,20,32,28,25,33,33,31,23,16,20,54,12,30,20,0,20,25,36,0,22,0,23,20,29,27,23,14,23,29,0,17,18,22,37,14,15,22,21,10,27,22,22,0,31,6,23,19,9,29,16,21,27,15,26
2483,21,35,44,16,0,16,23,14,25,27,31,51,35,22,33,15,41,24,22,16,25,25,30,18,40,27,17,43,39,30,19,33,19,33,25,0,43,17,18,35,40,32,20,31,28,25,33,33,31,23,16,20,54,12,30,20,0,20,25,36,0,22,0,23,20,29,27,23,14,23,29,0,17,18,22,37,15,15,22,21,10,27,22,22,0,31,6,23,19,9,28,16,21,27,15,26
2484,21,35,44,16,0,16,23,14,25,27,31,51,35,22,33,15,41,24,22,16,25,25,30,18,40,27,17,43,39,30,19,33,19,33,25,0,42,17,18,35,40,32,20,31,27,25,33,33,31,23,16,20,54,12,30,20,0,20,24,36,0,22,0,22,20,29,26,23,14,23,29,0,17,19,22,38,15,15,22,21,10,27,22,22,0,31,6,23,19,9,28,16,21,27,15,25
2485,21,35,44,16,0,16,23,14,26,27,31,51,35,22,33,15,41,24,22,16,25,25,30,18,40,27,17,43,39,29,19,34,18,33,25,0,42,17,18,35,40,32,20,31,27,25,32,33,31,23,16,20,54,12,30,20,0,20,23,36,0,22,0,21,20,29,26,23,14,23,29,0,17,19,22,38,15,15,22,21,10,27,22,22,0,30,6,23,19,9,28,16,21,27,15,25
2486,21,35,44,16,0,16,23,14,26,27,31,52,34,22,33,15,41,24,22,16,25,25,30,18,39,27,16,43,39,29,19,33,18,33,25,0,43,17,18,35,40,32,20,31,27,25,31,33,31,23,16,20,54,12,30,19,0,20,23,36,0,22,0,21,20,29,26,23,14,22,29,0,17,19,22,38,15,15,22,21,10,27,22,22,0,28,6,23,19,10,28,16,21,27,15,25
2487,21,35,44,16,0,16,23,14,26,27,31,52,34,22,33,15,41,24,23,16,25,25,30,18,39,27,16,43,39,29,18,33,18,33,25,0,43,17,18,34,40,32,20,32,27,25,30,33,31,23,16,20,54,12,29,19,0,20,23,35,0,22,0,21,21,29,26,23,14,22,29,0,17,19,22,38,15,15,22,21,10,27,22,22,0,28,6,23,19,10,28,16,21,27,15,25
2488,21,34,44,16,0,16,23,15,27,27,31,52,34,22,33,15,41,24,23,16,25,25,30,18,39,27,16,43,39,29,18,33,18,33,25,0,43,17,19,34,39,32,20,32,27,25,30,33,31,23,16,20,54,12,30,19,0,20,23,35,0,22,0,21,21,29,26,23,13,22,29,0,17,20,22,38,15,15,22,21,10,27,22,22,0,28,6,23,19,10,28,16,21,27,15,25
2489,21,34,44,16,0,16,23,15,26,27,30,52,33,22,34,15,41,24,23,16,25,25,29,18,39,26,16,43,39,29,18,33,18,33,25,0,43,17,19,34,39,32,20,32,26,24,30,33,31,23,16,20,54,12,30,19,0,20,23,35,0,22,0,21,21,29,26,23,13,22,29,0,17,20,22,38,15,15,22,21,10,27,22,22,0,28,6,23,19,10,28,16,21,27,15,25
2490,21,34,44,16,0,16,23,15,26,27,29,52,33,22,34,15,41,24,23,16,25,24,29,18,39,26,16,43,39,29,18,33,18,33,25,0,43,17,19,34,39,32,20,32,26,24,30,33,31,23,16,20,55,12,30,18,0,20,23,35,0,22,0,21,21,29,26,23,13,22,29,0,17,20,22,38,15,15,22,21,10,27,22,22,0,27,6,23,19,10,28,16,21,27,15,25
2491,21,35,44,16,0,16,23,15,26,27,29,53,33,22,34,15,41,24,23,16,25,24,29,18,39,26,16,43,39,29,18,33,18,33,25,0,44,17,19,34,39,32,20,32,26,24,30,33,31,23,16,20,55,12,30,18,0,19,22,35,0,22,0,21,21,29,26,23,13,22,29,0,17,20,22,38,15,15,22,21,10,27,22,21,0,28,6,23,19,10,28,16,21,27,15,25
2492,21,35,44,16,0,16,23,15,26,27,29,53,32,22,34,15,41,23,23,16,25,24,28,18,39,26,16,43,39,29,18,33,18,33,25,0,44,17,19,34,39,32,20,32,27,24,29,33,30,23,16,20,55,12,31,17,0,19,22,35,0,22,0,21,21,29,25,23,13,22,29,0,17,20,22,38,15,15,21,21,10,26,22,21,0,28,6,23,19,10,28,16,21,27,15,25
2493,21,35,44,16,0,16,23,15,26,27,29,53,32,22,34,15,41,23,23,16,25,24,28,18,39,26,16,43,39,29,18,33,18,33,25,0,44,17,19,34,39,32,20,31,26,24,29,33,30,23,15,20,55,12,31,17,0,19,22,35,0,22,0,21,21,29,25,23,13,22,29,0,17,20,22,38,15,15,21,21,10,26,22,21,0,28,6,23,19,10,28,16,21,27,15,25
2494,21,35,44,16,0,16,23,15,26,27,28,53,32,22,34,15,41,23,23,16,25,24,28,18,39,26,16,43,39,29,18,33,18,32,25,0,44,17,19,34,39,32,19,31,26,24,29,34,30,23,15,20,55,12,31,17,0,19,22,35,0,22,0,21,21,28,25,22,13,22,29,0,17,20,22,37,15,15,21,21,10,26,22,21,0,29,6,23,19,10,28,16,21,27,15,25
2495,21,35,44,16,0,16,23,15,26,27,28,53,32,22,34,15,41,23,23,16,25,24,28,18,39,26,16,43,39,29,17,32,17,32,25,0,44,17,19,35,39,32,19,31,26,24,29,34,30,23,15,20,55,12,31,17,0,19,22,35,0,22,0,21,21,28,24,22,13,22,29,0,17,20,22,37,15,15,21,21,10,26,22,21,0,28,6,23,19,10,28,16,21,26,15,26
2496,20,35,44,16,0,16,23,15,26,27,29,54,31,22,34,15,41,23,23,16,25,24,27,18,39,26,16,43,39,29,17,32,17,32,25,0,44,17,19,34,39,32,19,31,26,24,29,32,30,23,15,20,54,12,31,17,0,19,22,35,0,21,0,21,21,28,24,22,13,22,29,0,17,21,22,36,15,15,21,21,10,26,22,21,0,28,6,22,19,10,28,15,21,26,15,26
2497,20,35,44,16,0,16,23,15,25,27,29,54,31,22,34,15,41,22,23,16,25,23,27,18,39,24,16,43,39,29,17,32,17,34,25,0,44,17,19,34,39,32,18,31,26,24,29,32,30,23,15,20,54,12,31,17,0,19,22,35,0,21,0,21,21,28,24,22,13,22,29,0,17,21,22,37,15,15,21,21,10,26,21,21,0,28,6,22,19,10,28,15,21,26,15,26
2498,20,35,44,16,0,16,23,15,24,27,29,54,31,22,34,15,41,22,23,16,25,23,27,17,39,24,16,43,39,29,17,32,17,34,25,0,44,17,19,34,39,31,18,31,26,24,29,32,30,23,15,20,54,12,31,17,0,19,22,35,0,21,0,21,20,28,24,22,13,23,29,0,17,21,22,37,15,15,21,20,10,26,21,21,0,28,6,22,19,10,28,15,21,26,15,26
2499,20,35,44,16,0,16,23,15,24,27,29,54,31,22,34,15,41,22,23,16,25,23,27,17,39,24,16,43,39,29,16,32,17,34,25,0,45,17,19,34,39,31,18,31,26,24,29,32,30,23,15,20,55,12,31,17,0,19,22,35,0,21,0,21,20,28,24,22,13,23,29,0,17,21,23,37,15,15,20,20,10,26,21,21,0,28,6,22,19,10,28,15,21,26,15,25
2500,20,35,44,16,0,16,23,16,23,27,28,54,31,22,34,15,41,22,23,16,25,23,27,17,39,24,16,43,39,29,16,32,17,34,25,0,45,16,19,35,39,31,18,31,26,24,29,32,30,23,15,20,55,12,31,17,0,19,22,35,0,21,0,21,21,28,25,22,13,23,29,0,17,21,23,37,15,15,20,20,10,26,21,21,0,28,6,22,19,10,28,15,21,26,15,25
2501,20,35,44,16,0,16,23,16,23,27,28,54,31,22,34,15,41,22,23,16,25,23,27,17,39,24,15,43,39,29,16,32,17,34,25,0,45,16,19,34,39,30,18,31,26,24,29,32,30,23,15,20,55,12,31,17,0,19,22,35,0,21,0,21,21,28,25,22,13,24,29,0,17,21,23,37,15,15,20,20,10,25,21,21,0,27,6,22,19,9,28,15,21,26,15,25
2502,19,35,44,16,0,16,23,16,23,27,28,54,31,22,34,15,41,22,23,16,26,23,26,17,39,23,15,43,39,29,16,32,17,34,25,0,45,16,18,33,39,30,18,31,26,24,29,31,30,23,15,20,55,12,31,17,0,19,22,35,0,21,0,21,21,28,25,22,13,24,29,0,16,21,23,37,15,15,20,20,10,25,21,20,0,27,6,22,19,9,27,15,21,26,15,25
2503,19,35,44,15,0,16,23,15,23,27,28,54,31,22,34,15,41,22,23,16,26,23,25,17,39,23,15,43,39,29,16,31,17,34,25,0,45,16,18,33,39,30,18,31,26,22,29,31,30,23,15,20,55,11,32,17,0,19,22,35,0,21,0,21,21,28,25,21,13,24,29,0,16,21,23,37,15,15,20,20,10,25,21,20,0,27,7,22,19,9,28,15,21,26,15,25
2504,19,35,43,15,0,16,23,15,23,27,28,54,31,22,34,15,41,22,23,16,26,23,25,17,39,23,15,42,39,29,16,31,17,34,25,0,45,16,18,33,39,30,18,31,26,22,28,31,30,23,15,19,55,11,32,17,0,19,22,35,0,21,0,21,21,28,25,21,13,24,29,0,16,21,23,37,15,15,20,20,10,25,21,20,0,27,7,22,19,9,28,15,21,26,15,25
2505,19,35,43,15,0,16,23,15,23,27,28,54,31,22,33,15,41,22,23,16,26,23,25,17,39,23,15,42,39,29,16,31,17,34,25,0,45,16,17,32,39,30,18,31,25,22,28,31,30,23,15,19,55,11,32,17,0,19,22,34,0,21,0,21,21,28,25,21,13,24,29,0,15,21,23,37,15,15,20,20,10,25,20,20,0,27,7,22,19,9,28,15,21,26,15,24
2506,19,34,44,15,0,16,23,15,23,27,28,53,31,22,33,15,41,22,23,16,25,23,25,16,39,23,15,42,38,29,16,31,17,34,25,0,45,16,17,32,39,30,19,31,25,22,28,31,30,23,15,19,56,11,32,17,0,19,22,34,0,21,0,20,20,27,25,21,13,25,29,0,15,21,23,37,15,15,20,20,10,25,20,20,0,27,7,22,19,9,28,15,21,26,15,24
2507,19,34,44,15,0,16,23,15,23,26,28,52,31,22,33,15,41,22,23,16,25,23,25,16,39,23,14,41,38,29,16,31,17,34,25,0,45,16,17,32,39,30,19,31,24,22,28,32,31,23,15,19,56,11,32,17,0,19,22,34,0,21,0,20,20,27,25,20,13,25,28,0,15,21,23,37,15,15,20,20,10,25,20,20,0,27,7,22,19,9,28,14,20,26,15,24
2508,19,34,44,15,0,16,23,15,22,26,28,51,30,22,33,15,40,22,23,16,25,23,25,15,39,22,14,41,38,29,16,31,17,34,25,0,44,16,17,32,39,30,19,31,24,21,28,32,31,23,15,19,56,11,32,17,0,19,22,34,0,21,0,20,20,27,25,20,13,25,28,0,15,21,22,37,15,15,20,20,10,25,20,19,0,27,7,22,19,9,28,14,20,26,15,24
2509,19,34,44,15,0,16,23,15,22,26,28,51,30,22,33,15,40,22,23,17,25,23,25,15,39,22,14,42,37,29,16,31,17,34,25,0,44,16,17,32,38,30,19,31,24,21,27,32,31,23,15,18,56,11,32,17,0,19,22,34,0,21,0,20,20,27,25,20,13,25,27,0,15,21,22,37,15,15,20,20,10,25,20,19,0,27,7,22,19,9,27,14,20,26,15,24
2510,19,34,44,15,0,16,22,15,22,26,28,51,30,22,33,15,40,22,23,17,26,23,24,15,39,22,15,43,37,29,17,31,17,35,25,0,44,16,17,32,38,29,19,31,24,21,27,32,31,23,15,18,57,11,32,17,0,19,21,34,0,21,0,20,20,27,25,20,14,25,27,0,15,21,22,37,14,15,20,20,10,25,20,19,0,27,6,22,19,9,27,14,20,26,15,24
2511,19,35,44,15,0,16,22,15,22,26,28,51,30,22,32,15,40,22,23,17,26,23,24,15,39,22,15,43,37,29,17,31,17,35,24,0,44,16,17,32,38,29,19,31,24,21,27,32,31,23,15,18,57,11,32,17,0,19,21,34,0,21,0,20,20,27,25,19,14,25,27,0,15,20,22,37,14,15,20,19,10,24,20,20,0,27,6,22,20,9,27,14,20,26,15,24
2512,19,35,45,15,0,16,22,15,22,26,28,51,30,22,32,15,40,21,23,17,26,23,24,15,39,22,15,43,37,29,17,30,17,35,24,0,44,16,17,32,38,29,19,31,24,21,27,32,31,23,15,18,57,11,32,17,0,19,21,34,0,21,0,20,20,26,25,19,14,25,27,0,15,20,22,37,14,15,19,19,10,23,20,20,0,27,6,22,20,9,27,14,20,26,15,24
2513,19,35,45,15,0,16,22,15,22,26,28,51,30,22,32,15,41,21,23,17,26,23,24,15,39,22,15,43,37,29,17,30,17,35,24,0,44,16,17,32,37,29,19,31,24,20,27,33,31,23,15,18,57,11,32,17,0,19,21,34,0,21,0,20,20,26,25,19,14,25,26,0,15,20,22,37,14,15,19,18,10,23,20,20,0,27,6,22,20,9,27,14,20,26,15,24
2514,19,36,45,15,0,16,22,15,21,26,28,51,30,22,32,15,41,21,23,17,26,24,24,15,39,22,15,43,37,29,17,30,17,35,24,0,44,16,17,32,37,29,19,31,24,20,27,33,31,23,15,18,57,11,31,17,0,19,21,34,0,21,0,20,20,26,25,19,14,24,26,0,15,20,22,37,14,15,19,18,10,23,20,20,0,27,6,22,20,9,27,14,20,26,15,24
2515,19,36,45,15,0,16,22,15,21,26,28,51,30,22,32,15,41,21,23,17,26,24,24,14,39,22,15,43,37,29,17,30,17,35,24,0,44,16,17,32,37,29,19,31,24,20,27,33,32,23,15,18,57,11,31,17,0,19,21,34,0,21,0,20,19,26,25,19,14,24,26,0,15,20,22,37,14,15,19,18,10,23,20,20,0,27,6,22,20,9,27,14,20,26,15,25
2516,19,36,46,15,0,16,22,15,21,26,28,53,30,22,32,15,40,21,23,17,26,24,24,14,39,22,15,43,37,28,17,31,17,35,24,0,44,16,17,32,37,29,19,31,24,21,27,33,32,23,15,18,56,11,31,17,0,19,21,34,0,21,0,20,19,26,25,19,14,24,26,0,15,20,22,38,14,15,19,18,10,23,20,20,0,26,6,22,20,9,27,14,20,26,15,25
2517,19,36,46,15,0,16,22,15,21,26,28,53,30,22,32,15,40,21,23,17,26,24,24,14,39,22,15,43,37,28,17,31,17,35,23,0,44,16,17,32,37,28,19,31,24,21,27,33,32,23,15,18,55,11,31,17,0,19,21,33,0,21,0,20,19,26,25,19,14,25,26,0,15,20,22,38,14,15,19,18,10,21,20,20,0,26,6,22,20,9,27,14,20,26,15,25
2518,19,36,46,15,0,16,22,15,21,26,27,53,30,22,31,15,40,21,23,17,26,24,24,14,39,22,15,43,37,28,17,31,17,35,23,0,44,16,17,32,37,28,19,31,23,21,27,33,32,23,15,18,55,11,31,17,0,19,21,32,0,21,0,20,19,26,25,19,14,25,26,0,15,20,22,38,13,15,19,18,10,21,20,20,0,25,6,22,20,8,27,14,20,26,15,25
2519,19,36,46,15,0,16,22,15,22,26,27,53,30,22,31,15,40,21,23,17,26,24,24,14,39,22,15,43,37,28,17,31,17,35,23,0,44,16,17,32,37,28,19,30,22,21,27,33,32,23,15,18,55,11,31,17,0,18,21,32,0,21,0,20,19,26,25,19,14,25,26,0,15,20,22,38,13,15,19,18,10,21,20,20,0,25,6,22,20,8,27,14,20,26,15,25
2520,19,36,46,15,0,16,21,15,22,26,27,53,30,22,31,15,39,21,23,17,26,24,24,14,39,22,15,43,37,27,17,31,17,35,23,0,45,16,17,32,37,28,19,29,22,21,27,33,33,23,15,18,55,11,31,17,0,18,21,32,0,21,0,20,19,26,25,19,14,25,26,0,15,21,22,38,13,15,19,18,10,21,20,20,0,25,6,22,20,8,27,14,20,26,15,25
2521,19,36,47,15,0,16,21,15,22,26,27,53,29,22,30,15,39,21,23,17,26,24,24,14,38,21,15,43,37,27,17,32,17,34,23,0,45,16,17,32,37,28,19,29,22,21,27,33,31,23,15,18,56,11,31,17,0,18,21,32,0,21,0,20,19,26,24,19,14,25,26,0,15,21,22,38,13,15,19,18,10,21,20,20,0,25,6,22,20,8,27,14,20,26,15,25
2522,19,36,47,14,0,16,21,15,22,26,27,53,29,21,29,15,39,21,23,17,26,24,22,14,38,21,15,43,37,27,17,32,17,34,23,0,45,16,17,32,37,28,19,29,22,21,26,33,31,23,15,18,56,11,31,17,0,18,21,32,0,21,0,20,19,25,24,19,14,25,27,0,15,21,22,38,13,15,19,18,10,21,21,20,0,25,6,22,20,8,27,14,20,26,14,25
2523,19,37,47,14,0,16,21,15,22,26,27,53,29,21,29,15,39,21,23,17,26,24,22,14,38,21,15,43,37,27,17,32,16,34,23,0,45,16,17,32,37,28,19,28,22,21,26,33,31,23,15,18,56,11,31,17,0,18,21,32,0,22,0,20,19,25,24,19,14,25,27,0,15,21,22,38,13,14,19,18,10,21,21,20,0,25,6,22,20,8,27,14,20,26,14,25
2524,19,37,48,13,0,16,20,15,22,26,26,53,29,21,29,15,39,21,23,17,26,24,22,14,38,21,15,43,37,27,17,31,16,34,23,0,45,16,17,32,37,28,19,28,22,21,26,33,31,23,15,18,56,11,31,17,0,18,21,32,0,22,0,20,19,25,24,19,14,24,27,0,16,22,22,38,12,14,19,18,10,21,21,20,0,25,6,22,20,8,27,14,20,26,14,25
2525,19,37,48,13,0,16,20,15,22,26,25,53,29,21,29,15,39,21,23,17,26,24,22,14,38,21,15,42,37,27,18,31,16,34,23,0,44,16,17,33,37,28,19,28,22,21,26,33,31,23,14,18,56,11,31,17,0,18,21,32,0,22,0,20,19,24,24,19,14,24,27,0,16,22,22,38,12,14,19,17,10,21,21,20,0,25,6,22,20,8,27,14,20,26,14,25
2526,19,36,48,13,0,16,19,15,22,26,25,52,29,21,29,15,39,21,23,17,26,23,22,14,38,21,15,42,37,26,18,30,16,33,23,0,44,16,17,33,36,28,19,28,22,21,26,32,31,23,14,18,57,11,31,17,0,18,21,33,0,22,0,20,19,24,24,19,14,24,27,0,16,22,22,38,12,14,19,17,10,21,21,20,0,25,6,21,20,8,27,14,20,26,14,25
2527,19,36,48,13,0,16,19,15,22,26,25,52,29,21,29,14,39,21,23,17,25,23,22,14,38,21,15,42,36,26,18,30,16,33,23,0,44,16,17,33,36,28,19,28,22,21,26,32,31,23,14,18,57,11,31,15,0,18,21,33,0,22,0,19,19,24,24,19,14,24,26,0,16,22,22,38,12,14,19,17,10,21,20,20,0,25,6,21,20,8,27,13,20,26,14,24
2528,19,35,48,13,0,16,19,15,22,26,26,52,29,21,30,14,39,20,23,16,25,23,22,14,38,21,15,42,36,26,18,30,16,33,23,0,44,16,17,34,36,28,19,28,22,21,26,31,31,23,14,18,57,10,31,15,0,18,21,33,0,22,0,19,19,23,24,19,14,24,26,0,16,22,22,38,12,14,19,17,10,21,20,20,0,25,6,21,20,8,27,13,20,26,14,24
2529,19,35,48,13,0,16,19,15,22,26,26,52,29,21,30,14,39,20,23,16,24,23,22,14,38,21,15,42,37,26,18,30,16,33,23,0,44,16,17,34,36,27,19,28,22,21,26,31,31,23,14,18,57,10,31,15,0,18,21,33,0,22,0,19,19,23,24,19,14,24,26,0,16,22,22,38,12,13,19,17,10,21,20,19,0,25,6,22,20,8,27,13,20,26,14,24
2530,19,35,48,13,0,16,19,15,22,26,26,52,29,20,30,14,39,21,23,16,24,23,22,14,38,21,15,41,37,26,17,30,16,33,23,0,44,16,17,34,36,27,19,28,22,21,26,30,31,23,14,18,57,10,31,15,0,16,21,33,0,22,0,19,19,23,24,19,15,24,26,0,16,22,22,38,12,13,19,17,10,21,20,19,0,25,6,22,20,8,27,13,20,26,14,24
2531,19,35,48,13,0,15,19,15,22,26,26,52,29,19,30,14,39,21,23,16,24,23,22,14,38,21,15,41,37,26,17,29,16,33,23,0,44,16,16,34,36,27,19,28,22,21,26,30,31,23,14,18,57,9,31,15,0,16,21,33,0,22,0,19,19,23,23,19,15,24,26,0,16,22,22,38,12,13,19,17,10,21,20,19,0,24,6,22,20,8,26,14,20,26,14,24
2532,19,35,48,13,0,15,19,15,22,26,26,52,29,19,30,14,39,21,23,16,24,22,22,14,38,21,15,41,37,26,17,29,16,33,23,0,44,16,16,34,36,27,18,28,22,21,27,30,32,23,14,17,57,9,30,15,0,16,20,33,0,22,0,18,19,23,23,19,15,24,26,0,16,22,22,37,12,13,19,17,10,21,20,19,0,24,6,22,18,8,26,14,20,26,14,24
2533,19,35,48,13,0,15,19,15,21,26,24,52,29,19,30,14,39,21,23,16,24,22,22,13,38,21,15,41,37,26,17,29,15,33,23,0,44,16,16,35,36,27,18,28,22,21,27,30,32,23,14,17,57,9,30,15,0,16,20,33,0,22,0,18,19,23,23,19,15,24,26,0,16,22,22,37,12,13,19,17,10,21,20,19,0,24,6,22,18,8,26,14,20,26,14,24
2534,19,35,48,13,0,15,19,15,21,26,24,52,29,19,30,14,39,21,23,16,24,22,22,13,38,21,15,41,36,26,17,29,14,33,23,0,44,16,16,35,36,27,18,28,22,21,26,30,32,23,14,17,58,9,30,15,0,16,20,33,0,22,0,18,19,23,22,19,15,24,25,0,16,22,22,37,12,13,19,17,10,21,19,19,0,24,6,22,18,7,26,14,20,26,14,23
2535,19,35,48,13,0,15,19,15,21,26,24,52,29,19,30,14,39,21,23,16,24,22,22,13,38,21,15,41,37,26,17,29,14,33,23,0,44,16,16,35,36,27,18,28,22,21,26,29,30,23,14,17,58,9,30,15,0,16,20,33,0,22,0,18,19,23,22,19,15,25,25,0,16,22,22,37,12,13,19,16,10,21,19,19,0,24,6,22,18,7,26,14,20,26,14,23
2536,19,34,48,13,0,15,18,15,21,26,24,52,29,19,30,14,39,21,23,16,24,22,22,13,37,21,15,41,37,26,18,29,14,33,23,0,43,16,16,35,36,27,18,28,22,21,26,29,30,23,14,17,58,9,30,15,0,16,20,33,0,22,0,18,19,23,22,19,15,25,25,0,16,22,22,37,12,13,19,16,10,21,19,19,0,24,6,22,18,7,26,14,20,26,14,23
2537,19,34,48,13,0,15,18,16,21,26,24,52,29,19,29,14,39,21,23,16,24,23,22,13,37,21,15,41,37,26,18,29,14,33,23,0,43,16,16,35,36,27,18,27,22,22,26,29,30,23,14,17,58,9,30,15,0,16,20,33,0,22,0,18,19,23,22,18,15,25,25,0,16,22,22,37,12,13,19,16,10,21,19,19,0,24,6,21,18,7,25,14,20,26,14,24
2538,19,34,48,13,0,15,18,16,21,26,24,52,28,19,29,14,40,21,24,16,24,23,22,13,37,21,15,40,37,26,18,28,13,32,23,0,43,16,16,35,36,28,18,27,22,22,26,29,30,23,14,17,58,9,30,15,0,16,20,33,0,22,0,18,19,23,22,18,15,25,25,0,16,22,22,37,12,13,19,16,10,21,19,19,0,24,5,21,18,7,25,14,20,26,14,24
2539,19,34,47,13,0,15,17,16,21,26,24,52,28,19,29,14,40,21,24,16,24,22,22,13,37,21,15,39,37,26,18,27,13,32,23,0,43,16,16,35,36,28,18,27,22,21,26,29,30,22,14,17,58,9,30,15,0,15,20,33,0,22,0,18,19,22,22,18,15,25,25,0,16,23,22,37,12,13,19,16,10,21,19,19,0,23,5,21,18,7,25,14,20,25,14,24
2540,18,34,47,13,0,15,17,16,21,25,24,52,27,19,29,14,40,20,24,16,24,23,22,13,37,21,15,39,37,26,18,27,13,32,23,0,44,16,16,35,34,28,18,27,22,21,26,29,30,22,15,17,58,9,30,15,0,15,20,33,0,22,0,18,19,22,22,18,15,25,25,0,16,23,21,37,12,13,19,16,10,21,19,19,0,23,5,21,18,7,25,14,20,26,13,24
2541,18,34,48,13,0,15,17,16,22,25,24,52,27,19,29,14,40,20,24,16,24,23,22,13,37,21,15,39,37,26,18,27,13,32,23,0,44,16,16,35,34,28,18,28,22,21,26,29,30,22,15,17,58,9,29,15,0,15,20,33,0,22,0,18,19,22,22,18,15,25,25,0,16,23,21,37,11,13,19,16,10,20,19,19,0,22,5,21,18,7,24,14,20,26,12,24
2542,18,34,47,13,0,15,17,16,22,25,24,52,27,19,29,14,40,20,24,16,24,23,22,13,37,21,15,39,37,26,18,27,13,32,24,0,44,16,16,34,34,28,18,28,22,21,26,29,30,22,15,17,58,9,28,15,0,14,20,33,0,22,0,18,19,22,22,18,15,25,25,0,16,23,21,37,11,13,19,16,10,20,19,19,0,21,5,20,18,7,24,14,20,26,11,24
2543,18,34,47,13,0,15,17,15,22,25,24,52,26,19,29,14,40,20,24,16,24,23,22,13,37,21,15,39,37,26,19,27,13,32,23,0,44,16,16,34,34,28,18,28,22,21,26,29,30,22,15,17,58,9,28,15,0,14,20,33,0,22,0,18,19,20,22,18,15,25,24,0,16,24,21,36,11,13,19,16,10,20,19,19,0,21,5,20,18,7,24,14,19,26,11,24
2544,18,34,47,13,0,15,17,15,22,25,25,52,26,19,29,14,40,20,24,16,24,23,22,13,37,21,15,39,37,26,19,27,13,32,23,0,44,16,16,34,34,28,19,28,22,21,26,29,30,23,15,17,58,9,28,15,0,14,19,33,0,22,0,17,19,20,22,18,15,25,24,0,16,24,21,36,11,13,19,16,10,20,19,19,0,20,5,20,18,7,24,14,19,26,11,24
2545,18,34,47,13,0,15,17,15,22,24,25,50,26,19,29,14,40,20,24,16,23,23,22,13,37,21,15,40,38,26,19,26,13,32,23,0,44,16,16,34,34,28,19,28,22,21,26,29,30,23,15,17,58,9,28,15,0,14,19,33,0,22,0,17,19,20,22,18,15,25,23,0,16,23,21,36,11,13,19,16,10,20,19,19,0,20,5,20,18,7,24,14,19,26,11,24
2546,18,34,47,12,0,15,17,15,22,24,25,50,26,19,29,14,40,20,24,16,23,23,22,13,37,21,15,40,38,26,19,25,13,32,23,0,44,16,16,34,34,28,18,28,22,21,26,29,30,23,14,17,57,9,28,15,0,14,19,33,0,21,0,17,19,20,22,18,15,25,23,0,16,23,21,36,11,13,19,16,10,20,19,19,0,20,5,20,18,7,24,14,19,26,11,24
2547,18,34,47,12,0,15,16,15,21,24,25,50,26,19,29,14,40,20,24,16,23,23,22,13,37,21,15,40,38,26,19,25,13,32,23,0,44,16,16,34,34,28,18,28,22,21,26,29,30,22,14,17,57,9,27,14,0,13,19,33,0,21,0,17,19,20,22,18,15,25,22,0,15,23,21,36,11,13,19,16,10,20,19,19,0,20,5,20,18,7,24,14,19,26,11,24
2548,17,34,47,12,0,15,16,15,21,24,25,50,26,19,28,14,40,20,24,16,23,23,21,13,37,21,14,40,38,26,19,25,13,32,23,0,44,16,16,35,34,28,18,28,22,21,26,29,30,22,14,17,57,9,27,14,0,13,19,33,0,21,0,17,19,20,22,18,15,25,22,0,15,23,21,36,11,13,19,16,10,20,19,19,0,20,5,20,18,7,24,14,19,26,11,24
2549,17,34,47,12,0,15,16,15,21,24,25,50,26,19,28,14,40,20,24,16,22,23,21,13,37,21,14,40,38,24,18,25,13,32,23,0,44,16,16,35,33,28,18,28,22,21,26,29,30,22,14,17,57,9,27,14,0,13,19,33,0,21,0,17,19,20,22,18,15,25,22,0,15,23,21,34,11,13,19,16,10,20,18,19,0,20,5,20,18,7,24,14,19,26,11,24
2550,17,34,47,12,0,15,16,15,21,24,25,50,25,19,28,14,40,20,24,16,22,23,21,13,37,21,14,40,39,25,18,25,13,32,23,0,44,16,16,35,33,28,18,28,22,21,26,29,30,21,14,17,56,9,27,14,0,13,19,34,0,21,0,17,19,20,22,17,15,25,22,0,15,23,21,34,11,13,20,16,10,20,18,19,0,20,5,20,18,7,24,14,19,26,10,24
2551,17,34,47,12,0,15,16,15,21,24,25,50,25,19,28,14,40,20,24,16,22,23,21,13,37,21,14,40,39,25,18,25,12,32,23,0,44,16,16,35,32,28,18,28,22,21,26,29,30,21,14,17,56,9,27,13,0,13,19,33,0,21,0,17,19,20,22,17,15,25,22,0,15,23,21,34,11,13,20,16,10,20,18,19,0,20,5,20,18,7,24,14,19,26,10,24
2552,17,34,47,12,0,15,16,15,21,24,25,50,25,19,28,14,40,19,24,16,22,23,21,13,37,21,14,40,39,25,18,25,12,32,23,0,44,16,15,35,32,28,18,28,22,21,26,29,30,21,14,17,56,9,27,13,0,13,19,33,0,21,0,17,19,20,22,17,15,25,22,0,15,23,21,34,11,13,20,16,10,20,18,19,0,20,5,20,17,7,24,14,19,26,10,24
2553,17,34,47,12,0,15,16,15,20,24,25,50,25,19,28,14,40,19,24,16,22,23,21,13,37,21,14,40,39,24,18,25,12,32,23,0,43,15,15,35,32,27,18,28,22,21,26,29,30,21,14,17,56,9,27,13,0,13,19,33,0,20,0,17,19,20,22,17,15,25,22,0,15,23,21,34,11,13,20,16,10,20,18,19,0,20,5,20,16,7,24,14,19,26,10,24
2554,17,34,47,12,0,15,16,15,20,24,25,50,25,19,28,14,40,19,24,16,22,23,21,13,37,21,14,40,39,24,18,25,12,32,23,0,43,15,15,35,32,26,18,28,22,21,26,29,31,21,14,18,56,9,27,13,0,13,19,33,0,20,0,17,19,20,22,17,15,25,22,0,15,23,21,34,11,13,20,16,10,20,18,19,0,20,5,20,16,7,23,14,19,26,10,24
2555,16,33,47,12,0,15,16,15,20,24,25,50,25,19,28,14,40,20,23,16,22,23,21,13,37,21,14,40,39,24,18,25,12,32,23,0,43,14,15,35,31,26,18,28,22,21,26,29,31,21,14,18,56,9,27,13,0,13,19,33,0,20,0,17,19,20,22,17,15,25,22,0,15,23,21,34,11,13,20,16,10,20,18,19,0,20,5,20,16,7,23,14,19,26,10,24
2556,16,33,47,12,0,15,16,15,20,24,25,50,25,19,28,14,39,20,23,16,21,23,21,13,37,21,14,40,39,23,18,25,12,32,23,0,43,15,15,35,31,26,18,28,22,21,25,29,31,21,14,18,55,9,27,13,0,13,19,33,0,20,0,17,19,20,22,17,15,25,22,0,15,23,21,34,11,13,20,16,10,20,18,18,0,20,5,20,16,7,23,14,19,26,10,24
2557,16,33,47,12,0,15,15,15,20,24,25,50,25,19,27,14,39,20,23,15,20,23,21,13,37,21,13,43,39,23,18,25,12,32,23,0,43,15,15,35,31,26,18,28,22,21,25,29,31,21,14,18,55,9,27,12,0,13,19,33,0,20,0,17,18,19,22,17,15,25,22,0,15,23,21,34,11,13,20,16,10,20,18,18,0,20,5,20,16,7,23,14,19,26,10,24
2558,15,33,47,12,0,15,15,15,20,24,25,52,25,19,27,14,39,20,22,15,20,23,21,13,37,21,13,44,39,23,18,25,12,32,23,0,43,15,15,34,31,26,18,28,22,21,25,29,31,21,13,18,54,8,27,12,0,13,19,33,0,20,0,17,17,19,22,17,15,25,22,0,15,23,21,34,11,13,20,16,10,20,18,18,0,20,5,20,15,7,23,14,18,26,10,24
2559,15,33,47,12,0,14,14,15,20,24,25,53,25,19,27,14,39,20,22,15,20,23,21,13,37,21,13,43,39,23,18,25,12,33,23,0,42,15,15,34,31,26,18,28,22,21,25,29,31,21,13,18,54,8,27,12,0,13,19,33,0,20,0,17,17,19,22,17,15,25,22,0,15,23,21,34,11,13,20,16,10,20,18,18,0,20,5,20,15,7,23,14,18,26,10,23
2560,15,33,47,12,0,13,14,15,20,24,25,53,25,19,27,14,39,20,22,15,20,23,21,13,35,21,13,43,39,23,18,25,12,33,23,0,42,15,15,34,31,26,18,28,22,21,25,29,31,21,13,18,54,8,27,12,0,13,19,33,0,20,0,17,17,19,22,17,15,25,22,0,15,23,21,34,11,13,20,16,10,20,18,17,0,20,5,19,15,7,24,14,17,25,10,23
2561,15,33,47,12,0,13,14,15,20,24,25,52,25,19,27,14,39,20,22,15,20,23,21,13,35,21,13,43,39,23,18,25,12,33,23,0,42,14,15,34,31,26,18,28,22,21,25,29,31,21,13,18,53,8,27,12,0,13,20,33,0,20,0,17,17,19,22,17,15,25,22,0,15,22,21,33,11,13,20,16,10,20,18,17,0,20,5,19,15,7,24,14,17,25,10,23
2562,15,33,48,12,0,13,14,15,20,24,25,52,25,19,27,14,39,20,22,15,20,22,21,13,35,21,13,43,39,23,18,25,12,33,23,0,42,14,15,34,31,26,18,28,21,21,25,29,31,21,13,18,52,8,27,12,0,13,20,33,0,20,0,17,17,19,22,17,15,25,22,0,15,22,20,33,11,13,19,16,10,20,18,17,0,20,5,19,15,7,24,14,17,25,10,23
2563,15,33,49,12,0,13,14,15,20,24,25,52,25,19,27,13,39,20,22,15,20,21,21,13,35,21,13,43,39,23,18,25,12,33,23,0,41,14,15,34,32,26,18,28,21,21,25,29,31,20,13,17,52,8,27,12,0,13,20,33,0,20,0,17,17,19,21,17,15,25,22,0,15,22,20,33,11,13,19,16,10,20,18,17,0,20,5,19,15,7,23,14,17,25,10,23
2564,14,33,49,12,0,13,14,15,20,24,26,51,25,19,26,13,39,20,22,14,20,20,21,13,35,21,13,43,38,24,18,24,12,33,23,0,42,14,15,34,32,26,18,28,21,21,25,29,30,20,13,17,53,8,27,12,0,13,20,33,0,20,0,17,17,19,21,17,15,25,22,0,15,22,20,34,11,13,19,16,10,20,18,17,0,20,5,19,15,7,21,14,16,25,10,23
2565,14,33,49,12,0,13,14,15,20,24,25,51,25,19,26,13,38,20,22,14,20,20,21,13,35,21,13,42,38,24,18,24,12,34,23,0,42,14,15,34,32,26,18,28,21,21,25,29,30,20,13,17,53,8,27,12,0,13,20,32,0,20,0,17,17,19,21,17,15,25,22,0,15,22,20,34,12,13,19,16,10,20,18,17,0,20,5,19,15,7,21,14,16,26,10,23
2566,14,33,49,12,0,12,14,15,20,24,25,51,25,19,26,13,38,20,22,14,20,20,21,13,35,21,13,42,38,24,17,24,12,34,23,0,42,14,15,34,32,26,18,28,21,21,25,29,30,20,13,17,53,8,27,12,0,13,20,32,0,20,0,17,17,19,21,17,15,25,22,0,15,23,20,34,12,13,19,16,10,20,18,17,0,20,5,19,15,7,21,14,16,26,10,23
2567,14,33,49,12,0,12,14,15,20,24,25,51,25,17,26,13,38,20,22,14,20,20,21,13,35,21,13,42,38,24,17,24,12,34,23,0,42,14,15,34,32,26,18,28,21,21,25,29,30,20,13,17,53,8,27,12,0,13,20,32,0,19,0,17,17,19,21,17,15,25,21,0,15,23,20,34,12,13,19,16,10,20,18,17,0,20,5,19,15,7,21,14,16,26,10,23
2568,14,33,49,12,0,12,14,15,20,24,25,50,25,16,26,13,38,20,22,14,20,20,21,13,35,21,13,42,38,24,17,24,12,34,23,0,42,14,15,34,32,26,18,28,20,21,25,29,30,20,13,17,53,8,27,12,0,13,20,32,0,19,0,17,17,19,21,17,15,25,21,0,15,23,20,34,11,13,19,16,10,20,18,17,0,20,5,19,15,7,21,14,16,26,10,23
2569,14,33,48,12,0,12,14,15,20,24,25,50,25,16,26,13,38,20,22,14,20,20,21,13,34,21,13,42,39,24,16,23,12,34,23,0,42,14,15,34,32,26,18,28,20,21,25,29,30,20,13,17,52,8,27,12,0,13,20,32,0,19,0,17,17,19,21,17,15,25,21,0,15,23,20,34,11,13,19,16,10,20,17,17,0,20,5,19,14,7,21,14,15,26,10,23
2570,14,33,48,12,0,12,14,15,20,24,25,50,25,16,26,13,38,20,22,14,20,20,21,13,34,21,13,42,39,24,16,23,12,34,23,0,42,14,15,34,32,25,18,28,20,20,25,29,30,20,13,17,53,8,27,11,0,13,20,30,0,19,0,17,17,19,21,17,15,25,21,0,15,23,20,34,11,13,19,15,10,20,17,17,0,20,5,19,14,6,21,14,15,26,10,23
2571,14,33,48,11,0,11,14,15,20,24,25,49,25,16,26,13,38,20,22,14,20,20,21,13,34,21,13,42,39,24,16,23,12,35,23,0,42,14,15,34,32,25,18,28,20,20,25,29,30,20,13,17,54,8,27,10,0,13,20,30,0,19,0,16,17,19,21,17,15,25,21,0,15,23,20,34,11,13,19,15,10,20,17,17,0,20,5,19,14,6,21,14,15,26,10,23
2572,14,33,48,11,0,11,14,15,20,23,23,49,25,16,26,13,40,20,22,14,20,20,21,13,34,21,13,43,39,24,16,23,12,36,23,0,41,14,15,34,32,24,18,28,20,19,25,29,30,20,12,17,54,8,27,10,0,13,19,30,0,19,0,16,17,19,21,17,15,25,21,0,15,23,20,34,11,13,19,15,10,19,17,17,0,20,5,19,14,5,21,14,15,26,10,23
2573,14,33,48,11,0,11,14,15,20,23,23,48,25,16,26,13,40,20,22,14,20,20,21,13,34,21,13,42,39,24,16,23,12,36,23,0,41,14,15,34,32,24,18,28,20,19,25,28,30,20,12,17,54,8,27,10,0,13,19,30,0,19,0,16,17,19,21,17,15,25,21,0,15,23,18,34,11,13,19,15,10,19,17,17,0,20,5,19,14,5,21,14,15,26,10,23
2574,14,33,48,10,0,11,14,15,19,23,24,48,25,16,26,13,40,20,22,14,20,20,21,13,33,21,13,42,39,24,16,23,12,36,23,0,41,14,15,34,31,24,18,28,19,19,25,28,29,20,12,17,53,8,27,10,0,13,19,30,0,19,0,15,17,19,20,17,15,25,21,0,15,23,18,34,11,13,19,15,10,19,17,17,0,20,5,19,14,5,21,14,15,26,10,23
2575,13,32,48,10,0,10,14,15,19,23,24,48,25,16,26,13,40,20,22,14,20,20,21,13,33,21,13,42,39,24,15,23,12,36,22,0,41,14,15,34,31,23,18,28,19,19,25,28,29,20,12,17,53,8,27,10,0,13,19,30,0,18,0,15,17,19,20,17,15,25,21,0,15,23,18,34,11,13,19,15,10,19,17,17,0,20,5,19,14,5,21,14,15,26,10,23
2576,13,32,49,10,0,10,14,15,20,23,24,49,25,16,26,13,40,20,22,14,19,20,21,13,33,21,13,41,39,24,15,23,12,36,22,0,41,14,15,34,31,23,18,28,19,19,25,28,29,20,12,17,53,8,27,10,0,13,19,29,0,18,0,15,17,19,20,17,15,25,21,0,15,23,17,34,11,13,19,15,10,19,17,17,0,20,5,19,14,5,21,14,15,26,10,23
2577,13,32,46,10,0,10,14,15,20,23,24,49,25,16,26,13,40,20,22,14,19,20,21,13,33,21,13,41,40,23,15,23,12,36,22,0,41,14,15,34,31,23,18,27,19,19,25,28,29,20,12,16,53,8,27,10,0,13,19,29,0,18,0,15,17,18,20,17,15,24,21,0,15,24,17,34,11,13,19,15,10,19,17,17,0,20,5,19,14,5,21,14,15,26,10,23
2578,12,32,45,10,0,10,14,15,20,23,24,49,24,16,27,13,40,20,22,14,19,20,21,13,33,21,13,41,40,23,15,23,12,36,22,0,41,14,15,34,31,23,18,27,19,19,25,28,29,20,12,16,55,8,27,10,0,13,19,29,0,18,0,15,17,18,20,17,15,24,21,0,15,25,17,34,11,13,18,15,10,19,17,17,0,20,5,19,14,4,21,14,15,26,10,23
2579,12,32,45,9,0,10,13,15,20,23,24,49,24,16,27,13,40,20,22,14,19,20,21,13,33,21,13,41,40,23,15,23,12,36,22,0,41,14,15,34,31,23,17,27,19,18,25,28,29,20,12,16,55,8,27,10,0,13,19,29,0,18,0,16,17,18,20,17,15,24,21,0,15,26,17,34,11,13,18,15,10,19,17,16,0,20,5,19,14,4,21,14,15,26,10,23
2580,12,32,45,9,0,10,13,15,20,23,24,49,24,16,27,13,40,19,22,14,19,20,21,12,33,21,13,41,40,23,15,23,12,36,22,0,42,13,15,34,31,23,17,27,19,18,25,28,29,20,12,16,55,7,27,10,0,13,19,29,0,18,0,16,17,17,20,17,15,24,21,0,15,26,17,34,11,13,18,15,10,19,17,16,0,20,5,19,14,4,21,14,15,26,10,23
2581,12,32,45,9,0,10,13,15,19,23,24,49,24,16,26,13,40,19,22,14,19,20,21,12,33,21,13,41,40,23,15,23,12,36,22,0,42,13,15,34,31,23,17,27,19,18,25,28,29,20,12,16,54,7,27,10,0,13,19,29,0,18,0,16,17,17,20,17,14,24,21,0,15,26,17,34,11,13,18,15,10,19,17,16,0,20,5,19,14,4,21,14,15,26,10,23
2582,12,31,45,9,0,10,12,14,19,23,24,49,24,16,26,13,40,19,22,14,19,20,21,12,33,21,13,41,40,23,15,23,12,36,22,0,42,13,15,34,31,23,17,28,19,18,25,27,29,20,12,16,54,7,27,10,0,14,19,29,0,18,0,16,16,17,20,17,14,24,21,0,15,26,16,34,11,13,18,15,10,19,17,16,0,20,5,19,14,4,21,14,15,26,10,22
2583,12,31,44,9,0,10,12,13,19,23,24,49,24,16,26,13,40,19,22,14,19,20,21,11,33,21,13,40,40,23,15,23,12,36,22,0,42,13,15,34,31,22,17,28,19,18,25,27,29,20,11,16,54,7,27,10,0,14,19,29,0,18,0,16,16,17,20,17,14,24,21,0,15,26,15,34,11,13,17,14,10,19,17,16,0,19,5,19,14,4,20,14,15,26,10,22
2584,12,31,44,9,0,10,12,13,19,23,24,49,24,16,26,13,40,19,22,14,19,20,21,11,33,21,13,40,40,23,15,23,12,36,22,0,42,13,15,34,31,22,15,28,19,18,25,27,29,20,11,16,54,7,27,10,0,14,19,29,0,18,0,16,16,17,20,17,14,24,21,0,15,26,15,34,11,13,17,14,10,19,17,16,0,19,5,19,14,4,20,14,15,26,10,22
2585,12,31,44,9,0,10,12,13,19,22,24,49,24,16,26,13,40,19,22,14,18,20,21,11,33,21,14,40,40,23,15,23,12,37,22,0,42,13,15,34,31,22,15,28,18,18,25,27,29,20,11,16,54,7,27,11,0,14,19,29,0,18,0,16,16,17,20,16,14,24,21,0,15,26,15,34,11,13,17,14,10,19,17,16,0,19,5,19,14,4,20,14,14,26,10,22
2586,12,31,43,9,0,10,12,13,19,22,24,49,24,16,26,13,40,19,22,14,18,20,21,11,33,21,14,40,40,23,15,23,12,37,22,0,41,13,15,34,31,22,15,28,18,18,25,27,29,20,11,16,54,7,27,11,0,14,19,29,0,18,0,17,16,17,20,15,14,24,21,0,15,26,15,34,11,13,17,14,10,19,17,16,0,19,5,19,13,4,20,14,14,26,10,21
2587,12,31,42,9,0,10,12,13,19,22,24,49,24,16,26,13,40,19,22,13,18,20,21,11,33,21,14,41,41,23,15,23,12,37,22,0,40,13,15,34,31,22,15,29,18,18,25,27,29,18,11,16,54,6,27,11,0,14,19,29,0,18,0,17,16,17,20,15,14,24,21,0,15,26,15,33,11,13,17,14,10,19,17,16,0,19,5,19,13,4,20,14,14,26,10,21
2588,12,31,43,8,0,10,12,13,19,22,24,49,24,16,26,13,40,19,22,13,18,20,20,11,33,21,14,41,41,23,16,23,12,37,22,0,40,13,15,34,31,22,15,29,18,18,25,27,29,18,11,16,54,6,27,11,0,14,19,29,0,18,0,17,16,17,19,15,14,24,21,0,15,26,15,33,11,13,17,14,10,19,17,16,0,19,5,19,13,4,20,14,14,26,10,21
2589,12,31,43,8,0,10,12,13,19,22,24,49,24,15,26,13,40,19,22,13,18,20,20,11,33,21,13,41,41,23,16,23,12,37,22,0,40,13,15,33,31,21,15,29,18,18,24,26,29,18,11,16,54,6,27,11,0,14,19,30,0,18,0,17,16,17,19,15,14,24,21,0,15,27,15,33,11,13,17,14,10,19,17,16,0,18,5,19,13,4,20,13,14,26,10,21
2590,12,31,43,8,0,10,12,13,19,22,24,49,24,15,26,13,39,19,22,13,18,20,20,11,33,21,13,41,41,23,17,23,12,37,22,0,39,13,15,33,31,21,15,29,18,18,23,26,29,18,11,16,54,6,27,11,0,14,19,30,0,18,0,17,16,17,19,15,14,24,21,0,15,27,15,33,11,13,16,14,10,19,17,16,0,18,5,19,12,4,20,13,14,26,10,21
2591,12,31,43,8,0,10,12,13,20,22,24,50,24,15,26,13,39,19,22,13,18,20,20,11,33,21,13,41,41,23,17,23,12,37,22,0,38,13,15,32,31,21,15,29,17,18,23,26,29,18,11,16,53,6,27,11,0,14,20,29,0,18,0,17,16,17,18,15,14,24,21,0,15,27,15,33,11,13,16,14,10,19,17,16,0,18,4,19,12,4,20,13,14,26,10,21
2592,12,31,43,8,0,10,12,13,20,22,24,50,24,15,26,13,39,19,22,13,18,20,20,11,33,21,13,41,41,23,17,23,12,37,22,0,38,13,15,32,31,21,15,29,17,18,23,26,29,18,11,16,53,6,27,11,0,14,19,29,0,18,0,17,16,17,17,15,14,24,21,0,15,27,15,33,11,13,16,14,10,19,16,16,0,18,4,19,11,4,20,13,13,26,10,21
2593,12,31,43,8,0,10,12,13,20,22,24,50,24,15,26,13,39,19,22,13,18,20,20,11,32,21,13,41,41,23,17,23,12,37,22,0,37,13,15,32,31,21,15,29,17,18,23,26,29,18,11,16,55,6,27,11,0,14,19,29,0,18,0,17,16,17,17,15,14,24,21,0,15,27,15,33,11,13,15,14,10,19,16,16,0,18,4,19,10,4,20,13,12,26,10,21
2594,12,31,43,8,0,10,12,13,20,22,24,50,24,15,26,13,38,19,22,13,18,20,20,11,32,21,13,41,41,23,17,23,12,37,22,0,37,13,15,32,31,21,15,29,17,18,22,26,29,18,11,16,55,6,27,11,0,14,19,28,0,18,0,17,16,17,17,15,14,23,21,0,15,27,15,33,11,13,15,14,10,19,16,16,0,18,4,19,10,4,20,13,11,26,10,21
2595,12,31,43,8,0,10,12,13,20,22,24,50,24,15,26,13,38,19,22,13,18,20,19,11,32,21,13,40,41,22,17,23,12,37,22,0,37,13,15,32,30,21,15,29,17,18,22,26,29,18,11,16,55,6,27,11,0,14,19,28,0,17,0,17,16,17,17,14,14,23,22,0,15,27,15,33,11,13,15,13,10,19,16,16,0,18,4,19,10,4,19,13,11,25,10,21
2596,12,31,43,8,0,10,12,13,18,22,23,50,24,15,26,13,37,19,22,13,18,20,19,11,32,21,13,40,41,22,17,23,12,37,22,0,37,13,15,32,30,21,15,29,17,18,22,26,29,18,11,15,55,6,27,12,0,14,19,28,0,17,0,16,16,17,17,13,14,23,22,0,15,27,15,33,11,13,15,13,10,19,16,16,0,18,4,19,10,4,19,13,11,25,10,21
2597,12,31,43,8,0,10,12,13,18,22,23,49,24,15,27,13,37,20,22,13,18,20,19,11,32,21,13,40,42,22,17,23,12,37,22,0,37,13,15,32,30,21,15,29,17,18,22,26,29,18,11,15,55,6,27,12,0,14,19,28,0,17,0,16,16,17,17,14,14,23,22,0,15,27,15,33,11,13,15,13,10,19,16,16,0,18,4,19,10,4,19,13,11,25,10,21
2598,12,32,43,8,0,10,12,13,18,22,22,49,24,15,27,13,37,20,22,13,18,20,19,11,32,21,13,40,43,22,17,23,12,38,22,0,37,13,15,32,30,19,14,29,17,18,22,26,30,18,10,15,55,6,27,12,0,14,19,28,0,17,0,16,16,17,17,14,14,23,22,0,15,27,15,33,11,13,15,13,10,19,16,16,0,18,4,19,10,4,19,13,11,25,10,21
2599,12,32,43,8,0,10,12,13,18,22,22,49,24,15,27,13,37,20,22,13,18,20,19,11,32,21,13,40,43,22,17,23,12,38,23,0,37,13,15,31,30,19,14,29,17,18,21,25,29,18,10,16,55,6,27,12,0,14,19,28,0,17,0,16,16,17,17,14,14,23,22,0,14,27,14,33,11,13,15,13,10,19,16,16,0,18,4,19,10,4,19,13,11,25,10,21
2600,12,32,43,8,0,10,12,13,18,22,22,49,24,15,27,13,37,19,22,13,18,20,19,11,32,21,13,41,43,22,17,23,12,38,23,0,37,13,15,31,30,19,14,29,17,18,21,25,29,18,10,16,55,6,27,12,0,14,19,28,0,17,0,16,16,17,17,14,14,23,22,0,14,27,14,33,11,13,15,13,10,19,16,16,0,17,4,19,10,4,19,13,11,25,10,21
2601,12,32,43,8,0,10,12,13,18,22,22,49,24,15,27,13,37,19,22,13,18,20,19,11,32,21,13,40,43,22,17,23,12,39,23,0,37,13,15,31,30,19,14,29,17,18,21,25,29,18,10,16,55,6,27,12,0,14,19,28,0,17,0,16,16,17,17,14,14,22,22,0,14,28,14,33,11,13,15,13,10,18,16,16,0,17,4,19,10,4,19,13,11,25,10,21
2602,12,32,42,8,0,10,12,13,18,21,22,49,24,15,27,13,36,19,22,13,18,20,19,11,31,21,13,40,44,22,17,23,12,39,23,0,37,13,15,31,30,19,14,29,17,18,21,25,28,18,10,16,55,6,27,12,0,14,19,28,0,17,0,16,16,17,17,14,14,22,21,0,14,27,14,31,11,13,15,13,10,18,16,16,0,17,4,19,10,4,19,13,11,25,10,21
2603,12,32,41,8,0,10,12,13,18,21,22,49,24,15,27,13,36,18,21,13,18,20,19,11,31,21,13,40,44,22,17,23,12,39,23,0,37,13,14,31,30,19,14,29,16,18,21,25,28,18,10,16,55,6,27,12,0,14,19,28,0,17,0,16,16,17,17,14,14,22,21,0,14,27,14,31,11,13,15,13,10,18,16,16,0,17,4,19,10,4,19,13,11,25,10,21
2604,12,32,41,8,0,8,12,13,18,21,22,49,24,15,27,13,36,18,21,13,18,20,19,10,31,21,13,40,44,22,17,23,12,39,23,0,37,13,13,31,30,19,14,29,16,18,21,24,28,18,10,16,55,6,27,12,0,14,18,27,0,17,0,16,16,17,17,14,14,22,21,0,14,28,13,31,11,13,15,13,9,18,16,16,0,17,4,19,10,4,19,13,11,25,10,21
2605,12,32,41,8,0,8,12,13,18,21,23,49,24,15,27,13,36,18,21,13,18,20,18,10,31,20,13,40,44,22,17,23,11,39,23,0,38,13,13,31,30,19,14,30,16,18,21,24,28,18,10,16,56,6,27,12,0,14,18,27,0,17,0,16,16,17,16,14,14,22,21,0,14,28,13,30,11,13,15,13,9,18,16,16,0,17,4,18,10,4,19,13,11,25,10,21
2606,12,32,41,8,0,8,12,13,18,21,23,49,24,15,27,13,36,18,21,13,18,20,18,10,31,20,13,40,44,22,17,22,11,40,23,0,38,13,13,31,30,19,14,30,16,18,21,23,28,17,10,16,56,6,27,12,0,14,18,27,0,17,0,16,16,17,16,14,14,22,20,0,14,28,13,30,11,13,14,13,9,17,16,16,0,17,4,18,10,4,19,13,11,25,9,21
2607,12,31,41,8,0,8,12,13,18,21,23,49,24,15,27,13,36,18,21,13,18,20,18,10,31,20,13,40,44,22,17,22,11,39,23,0,38,13,13,32,30,19,14,30,16,18,21,23,28,17,10,16,56,6,27,12,0,14,18,27,0,17,0,15,16,17,16,14,14,22,20,0,14,28,12,30,11,13,14,13,9,17,16,16,0,17,4,18,10,4,19,13,11,25,9,21
2608,12,31,41,8,0,8,12,13,18,21,23,49,24,15,27,13,37,18,21,13,18,20,18,10,32,20,13,40,44,22,17,22,11,39,23,0,38,13,12,32,31,19,14,30,15,18,21,23,27,17,10,16,56,6,27,12,0,14,18,27,0,17,0,15,16,17,16,14,14,22,20,0,14,28,12,30,11,13,14,13,9,17,16,16,0,16,4,18,10,4,19,13,10,25,9,21
2609,12,31,41,8,0,8,12,13,18,21,23,49,24,15,27,13,37,18,20,13,18,20,18,10,32,20,13,40,44,22,17,22,11,39,23,0,37,13,12,32,31,19,14,30,15,18,21,23,27,17,10,16,56,6,28,12,0,14,18,26,0,17,0,15,16,17,16,13,14,22,20,0,14,28,12,30,11,13,14,13,9,17,16,16,0,16,4,18,10,4,19,13,10,25,9,21
2610,12,31,41,8,0,8,12,13,18,21,23,49,24,15,27,13,37,18,20,13,18,20,18,10,32,19,13,40,45,22,17,22,11,39,23,0,36,13,12,32,31,19,14,30,15,18,21,23,27,17,10,16,57,6,28,12,0,14,18,26,0,17,0,15,16,17,16,13,14,21,20,0,14,28,12,30,11,13,14,13,9,17,16,16,0,16,4,18,10,4,19,13,10,25,9,21
2611,12,31,41,8,0,8,12,13,18,21,21,49,24,15,27,13,36,18,20,13,18,20,18,10,32,19,13,40,44,22,17,22,10,39,23,0,36,13,12,32,31,19,14,29,15,18,21,23,27,17,10,16,57,6,28,12,0,14,18,26,0,17,0,15,16,17,16,13,14,21,20,0,14,28,12,30,11,13,14,13,9,17,16,16,0,16,4,18,11,4,19,13,9,24,9,21
2612,12,31,42,8,0,7,12,13,18,21,21,49,24,14,27,13,36,18,20,13,18,20,18,10,32,19,13,39,44,22,17,22,10,39,23,0,36,13,12,32,32,19,14,28,15,18,21,23,27,17,10,16,57,6,28,12,0,14,17,27,0,17,0,15,16,17,16,13,14,21,20,0,14,28,12,30,11,13,14,13,9,17,16,16,0,16,4,18,11,4,19,13,9,24,9,21
2613,12,31,42,8,0,7,12,13,18,21,21,49,24,14,27,13,36,18,20,13,18,20,18,10,32,19,13,39,44,22,17,22,10,39,23,0,36,13,12,32,32,19,14,28,15,18,21,23,27,17,10,16,57,5,28,12,0,14,17,27,0,17,0,15,16,17,16,13,14,21,20,0,14,28,12,30,11,13,14,13,9,17,16,16,0,16,4,18,11,4,19,13,9,24,9,21
2614,12,31,42,8,0,7,12,13,18,21,21,49,24,14,26,13,36,18,20,13,18,20,18,10,31,19,13,39,44,22,17,22,10,40,23,0,36,13,12,32,31,19,14,28,15,18,21,23,27,17,10,16,57,5,28,12,0,14,17,27,0,17,0,15,16,17,16,13,14,21,20,0,14,28,12,30,11,13,14,12,9,17,16,16,0,16,4,18,11,4,19,13,9,24,9,21
2615,12,32,42,8,0,7,11,13,18,21,21,48,24,13,26,12,35,18,19,13,18,20,18,10,31,18,13,39,44,22,17,22,10,39,23,0,36,12,12,32,31,19,13,28,15,18,21,23,27,17,10,16,57,5,27,12,0,14,17,26,0,17,0,15,16,17,16,13,14,21,20,0,14,28,12,30,11,13,14,12,9,17,16,16,0,16,4,18,10,4,19,13,9,24,9,21
2616,12,32,42,8,0,7,11,13,18,21,21,48,24,13,26,12,35,18,19,13,18,19,18,10,31,19,13,39,45,22,17,22,10,39,23,0,35,12,11,32,31,19,13,28,15,18,21,22,27,17,10,17,57,5,27,12,0,14,17,26,0,16,0,16,16,17,16,13,14,21,20,0,14,28,12,30,11,13,14,12,9,17,16,16,0,16,4,18,10,4,19,13,9,24,9,21
2617,12,32,42,8,0,7,11,13,18,20,21,47,24,13,26,12,35,18,19,13,18,18,18,10,32,19,13,39,45,22,17,22,10,40,22,0,35,12,10,32,31,19,13,28,15,18,21,22,27,17,10,17,57,5,27,12,0,14,17,25,0,16,0,16,16,17,16,13,14,21,20,0,14,28,12,30,11,13,14,12,9,16,16,15,0,16,4,18,10,4,19,13,9,24,9,21
2618,12,32,42,8,0,7,11,13,18,20,21,47,24,13,26,12,35,18,19,13,18,18,17,10,32,19,13,39,44,22,17,22,10,40,22,0,35,12,10,32,31,19,13,29,15,18,21,22,27,17,10,17,56,5,27,12,0,14,17,25,0,16,0,16,16,17,16,13,14,21,20,0,14,28,12,30,11,13,14,12,9,16,16,15,0,16,4,18,10,4,19,13,9,24,9,21
2619,12,32,42,8,0,7,11,13,18,20,21,47,24,13,25,12,35,18,19,13,18,18,17,10,32,19,13,38,44,22,17,22,10,41,21,0,35,12,10,32,31,19,13,29,15,18,21,22,27,17,10,18,56,5,27,12,0,14,16,25,0,16,0,16,16,17,16,13,14,21,20,0,13,28,12,30,11,13,14,12,9,16,16,15,0,16,4,18,10,4,19,13,9,24,9,21
2620,11,32,41,8,0,7,11,13,18,20,21,47,24,13,25,12,35,18,19,13,18,18,16,10,32,19,12,38,44,22,17,22,10,41,21,0,35,12,10,32,31,19,13,29,15,18,21,22,26,17,10,18,55,5,27,12,0,14,16,25,0,16,0,16,16,17,16,13,14,21,20,0,13,28,11,30,11,13,13,12,9,16,16,15,0,16,4,18,10,4,19,13,9,24,9,21
2621,11,32,41,8,0,7,11,13,18,20,21,47,24,13,25,12,35,18,19,13,18,18,16,10,32,19,12,38,44,22,17,22,10,42,21,0,35,12,10,32,31,19,13,29,15,18,21,22,26,17,10,18,55,5,27,12,0,14,17,25,0,16,0,16,16,17,16,13,14,21,20,0,13,28,11,31,11,13,13,12,9,16,16,15,0,16,4,18,10,4,19,13,9,24,9,21
2622,11,32,41,8,0,7,11,13,18,20,21,47,23,13,25,12,35,18,19,13,18,18,15,10,32,19,12,38,44,22,17,22,9,41,21,0,35,12,10,32,31,19,13,29,15,18,21,22,26,17,10,19,55,5,27,12,0,14,17,25,0,16,0,16,16,17,16,13,14,21,20,0,13,28,11,31,11,13,13,12,9,16,16,15,0,16,4,18,10,4,19,13,9,24,9,20
2623,11,32,41,8,0,7,11,13,19,20,20,46,23,13,24,12,35,18,19,13,18,18,15,10,32,19,12,38,45,22,17,22,9,40,21,0,34,12,10,32,31,19,13,29,15,18,20,22,26,16,10,19,54,5,26,12,0,14,17,26,0,16,0,16,16,17,16,13,14,21,20,0,12,28,11,31,11,13,13,12,9,16,16,15,0,16,4,18,10,4,19,13,8,24,9,20
2624,11,32,41,8,0,7,12,13,19,20,20,46,22,13,24,12,35,18,19,12,18,18,14,10,33,19,12,38,45,22,17,22,9,40,21,0,33,12,10,32,31,19,13,29,15,18,20,22,26,16,10,19,54,5,26,12,0,14,17,26,0,16,0,16,16,17,16,13,14,21,20,0,12,28,11,32,11,13,13,12,9,16,16,15,0,16,4,18,10,4,19,13,8,23,9,20
2625,11,31,41,8,0,6,12,13,19,20,20,46,21,13,24,12,35,18,19,12,18,18,14,10,33,19,12,38,45,22,17,22,9,40,21,0,33,12,10,32,31,19,13,29,15,18,20,22,26,16,10,19,54,5,26,12,0,14,17,25,0,16,0,16,16,17,16,13,14,21,20,0,12,28,11,32,11,13,13,12,9,16,16,15,0,16,4,18,10,4,19,13,8,22,9,20
2626,10,31,41,8,0,6,12,13,19,19,20,46,21,13,24,12,35,17,19,12,17,18,14,10,32,19,12,38,45,22,17,22,9,40,21,0,33,12,9,32,31,19,13,29,15,18,20,22,25,16,10,19,55,5,26,12,0,14,17,25,0,16,0,15,16,17,16,13,14,21,20,0,12,28,11,32,11,13,13,11,9,16,16,15,0,16,4,18,10,4,19,13,8,22,9,20
2627,10,30,41,8,0,6,12,13,19,19,20,47,21,13,24,12,35,17,19,12,17,18,13,10,32,19,12,38,45,22,17,22,9,40,21,0,33,12,9,32,31,19,13,29,15,18,20,22,25,16,10,19,55,5,26,11,0,14,17,25,0,16,0,15,16,17,16,13,14,20,20,0,12,28,11,32,11,13,13,11,9,16,16,15,0,16,4,18,10,4,19,13,8,22,9,20
2628,10,30,41,8,0,6,12,13,19,19,20,47,21,13,24,12,35,17,19,12,17,18,13,10,32,19,12,38,45,22,17,22,9,40,21,0,33,12,9,32,31,19,13,29,15,18,20,22,25,16,10,19,55,4,26,11,0,14,17,24,0,16,0,15,16,17,16,13,14,20,20,0,12,28,11,32,11,13,13,11,9,16,16,15,0,16,4,18,10,4,19,13,8,22,9,20
2629,10,30,41,8,0,6,12,13,19,19,20,47,21,13,24,12,35,17,19,12,17,18,13,10,32,19,12,38,45,22,17,22,9,40,21,0,33,12,9,32,31,19,13,29,15,18,20,22,25,16,11,19,56,4,26,11,0,14,17,24,0,16,0,15,16,17,16,13,14,20,20,0,12,28,11,32,11,13,14,11,9,16,16,15,0,16,4,16,10,4,19,13,8,22,9,20
2630,10,30,41,8,0,6,12,13,19,19,20,47,21,13,24,11,35,16,19,12,17,18,13,10,32,19,12,38,45,22,17,22,9,40,21,0,33,12,8,33,31,19,13,29,15,18,20,22,25,16,11,19,56,4,26,11,0,14,17,24,0,16,0,15,15,17,16,13,14,20,20,0,12,28,10,32,11,13,14,11,9,16,16,15,0,16,4,15,10,4,19,13,8,22,9,20
2631,10,30,41,8,0,6,12,13,19,19,20,46,21,13,24,11,35,16,19,12,17,18,13,10,32,19,12,38,45,22,17,22,9,40,21,0,33,12,8,33,30,19,13,29,15,18,20,22,25,16,11,19,57,4,26,11,0,14,17,24,0,16,0,15,15,17,16,13,14,19,20,0,12,28,10,32,11,13,14,11,9,16,16,15,0,16,4,15,10,4,19,13,8,22,8,20
2632,10,29,41,8,0,6,12,12,19,19,20,46,21,13,24,11,35,16,19,12,17,18,13,10,33,19,12,38,45,22,17,22,9,40,21,0,33,12,8,33,30,19,13,29,15,18,19,22,25,16,11,19,57,4,26,11,0,14,17,24,0,16,0,15,15,17,16,13,14,19,19,0,12,29,10,32,11,13,14,11,9,16,16,15,0,16,4,15,10,4,18,13,8,22,8,20
2633,10,29,41,8,0,6,12,12,19,18,20,45,21,13,24,11,35,16,19,12,17,18,13,10,33,18,12,38,45,22,17,22,9,40,21,0,33,12,8,33,30,19,13,29,15,18,19,23,25,15,11,19,56,4,25,11,0,14,17,24,0,16,0,15,15,17,16,13,14,19,19,0,12,29,10,33,11,13,14,11,9,16,16,15,0,15,4,15,10,4,18,13,8,22,8,20
2634,10,29,41,8,0,6,12,12,18,18,20,43,21,13,24,11,35,16,19,12,17,18,13,10,33,18,12,38,45,22,17,22,9,40,21,0,33,12,7,33,30,19,13,29,15,18,19,23,25,15,11,19,56,4,25,11,0,14,17,24,0,16,0,15,15,17,16,13,14,19,19,0,12,29,10,33,11,13,13,11,9,16,16,15,0,15,4,15,10,4,18,13,8,22,8,20
2635,10,29,41,8,0,6,12,12,18,18,20,43,21,13,24,10,34,16,19,12,17,18,13,10,33,18,12,38,45,22,16,22,9,40,20,0,33,12,7,33,30,19,13,29,15,18,19,23,25,14,11,19,55,4,25,11,0,13,17,24,0,16,0,15,15,16,16,13,14,19,19,0,12,29,10,33,11,13,13,11,8,16,16,15,0,15,4,15,10,4,18,13,8,22,8,20
2636,10,29,41,8,0,6,12,12,18,18,20,42,20,13,24,10,34,16,19,12,17,18,13,10,32,18,12,39,45,22,16,22,9,40,20,0,33,12,7,33,30,19,13,29,15,18,18,23,25,14,11,19,55,4,25,11,0,13,17,24,0,16,0,15,15,16,17,13,14,19,19,0,12,29,10,33,11,13,13,11,8,16,16,15,0,15,4,15,10,4,18,13,8,22,8,20
2637,10,29,41,9,0,6,12,12,18,18,20,42,20,13,23,10,34,16,19,11,17,18,13,10,32,18,12,40,45,22,16,22,9,40,20,0,33,12,7,33,30,19,13,29,15,18,19,23,25,14,11,19,54,4,25,11,0,13,17,24,0,16,0,15,15,16,17,13,14,19,19,0,12,29,10,33,11,13,13,11,8,16,16,15,0,15,4,15,10,4,18,13,8,22,8,20
2638,10,29,41,9,0,6,12,12,18,18,20,42,20,13,23,10,34,16,19,11,17,18,13,10,32,18,12,40,45,22,16,21,9,40,20,0,33,12,6,33,30,19,13,29,15,17,19,23,26,14,11,19,53,4,25,11,0,13,17,24,0,16,0,15,15,16,17,13,14,19,18,0,12,29,10,33,11,13,13,11,8,16,16,15,0,15,4,15,10,4,18,13,7,22,8,20
2639,10,29,41,9,0,6,12,12,18,18,20,42,20,13,23,10,34,16,19,11,17,18,13,10,32,18,12,40,45,22,16,21,9,40,20,0,33,12,6,33,30,19,13,29,15,17,19,23,26,14,11,19,53,4,25,11,0,13,17,24,0,16,0,15,15,16,17,13,14,19,18,0,12,29,10,33,11,13,13,11,8,16,16,15,0,15,4,15,10,4,18,13,7,22,8,20
2640,10,29,41,9,0,6,12,12,18,18,20,42,20,13,23,10,34,16,19,11,17,17,13,10,32,18,12,40,45,22,15,21,9,41,20,0,33,12,6,33,30,18,13,29,15,16,18,23,26,14,11,18,53,4,25,11,0,13,17,24,0,16,0,14,15,16,17,13,14,19,18,0,12,29,10,33,11,13,13,11,8,16,16,15,0,15,4,15,10,3,18,13,6,22,8,20
2641,10,29,41,9,0,6,12,12,18,18,20,42,20,13,23,10,34,16,19,11,17,17,13,10,32,16,12,40,45,22,15,21,9,40,20,0,33,12,6,33,30,18,13,29,15,16,18,23,26,14,11,17,53,4,25,11,0,13,17,24,0,16,0,14,15,16,17,13,14,19,18,0,12,29,10,33,11,13,13,11,8,16,16,15,0,15,4,15,10,3,18,13,6,21,8,20
2642,10,29,41,9,0,6,12,12,18,18,20,42,20,13,23,10,34,16,19,11,17,17,13,10,32,15,12,41,45,22,15,21,9,40,20,0,33,12,6,33,30,18,12,29,14,16,18,23,26,14,11,17,53,4,25,11,0,13,17,24,0,16,0,14,15,16,17,13,14,19,18,0,12,29,10,33,11,13,13,11,8,15,15,15,0,15,4,15,10,3,18,13,6,21,8,20
2643,10,29,41,9,0,6,12,12,18,18,20,42,20,13,23,10,34,16,19,11,17,17,13,10,32,15,12,41,44,22,15,21,9,40,20,0,33,12,6,33,30,18,12,29,14,16,18,23,26,14,11,17,53,4,25,11,0,13,17,24,0,16,0,14,15,16,17,11,14,19,18,0,12,29,10,33,11,13,13,11,8,15,15,15,0,15,4,15,10,3,18,13,6,21,8,20
2644,10,29,41,9,0,6,12,12,18,18,20,42,19,13,23,10,35,16,19,11,17,16,13,10,32,15,12,40,44,22,15,21,9,40,20,0,33,12,5,33,29,18,12,29,14,16,18,23,26,14,11,17,53,4,25,11,0,13,17,24,0,16,0,14,15,16,17,11,14,19,18,0,13,29,10,33,11,13,13,11,8,15,15,15,0,14,4,15,10,3,18,13,6,21,8,20
2645,9,29,41,9,0,6,12,12,18,17,20,42,19,13,23,10,35,16,19,11,17,16,13,10,32,15,12,40,44,22,15,21,9,40,19,0,33,12,4,33,29,18,12,29,14,16,18,23,26,13,11,17,53,4,25,11,0,13,17,23,0,16,0,14,15,16,17,11,14,19,18,0,13,29,10,33,11,13,13,11,8,15,15,15,0,14,4,15,10,3,18,13,6,21,8,19
2646,9,29,41,9,0,6,11,12,18,17,20,42,19,13,23,10,35,16,19,11,17,16,13,10,32,15,12,40,43,22,15,21,10,40,19,0,33,12,4,33,29,18,12,29,14,16,18,23,26,12,11,17,53,4,25,11,0,13,17,23,0,16,0,14,15,15,17,11,14,19,17,0,13,29,10,33,11,13,13,11,8,15,15,15,0,14,4,14,10,3,17,12,6,21,8,18
2647,9,29,41,9,0,6,10,12,18,17,20,42,19,13,23,10,35,16,19,10,17,16,13,10,32,15,12,40,43,22,15,21,10,40,19,0,33,12,4,33,29,18,11,28,14,16,18,23,26,11,11,17,53,4,25,11,0,13,17,23,0,16,0,14,15,15,17,11,14,19,17,0,13,30,10,33,11,13,13,11,8,15,14,15,0,14,4,14,10,3,17,12,6,21,8,18
2648,9,29,41,9,0,5,10,12,18,17,20,42,19,13,23,10,35,16,19,10,17,16,13,10,32,15,12,40,43,22,15,21,10,40,19,0,33,12,4,33,29,18,11,28,14,16,18,23,26,11,11,17,53,4,25,11,0,13,17,23,0,16,0,14,15,15,17,11,14,19,17,0,13,30,10,34,11,13,13,11,8,15,14,15,0,14,4,14,9,3,17,12,6,21,8,18
2649,9,29,42,9,0,5,10,12,18,17,20,42,19,13,23,10,35,16,19,10,16,16,13,10,32,15,12,40,43,21,15,21,10,40,19,0,33,12,4,33,29,18,11,28,14,16,18,23,26,11,11,17,53,4,25,11,0,13,17,23,0,16,0,14,15,15,17,11,14,19,17,0,13,30,10,33,11,13,12,11,8,15,13,15,0,14,4,14,9,3,17,12,6,21,8,18
2650,9,29,42,9,0,5,10,12,18,17,19,40,19,12,23,10,35,16,19,10,16,16,13,10,32,14,12,41,44,21,15,21,10,40,19,0,33,12,4,33,29,18,11,29,14,16,18,23,26,11,11,17,53,4,25,11,0,13,17,22,0,16,0,14,15,15,17,11,14,19,17,0,13,30,10,33,11,13,12,11,8,15,13,15,0,14,4,14,9,3,17,12,6,21,8,18
2651,9,29,42,9,0,5,10,12,18,17,18,40,19,12,23,10,35,16,19,10,16,16,13,10,32,14,12,41,44,21,15,21,10,40,19,0,33,12,4,33,29,18,11,29,14,16,18,23,26,11,11,17,53,4,25,11,0,13,17,22,0,15,0,14,15,15,17,11,14,19,16,0,13,30,10,33,11,13,12,11,8,15,13,15,0,14,4,14,9,3,17,12,6,21,7,18
2652,9,29,42,9,0,5,10,12,18,17,18,39,19,12,23,10,35,16,19,9,16,16,13,10,33,14,12,41,44,21,15,21,10,39,18,0,34,12,4,33,29,18,11,29,14,16,18,23,26,11,11,17,53,4,24,11,0,14,17,22,0,15,0,14,15,15,17,11,14,19,16,0,13,29,10,33,11,13,12,11,8,15,13,15,0,14,4,14,9,3,17,12,6,21,7,18
2653,9,29,42,9,0,5,10,12,18,17,18,39,19,12,23,10,35,16,18,9,16,16,13,10,33,14,12,41,43,21,15,21,10,39,18,0,34,12,4,33,29,18,11,29,14,16,18,23,26,11,11,17,52,4,23,11,0,14,17,22,0,15,0,14,15,15,17,11,14,19,16,0,12,30,11,33,11,13,12,11,8,15,13,14,0,14,4,14,9,3,17,12,6,21,7,18
2654,9,29,42,9,0,5,10,12,18,17,18,39,18,12,23,10,35,16,18,9,16,16,13,10,33,14,12,41,43,21,15,21,10,39,18,0,33,12,4,33,29,18,11,29,14,16,18,23,26,11,11,17,52,4,23,11,0,14,17,22,0,15,0,14,15,15,17,11,14,19,16,0,12,30,11,34,11,13,12,11,8,15,13,14,0,14,4,14,9,3,17,12,6,21,7,18
2655,9,29,42,9,0,5,10,12,18,17,18,39,18,12,23,10,35,16,18,9,16,16,13,10,33,14,12,41,43,21,15,21,10,39,18,0,33,12,4,33,29,18,11,29,14,16,18,23,26,11,11,17,52,4,23,11,0,14,17,22,0,15,0,14,15,15,16,11,14,19,16,0,12,30,11,34,11,13,12,11,7,15,12,14,0,14,4,14,8,3,17,12,6,21,7,18
2656,9,29,42,8,0,5,10,12,18,17,18,39,18,12,23,10,35,16,18,9,16,16,13,10,32,14,12,39,43,21,15,21,10,39,18,0,33,12,4,33,29,18,11,29,14,16,17,23,26,11,11,17,52,4,23,11,0,14,17,22,0,15,0,15,15,15,16,11,14,19,16,0,12,30,11,34,11,13,12,11,7,15,12,14,0,14,4,14,8,3,17,12,6,21,7,18
2657,9,29,42,8,0,5,10,12,18,17,18,39,18,12,23,10,35,16,18,9,16,16,12,10,31,14,12,39,43,19,15,21,10,39,18,0,33,12,4,33,29,18,11,29,14,16,17,23,26,11,11,17,52,4,23,11,0,14,17,22,0,15,0,14,15,15,16,11,14,19,16,0,12,30,11,33,11,13,12,11,7,15,12,14,0,13,4,14,8,3,17,12,6,21,7,18
2658,9,29,42,8,0,5,10,12,18,17,18,39,18,12,23,10,35,16,18,9,16,16,12,10,31,14,12,39,43,19,15,21,10,39,18,0,33,12,4,33,29,17,11,29,14,16,17,23,26,11,11,17,51,4,23,11,0,14,17,22,0,15,0,14,15,15,16,11,14,18,16,0,12,30,11,33,11,13,12,11,7,15,11,14,0,13,4,14,8,3,17,12,6,21,7,18
2659,9,29,42,8,0,5,9,12,18,17,18,39,18,12,23,10,35,16,18,9,16,16,12,10,30,14,12,39,42,19,15,21,10,39,18,0,33,12,4,33,29,17,11,29,14,16,17,23,26,11,11,17,51,4,23,11,0,14,17,22,0,15,0,14,15,15,15,11,14,18,16,0,12,30,11,33,11,13,12,11,7,15,11,14,0,13,4,14,8,3,17,12,6,21,7,18
2660,9,28,42,8,0,5,9,11,18,16,18,39,18,12,23,10,35,16,18,9,16,16,12,10,30,14,12,39,42,19,15,21,10,39,18,0,33,12,4,33,29,17,11,29,14,16,16,23,26,11,11,17,51,4,23,12,0,14,17,22,0,15,0,14,15,15,15,11,13,18,16,0,12,30,11,32,11,13,12,11,7,15,11,14,0,13,4,14,8,3,16,12,6,21,7,17
2661,9,28,42,8,0,5,9,11,18,16,18,39,18,12,23,10,35,16,18,9,16,16,12,10,30,14,12,39,41,19,15,21,10,39,18,0,33,12,4,33,29,17,11,29,14,15,16,23,26,11,11,17,51,4,23,12,0,14,17,22,0,15,0,14,15,15,15,11,13,17,16,0,12,30,11,32,11,13,12,11,7,15,11,14,0,13,4,14,8,3,16,12,6,21,7,17
2662,9,28,42,8,0,5,9,11,18,16,18,39,18,12,23,10,35,16,18,9,15,16,12,10,30,14,12,39,41,19,15,21,10,38,18,0,33,12,4,33,29,17,11,29,14,14,16,23,26,11,11,17,51,4,23,12,0,14,17,21,0,15,0,14,15,15,15,11,13,17,16,0,12,30,11,32,11,13,12,11,7,15,11,14,0,13,4,14,8,3,16,12,6,21,7,17
2663,9,28,42,8,0,5,9,11,18,17,18,39,18,12,23,10,34,16,17,9,15,16,12,10,30,14,12,39,41,19,15,21,10,38,18,0,33,12,4,33,29,17,11,29,14,14,16,23,26,11,11,17,51,4,23,12,0,14,17,21,0,15,0,14,15,15,15,11,13,16,16,0,12,30,11,32,11,13,12,11,7,15,11,14,0,13,4,14,8,3,16,12,6,20,7,17
2664,9,28,42,8,0,4,9,11,18,17,18,38,18,12,23,10,34,15,17,9,15,16,12,10,30,14,12,39,41,19,15,21,10,38,18,0,34,11,4,33,29,17,11,29,14,14,16,23,27,11,11,17,51,4,23,12,0,14,17,21,0,15,0,14,15,15,14,11,13,16,16,0,12,30,11,32,11,13,12,11,7,15,11,14,0,13,4,15,8,3,16,12,6,20,7,17
2665,9,28,42,8,0,4,9,11,18,17,17,38,18,12,23,10,34,15,17,9,15,16,12,10,30,14,12,38,41,19,15,21,10,38,18,0,33,11,4,33,29,17,11,29,14,14,16,23,27,11,11,17,51,4,23,12,0,14,17,21,0,15,0,14,15,15,14,11,13,16,16,0,12,30,11,32,11,13,11,11,7,15,11,14,0,13,4,15,8,3,16,12,6,20,7,17
2666,9,29,41,8,0,4,9,11,18,17,17,38,18,12,23,10,34,14,17,9,15,16,11,10,30,14,12,37,41,19,15,21,10,38,18,0,33,11,4,33,28,17,11,29,14,14,16,23,27,11,11,17,50,4,23,12,0,14,16,21,0,15,0,14,15,15,14,11,13,16,16,0,12,31,11,32,11,13,11,10,7,15,11,14,0,13,4,15,8,3,16,12,6,20,7,17
2667,9,29,41,8,0,4,9,11,18,17,16,38,18,12,23,10,34,14,17,9,15,16,11,10,30,14,12,37,41,19,15,21,10,38,18,0,33,10,4,33,28,17,11,29,14,14,16,22,26,11,11,17,50,4,23,12,0,14,16,21,0,15,0,14,15,15,14,11,13,16,16,0,12,31,11,32,11,13,11,10,7,15,11,14,0,13,4,15,8,3,16,12,6,20,7,17
2668,10,29,41,8,0,4,9,11,18,17,16,38,18,12,23,10,34,14,17,9,15,16,11,10,30,14,12,38,40,19,15,21,10,38,18,0,33,10,4,33,28,17,11,29,14,14,16,22,26,11,11,17,50,4,22,12,0,14,16,21,0,15,0,14,15,15,14,11,13,16,16,0,12,30,11,31,11,13,11,10,7,15,11,14,0,13,4,15,8,3,16,12,6,20,7,17
2669,10,29,41,8,0,4,9,11,18,17,16,38,18,12,23,10,34,13,16,9,15,16,11,10,30,14,12,38,40,19,15,21,10,38,18,0,33,10,4,33,28,17,11,29,13,14,16,21,26,11,11,17,50,4,22,12,0,14,16,21,0,15,0,14,15,16,14,11,13,16,16,0,12,29,11,31,11,13,11,10,7,15,11,14,0,13,4,15,8,3,16,12,6,20,7,17
2670,10,29,41,8,0,4,9,11,18,17,16,38,17,12,23,10,34,13,16,9,15,16,11,10,30,14,12,38,41,19,15,21,10,37,18,0,33,10,4,33,28,17,11,29,13,14,16,21,25,11,11,17,50,4,22,12,0,13,16,21,0,15,0,14,15,16,14,11,13,16,16,0,12,29,11,31,11,11,11,10,7,15,11,14,0,13,4,14,8,3,16,12,5,20,7,17
2671,10,29,40,8,0,4,9,11,19,17,16,38,17,12,23,10,34,13,16,9,15,16,11,10,30,14,12,38,41,19,15,21,10,37,18,0,33,10,4,33,28,17,11,29,13,14,15,21,25,11,11,17,50,4,20,12,0,13,16,20,0,15,0,14,15,16,14,11,13,16,16,0,12,29,11,31,11,11,11,10,7,15,11,14,0,13,4,14,8,3,17,12,5,19,7,17
2672,10,29,40,8,0,4,9,11,19,17,16,38,17,12,23,10,34,13,16,9,15,16,11,10,30,14,12,38,41,19,15,21,10,38,18,0,33,10,4,33,28,17,11,29,13,14,15,21,25,11,11,17,50,4,20,12,0,13,16,20,0,15,0,13,15,16,13,11,13,16,16,0,12,29,11,31,11,10,11,10,7,15,11,14,0,13,4,14,8,3,17,12,5,19,7,17
2673,10,29,40,8,0,4,9,11,19,17,16,38,17,12,23,10,34,13,16,9,15,16,11,10,29,14,12,38,41,19,15,21,10,38,18,0,32,10,4,33,28,17,11,29,12,14,15,21,25,11,11,17,50,4,20,12,0,13,16,20,0,15,0,13,15,16,13,11,13,16,16,0,12,29,11,31,11,10,11,10,7,15,11,14,0,13,4,14,8,3,17,12,5,19,7,17
2674,10,29,40,8,0,4,9,11,19,17,16,38,17,12,23,10,34,14,16,9,15,16,11,10,29,14,12,38,41,19,15,21,10,38,18,0,32,10,4,33,27,17,11,29,12,13,15,21,25,11,11,17,50,4,20,12,0,13,16,20,0,15,0,13,15,16,12,11,13,16,16,0,12,29,11,31,11,10,11,10,7,15,11,14,0,13,4,14,7,3,17,12,5,19,7,17
2675,10,28,40,8,0,4,9,11,19,17,16,38,17,12,23,10,34,13,16,9,15,16,11,10,28,14,12,38,41,19,15,22,10,38,18,0,32,10,4,33,27,16,11,29,12,13,15,21,25,12,11,17,50,4,20,12,0,13,16,20,0,15,0,13,15,16,12,11,13,16,16,0,12,29,11,31,11,10,11,10,7,15,11,14,0,13,4,13,7,3,17,12,5,19,7,17
2676,10,28,40,8,0,4,9,11,19,17,15,38,17,12,23,10,34,13,16,9,15,16,11,10,28,14,12,38,41,19,15,22,10,38,18,0,32,10,4,33,27,16,11,29,12,13,13,21,25,12,11,17,49,4,20,12,0,13,16,20,0,15,0,13,15,16,12,11,13,16,16,0,12,30,11,31,11,10,11,10,7,15,11,14,0,13,4,13,7,3,17,12,5,19,7,17
2677,10,28,40,8,0,4,9,11,19,17,15,38,17,12,22,10,34,13,16,9,15,15,11,10,28,14,12,38,41,19,15,22,10,38,18,0,32,10,4,33,27,16,11,29,12,13,13,21,24,12,11,17,48,4,20,12,0,13,16,20,0,15,0,13,15,16,12,11,13,16,16,0,12,30,11,32,11,10,11,10,7,15,11,14,0,13,4,13,7,2,17,12,5,19,7,17
2678,10,28,40,8,0,4,9,11,19,17,15,38,17,12,22,10,34,13,16,9,15,15,11,10,28,13,12,38,41,19,15,23,10,38,18,0,32,10,4,33,27,16,11,29,12,13,13,21,24,11,11,17,48,4,20,12,0,13,16,20,0,15,0,13,15,16,12,11,13,16,16,0,12,30,11,32,11,10,11,10,7,15,11,14,0,13,4,12,7,2,17,12,5,19,7,17
2679,9,28,39,8,0,4,9,11,19,17,14,38,17,12,22,10,34,13,16,8,15,15,11,10,28,13,12,38,41,19,15,23,10,38,18,0,32,10,4,33,27,16,11,29,12,13,13,21,23,11,11,17,48,4,20,12,0,13,16,19,0,15,0,12,15,16,11,11,13,16,16,0,12,30,11,32,11,10,11,10,7,15,11,14,0,13,4,12,7,2,17,12,5,19,7,17
2680,9,28,39,8,0,4,9,11,19,17,14,38,16,12,22,10,34,13,16,8,15,15,11,10,27,13,12,38,41,19,16,23,10,38,18,0,32,10,4,33,27,16,11,29,12,13,13,21,23,11,11,17,47,4,20,12,0,13,15,19,0,15,0,12,14,16,11,11,13,15,16,0,12,30,11,32,11,10,11,10,7,15,11,14,0,13,4,12,7,2,17,12,5,19,7,17
2681,9,28,39,8,0,4,9,11,19,17,14,39,16,12,21,10,34,13,16,8,15,15,11,10,27,13,12,37,41,19,16,22,10,38,18,0,32,10,4,33,27,16,11,28,12,12,13,21,23,11,11,17,47,4,20,11,0,13,15,19,0,15,0,12,14,15,11,11,13,15,16,0,11,30,11,32,11,10,11,10,6,14,11,14,0,13,4,12,7,2,17,11,5,19,7,17
2682,9,28,39,8,0,4,9,11,19,16,14,37,16,12,21,10,34,13,16,8,15,15,11,10,27,12,12,38,41,19,16,22,10,38,18,0,32,10,4,34,27,16,11,28,12,12,13,21,22,11,11,17,47,4,20,11,0,13,15,19,0,15,0,12,14,15,11,11,13,16,16,0,11,30,11,33,11,10,11,10,6,14,11,14,0,13,4,12,7,2,17,11,5,19,7,17
2683,9,27,39,8,0,4,9,11,19,16,15,37,16,12,21,10,34,13,16,8,15,15,11,10,27,12,12,37,41,19,16,22,10,38,18,0,32,10,4,34,27,16,11,28,12,12,13,21,22,11,11,17,47,4,20,11,0,13,15,19,0,15,0,12,14,15,11,11,13,16,16,0,11,30,11,32,11,10,11,10,6,14,11,14,0,13,4,12,7,2,17,11,5,19,7,17
2684,9,26,39,8,0,4,9,11,19,16,15,37,16,12,21,10,34,13,16,8,15,15,11,10,27,12,12,36,41,19,16,22,10,38,18,0,32,10,4,34,27,16,11,28,12,12,13,21,22,11,11,17,47,4,20,11,0,13,15,20,0,15,0,12,14,15,11,11,13,16,16,0,11,31,11,32,11,10,11,10,6,14,11,14,0,13,4,12,7,2,17,11,5,19,7,17
2685,9,26,39,8,0,4,9,11,19,16,15,37,16,12,21,10,34,12,16,8,15,15,11,10,27,12,12,36,40,19,16,22,10,39,18,0,32,10,4,34,27,16,11,28,12,12,13,21,22,11,11,17,47,4,20,12,0,13,15,20,0,15,0,11,14,15,11,11,13,16,16,0,11,31,11,32,11,10,11,10,6,14,11,14,0,13,4,12,7,2,16,11,5,19,7,17
2686,9,26,39,8,0,4,9,11,19,16,15,38,16,12,21,10,34,12,16,7,15,15,11,10,27,13,12,36,40,19,16,22,10,38,18,0,32,10,4,34,27,16,11,28,12,12,13,21,22,11,11,17,47,4,20,12,0,13,15,19,0,15,0,11,13,15,10,11,13,16,16,0,11,31,11,32,11,10,11,10,6,13,11,14,0,13,4,12,7,2,16,11,5,19,7,17
2687,9,26,39,8,0,4,9,11,19,16,15,38,16,12,21,10,34,12,16,7,15,15,11,10,27,13,12,37,40,18,16,22,10,39,18,0,32,10,4,34,27,16,11,28,12,12,13,21,22,11,11,17,47,4,20,12,0,13,15,19,0,15,0,11,13,15,10,11,13,16,16,0,11,31,11,33,11,10,12,10,6,13,10,14,0,13,4,12,7,2,16,11,5,19,7,17
2688,9,26,39,8,0,4,9,11,19,16,15,38,16,12,21,10,35,12,15,7,15,15,11,10,27,13,12,37,39,18,16,22,10,38,18,0,32,10,4,34,27,16,11,28,12,12,13,21,22,11,11,17,47,4,20,12,0,13,15,20,0,15,0,11,13,15,10,10,13,16,16,0,11,32,11,33,11,10,12,10,6,13,10,14,0,13,4,12,7,2,16,11,5,19,7,17
2689,9,26,39,8,0,5,9,11,20,16,15,38,16,12,21,10,34,12,15,7,15,15,11,10,27,13,12,37,39,18,16,22,10,38,18,0,32,10,4,34,27,16,11,28,12,12,13,21,22,11,11,17,47,4,20,12,0,12,15,20,0,15,0,11,14,15,10,10,12,16,16,0,11,32,11,33,11,10,12,10,6,13,10,14,0,13,4,12,7,2,16,11,5,19,7,17
2690,9,26,39,7,0,5,9,11,19,16,15,38,16,12,21,10,34,12,15,7,15,15,11,10,27,13,12,37,39,18,16,22,10,38,18,0,32,10,4,34,27,16,11,28,11,12,13,21,22,11,11,17,47,4,19,12,0,12,15,20,0,14,0,10,14,15,10,10,12,16,16,0,11,32,11,34,11,10,13,10,6,13,10,14,0,13,4,12,7,2,16,11,5,19,7,17
2691,9,26,39,7,0,5,9,11,19,16,15,38,16,12,21,10,33,12,15,7,15,15,11,10,27,13,12,37,39,18,16,22,10,38,18,0,32,10,4,34,27,16,11,28,11,12,13,21,22,11,11,17,47,4,19,12,0,12,15,20,0,14,0,10,14,15,10,10,12,16,16,0,10,32,11,34,11,10,13,10,5,13,10,14,0,13,4,12,7,2,16,11,5,19,7,17
2692,9,26,39,7,0,5,9,10,19,16,15,37,16,12,21,10,33,12,15,7,15,15,11,10,27,13,12,37,39,18,16,22,10,38,18,0,32,10,4,34,27,16,11,28,11,12,13,21,22,11,11,16,47,5,19,12,0,12,15,20,0,14,0,10,14,15,10,10,12,16,16,0,10,32,11,34,11,10,13,10,5,13,10,14,0,13,4,12,7,2,16,11,5,19,7,17
2693,9,26,39,7,0,5,9,10,19,16,15,37,16,12,21,10,33,12,15,7,15,15,10,10,27,13,12,37,39,18,16,22,10,38,18,0,32,10,4,34,27,16,11,28,10,12,13,21,22,11,11,16,47,5,19,12,0,11,15,20,0,14,0,10,14,15,10,10,12,15,16,0,10,31,11,34,11,10,13,10,5,13,10,14,0,13,4,12,7,2,16,11,5,19,7,17
2694,9,26,39,7,0,5,9,10,19,16,15,37,16,12,21,10,33,12,14,7,15,15,10,10,27,13,12,36,39,18,16,22,10,38,18,0,31,10,4,34,27,16,11,28,10,12,13,21,22,11,11,16,47,5,19,12,0,11,15,20,0,14,0,10,14,15,10,10,12,15,16,0,10,31,11,34,11,10,12,10,5,13,10,14,0,13,4,12,7,2,16,11,5,19,7,17
2695,9,26,38,7,0,5,9,10,19,16,15,37,15,12,21,10,33,11,14,7,15,15,10,10,26,13,12,35,39,18,16,22,10,38,18,0,31,10,4,35,27,15,11,28,10,12,13,21,22,11,11,16,47,5,19,12,0,11,15,20,0,14,0,10,14,15,10,10,12,15,16,0,10,31,11,34,11,10,12,10,5,13,10,14,0,13,4,12,7,2,16,11,5,19,7,17
2696,9,24,38,6,0,5,9,10,19,16,15,37,14,12,21,10,32,11,14,7,15,15,10,10,26,13,12,34,39,18,16,21,10,38,18,0,31,10,4,35,27,15,11,28,9,12,13,21,22,11,10,16,47,5,19,11,0,11,15,20,0,14,0,10,13,15,10,10,12,15,16,0,10,31,11,33,11,10,12,10,5,13,9,14,0,13,4,12,7,2,16,10,5,19,7,17
2697,9,24,38,6,0,5,9,10,19,16,15,36,14,12,21,10,32,11,13,7,15,15,10,10,26,13,12,34,39,18,16,21,10,38,18,0,31,10,4,35,27,15,11,28,9,12,13,22,22,11,10,16,47,5,19,11,0,11,15,20,0,14,0,10,13,15,10,10,12,15,16,0,10,31,11,33,11,10,12,10,5,13,9,14,0,13,4,12,7,2,15,10,5,19,7,17
2698,9,24,38,6,0,5,9,10,18,16,15,36,14,12,21,10,32,11,13,7,15,15,10,10,26,13,12,34,39,17,16,20,10,38,18,0,31,10,4,35,27,15,11,28,9,12,13,22,22,11,10,16,47,5,19,11,0,11,15,20,0,14,0,10,13,15,10,9,12,15,16,0,10,32,11,33,11,10,12,10,5,13,9,14,0,13,4,12,7,2,15,10,5,19,7,17
2699,9,24,38,6,0,5,9,10,18,16,15,36,13,12,21,10,32,11,13,7,15,15,10,10,25,13,12,34,40,17,16,20,10,37,17,0,31,8,4,34,27,15,10,28,9,12,13,22,22,11,10,16,46,5,19,11,0,11,15,20,0,14,0,10,13,15,9,9,12,15,16,0,10,32,11,33,11,10,12,10,5,13,8,14,0,13,4,12,7,2,15,10,5,19,7,17
2700,8,24,38,6,0,5,9,10,18,16,15,36,13,12,21,10,32,11,13,7,15,15,10,10,25,13,12,34,40,17,16,20,10,37,17,0,31,8,4,34,27,15,10,28,9,12,13,22,22,11,10,16,46,5,19,11,0,11,15,20,0,14,0,10,13,15,9,9,12,14,16,0,9,31,11,33,11,10,12,10,5,13,8,14,0,13,4,12,7,2,15,10,4,19,7,17
2701,8,24,38,6,0,5,9,9,18,16,15,36,13,12,21,10,32,11,13,7,15,15,10,10,25,13,12,34,40,17,16,20,10,37,17,0,31,8,4,35,26,15,10,28,9,12,13,22,22,11,10,17,46,5,19,11,0,11,15,20,0,14,0,10,13,15,9,9,12,14,16,0,9,31,11,33,11,10,12,10,5,13,8,14,0,13,4,12,7,2,15,10,4,19,7,17
2702,8,24,38,6,0,5,9,9,18,15,15,36,13,12,21,10,32,11,13,7,15,15,10,10,25,13,12,34,40,17,16,20,10,36,17,0,31,8,4,35,26,15,10,28,9,12,13,22,22,11,10,17,46,5,19,11,0,11,15,21,0,14,0,10,13,15,9,9,11,14,16,0,9,31,11,33,11,10,12,10,5,13,8,14,0,12,4,12,7,2,15,10,4,19,7,17
2703,8,24,38,6,0,5,9,9,18,15,15,36,13,13,21,10,32,11,13,7,15,15,10,10,25,13,12,34,40,17,16,20,10,36,17,0,31,8,4,35,26,15,10,28,9,12,13,22,22,11,10,16,46,5,19,11,0,11,15,21,0,14,0,10,13,15,9,9,11,14,15,0,9,31,11,32,11,10,12,10,5,13,8,14,0,12,4,12,7,2,15,10,4,19,7,17
2704,8,24,38,6,0,5,9,8,18,15,15,35,13,13,21,10,31,11,13,7,15,15,9,10,25,12,12,34,40,17,16,20,10,36,17,0,31,8,4,35,26,15,10,28,9,12,12,22,22,11,10,16,46,5,19,11,0,11,15,21,0,14,0,10,13,15,9,9,11,14,15,0,9,31,11,32,11,10,12,10,5,13,8,14,0,12,4,12,7,2,15,10,4,18,7,17
2705,8,24,38,6,0,5,9,8,18,15,15,35,13,13,21,10,31,11,13,7,15,15,9,10,25,12,12,34,40,17,16,20,10,36,17,0,31,8,4,35,26,15,10,28,9,12,12,22,22,11,10,16,46,5,19,11,0,11,15,21,0,14,0,10,13,15,9,9,11,14,15,0,9,31,11,32,11,11,12,10,5,13,8,14,0,12,4,12,7,2,15,10,4,18,7,17
2706,8,24,38,6,0,5,9,8,18,15,15,35,13,13,21,10,31,11,13,7,15,15,9,10,25,12,12,34,40,17,16,20,10,36,17,0,31,8,4,35,26,15,10,28,9,12,12,22,22,11,10,16,47,5,19,11,0,11,15,21,0,14,0,10,13,15,9,9,11,14,15,0,9,31,11,32,11,11,12,10,5,13,8,14,0,12,4,12,7,2,15,10,4,18,7,17
2707,8,24,37,6,0,5,9,8,18,15,15,35,12,13,21,10,31,11,13,7,15,15,9,10,25,12,12,34,40,17,16,20,10,36,17,0,31,8,4,34,25,15,10,28,9,12,12,22,21,11,10,16,47,5,18,11,0,11,15,21,0,14,0,10,13,15,9,10,10,13,15,0,9,32,11,32,11,11,12,10,5,13,8,14,0,12,4,12,7,2,15,10,4,17,7,17
2708,8,23,37,6,0,5,9,8,17,15,15,34,11,13,21,10,31,11,13,7,15,15,9,10,25,12,12,34,40,17,16,20,10,35,17,0,30,8,4,34,25,15,10,28,9,12,12,22,21,11,10,16,47,5,18,11,0,11,14,21,0,14,0,10,13,15,9,10,10,13,15,0,9,32,11,32,11,11,12,10,5,13,8,14,0,12,4,12,7,2,15,10,4,17,7,17
2709,8,23,37,6,0,5,9,8,17,15,15,34,10,13,21,10,31,11,13,7,15,15,9,10,25,12,12,34,40,17,16,20,10,35,17,0,30,8,4,34,25,14,10,28,9,12,12,22,21,11,10,16,47,5,18,11,0,11,14,21,0,14,0,10,13,15,9,10,10,13,15,0,9,32,11,32,11,11,12,10,5,13,8,14,0,12,4,12,7,2,15,10,4,17,7,17
2710,8,23,37,6,0,5,9,8,17,15,15,34,10,13,21,10,31,11,13,7,15,15,9,10,25,12,12,34,40,17,16,20,10,35,17,0,30,7,4,34,25,14,10,28,9,12,12,22,21,11,10,16,47,5,18,11,0,11,14,21,0,14,0,10,13,15,9,10,10,13,15,0,9,32,11,33,11,11,12,10,5,12,8,14,0,12,4,12,7,2,15,10,4,17,7,17
2711,8,23,37,6,0,5,9,8,17,15,15,34,10,13,21,10,31,11,13,7,15,15,9,10,25,12,12,34,40,16,16,20,10,35,17,0,30,7,4,34,25,14,10,28,9,12,12,22,21,11,10,16,47,5,18,11,0,11,14,21,0,14,0,10,13,15,9,10,10,13,15,0,9,32,11,33,11,11,12,10,5,12,8,14,0,12,4,12,7,2,15,10,4,17,7,17
2712,8,23,37,6,0,5,9,8,17,15,15,34,10,13,21,10,31,11,13,7,15,15,9,10,25,12,12,34,40,16,16,20,10,35,17,0,30,7,4,34,25,14,10,28,9,11,12,22,21,11,9,16,47,5,18,11,0,11,14,21,0,14,0,10,13,15,9,10,10,13,15,0,9,32,11,33,11,11,12,9,5,12,8,14,0,12,4,11,7,2,15,9,4,17,7,16
2713,8,23,37,6,0,5,9,8,17,15,15,34,10,13,21,10,31,11,13,7,15,15,9,10,25,12,12,35,40,17,16,20,10,35,17,0,30,7,4,34,25,14,11,28,9,11,12,22,21,11,9,16,47,5,18,11,0,11,14,21,0,14,0,10,13,14,9,10,9,13,15,0,9,32,11,33,11,11,12,8,5,12,8,14,0,12,4,11,7,2,15,9,4,17,7,16
2714,8,23,36,6,0,5,9,8,17,15,15,34,10,13,21,10,31,11,13,7,14,15,9,10,25,12,12,35,40,17,16,20,10,35,17,0,30,7,4,34,25,14,12,27,9,11,12,22,21,11,9,16,47,5,18,11,0,11,14,21,0,14,0,10,13,14,9,10,10,13,15,0,9,32,11,33,10,11,12,8,5,12,8,14,0,12,4,11,7,2,15,9,4,17,7,16
2715,8,23,36,6,0,5,9,8,17,15,15,34,10,12,21,10,32,11,13,7,14,15,9,10,25,12,12,35,40,17,16,20,10,35,16,0,30,7,4,34,25,14,12,27,9,11,12,22,21,11,8,16,47,5,18,11,0,11,14,21,0,14,0,10,13,14,9,10,10,13,15,0,9,33,12,33,10,11,12,8,5,12,8,14,0,12,4,11,7,2,15,9,3,17,7,16
2716,8,23,36,6,0,5,9,8,17,15,15,34,10,12,21,10,32,11,13,7,14,15,9,10,25,12,12,35,40,16,16,20,10,35,15,0,30,7,4,34,25,14,11,27,9,11,12,22,21,11,8,16,46,5,18,11,0,11,14,21,0,14,0,10,13,14,9,10,10,13,15,0,9,33,12,33,10,11,12,8,5,12,8,14,0,12,4,11,7,2,15,9,3,17,7,16
2717,8,23,36,6,0,5,9,8,17,15,15,33,10,12,21,10,32,11,13,7,14,15,9,10,25,12,11,35,40,16,16,20,10,35,15,0,30,7,4,34,24,14,11,27,9,11,12,22,20,11,8,16,46,5,18,11,0,11,14,21,0,14,0,10,13,14,9,10,10,12,15,0,9,33,12,33,10,10,12,8,5,12,8,14,0,12,4,11,7,2,15,9,3,17,7,16
2718,8,23,36,6,0,5,9,8,17,15,15,33,10,12,21,10,32,11,13,7,13,15,9,10,25,12,11,35,39,16,16,20,10,35,15,0,30,7,4,33,24,14,11,27,9,11,12,21,20,11,8,16,46,5,18,11,0,11,14,21,0,13,0,10,13,14,9,10,10,12,15,0,9,33,11,33,10,10,12,8,5,12,8,14,0,12,4,11,7,2,14,9,3,16,7,16
2719,8,23,36,6,0,5,9,8,17,15,15,33,10,12,21,10,32,11,13,7,13,15,9,10,25,12,11,35,38,16,16,20,10,35,15,0,30,7,4,33,24,14,11,27,9,11,12,20,20,11,8,16,46,5,18,11,0,11,14,21,0,13,0,10,13,14,9,10,10,12,15,0,9,33,11,33,10,10,12,8,5,12,8,14,0,12,4,10,7,2,14,9,3,16,7,16
2720,7,24,36,6,0,5,9,8,17,15,15,33,10,12,21,10,32,11,13,7,13,15,9,10,25,12,11,35,37,16,16,20,10,35,15,0,30,7,4,33,24,14,11,27,9,11,12,20,20,11,8,16,46,5,18,11,0,11,14,21,0,13,0,10,13,14,9,10,10,12,15,0,9,33,11,33,10,10,12,8,5,12,8,14,0,11,4,10,7,2,14,8,3,16,7,16
2721,7,23,36,5,0,5,9,8,17,15,15,33,10,12,21,10,32,11,13,7,13,15,9,10,25,12,11,35,37,16,16,20,10,35,15,0,29,7,4,33,24,14,11,27,9,11,12,20,20,11,8,16,46,5,18,11,0,11,14,21,0,13,0,10,13,14,9,10,10,12,15,0,9,33,11,33,10,10,12,8,5,12,8,14,0,11,4,10,7,2,14,8,3,16,7,16
2722,7,23,36,5,0,5,9,8,17,15,15,33,10,12,21,10,32,11,13,7,13,15,9,10,25,12,11,35,37,16,16,20,10,35,15,0,29,7,4,33,24,14,11,27,9,11,12,20,20,11,8,16,46,5,18,11,0,11,14,21,0,13,0,10,13,14,9,10,11,12,15,0,9,33,11,33,10,10,12,8,5,12,8,14,0,11,4,10,7,2,14,8,3,16,7,16
2723,7,24,36,5,0,5,9,8,17,15,15,33,10,12,21,10,32,11,13,7,13,15,9,10,25,12,11,35,37,16,16,20,10,35,15,0,29,7,4,33,24,14,11,27,9,11,11,20,20,11,8,16,46,5,18,11,0,11,14,21,0,13,0,10,13,14,9,10,11,12,15,0,9,33,11,33,10,10,12,8,5,12,8,14,0,11,4,10,7,2,14,8,3,16,7,16
2724,7,24,36,5,0,4,9,8,18,15,15,33,10,12,21,10,32,11,13,7,13,15,9,10,25,12,11,35,37,15,16,20,10,35,15,0,29,7,4,33,24,14,11,27,9,11,11,20,20,11,8,16,45,5,17,11,0,11,14,21,0,13,0,10,13,14,9,10,11,12,15,0,9,33,11,33,10,10,12,8,5,12,8,14,0,11,4,10,7,2,14,8,3,16,7,16
2725,7,24,35,5,0,4,9,8,18,15,14,33,10,12,21,10,32,11,13,7,13,15,9,10,25,12,11,35,37,15,16,20,10,35,15,0,29,7,4,33,24,14,11,27,9,11,11,20,20,11,8,16,46,5,16,11,0,11,14,21,0,13,0,10,13,14,9,10,11,12,15,0,9,33,10,33,10,10,12,7,5,12,8,14,0,11,4,10,7,1,14,8,3,16,7,16
2726,7,24,35,5,0,4,9,8,18,15,14,33,10,12,21,10,32,11,13,7,13,15,9,10,25,12,11,35,37,15,16,20,10,35,15,0,29,7,4,33,24,14,11,27,9,11,11,20,20,11,8,16,46,5,16,11,0,11,14,22,0,13,0,10,13,14,9,10,11,12,15,0,9,33,10,33,9,10,12,7,5,12,8,14,0,11,4,10,7,1,15,8,3,16,7,16
2727,7,24,35,5,0,4,9,8,18,15,14,32,10,12,21,10,32,11,13,7,13,15,9,10,25,12,11,35,37,15,16,20,10,35,15,0,29,7,4,33,24,14,11,27,9,11,11,20,20,11,8,16,46,5,16,11,0,11,14,22,0,13,0,10,13,14,9,10,11,12,15,0,9,33,10,33,9,10,12,7,5,12,8,14,0,11,4,10,7,1,15,8,3,16,7,16
2728,7,24,35,5,0,3,9,8,18,15,14,32,10,11,19,10,32,11,13,7,13,15,9,10,25,12,11,35,37,15,16,20,10,35,15,0,29,7,4,33,24,14,11,27,8,11,11,20,20,11,8,16,46,5,16,11,0,11,14,22,0,13,0,10,13,14,9,10,11,12,15,0,9,33,10,33,9,9,12,7,4,12,8,14,0,11,4,10,7,1,15,8,3,16,7,16
2729,7,24,35,5,0,3,9,8,18,15,14,32,10,10,19,10,32,11,13,7,13,15,8,10,25,12,11,35,37,15,16,20,10,35,15,0,29,7,4,33,24,14,11,27,8,11,11,20,20,11,7,16,47,5,16,11,0,11,14,22,0,13,0,10,13,14,9,10,11,12,15,0,9,33,10,33,9,9,12,7,4,11,8,14,0,11,4,10,7,1,15,8,3,16,7,16
2730,7,24,35,5,0,3,9,8,18,15,14,32,10,10,18,10,31,11,13,7,13,15,8,10,25,11,11,35,37,15,16,20,10,35,15,0,29,7,4,32,24,14,11,26,8,11,11,20,20,11,7,16,47,5,16,11,0,11,14,22,0,13,0,10,12,14,9,10,11,12,15,0,9,34,10,33,9,9,12,7,4,11,8,14,0,11,4,10,7,1,15,8,3,16,7,16
2731,7,24,35,5,0,3,9,8,18,15,14,32,10,10,18,10,31,11,13,7,13,15,8,10,25,11,11,35,37,15,16,20,10,35,15,0,29,7,4,32,24,14,11,26,8,11,11,20,20,11,7,16,47,5,16,11,0,11,14,22,0,13,0,10,12,14,9,10,11,12,15,0,9,34,10,33,9,9,12,7,4,11,8,14,0,11,4,10,7,1,15,8,3,16,7,16
2732,7,24,35,5,0,3,9,8,18,15,14,32,10,10,18,10,31,10,13,7,12,15,8,10,24,11,11,34,37,15,16,20,10,34,15,0,29,7,4,32,24,14,11,26,8,11,11,20,20,11,7,15,47,5,16,11,0,11,13,22,0,13,0,10,12,14,9,10,11,12,15,0,9,34,10,33,9,9,12,7,4,11,8,14,0,11,4,10,7,1,15,8,3,16,7,16
2733,7,24,35,5,0,3,9,8,18,15,14,32,10,10,18,10,31,10,13,7,12,14,8,10,24,11,11,34,37,15,16,20,10,33,15,0,29,7,4,32,23,14,11,26,8,11,11,20,20,11,7,14,48,5,16,11,0,11,13,22,0,13,0,10,12,14,9,10,11,12,15,0,9,34,10,33,9,9,12,7,3,11,8,14,0,11,4,10,7,1,15,8,3,15,7,16
2734,7,24,35,5,0,3,9,8,18,15,14,32,10,10,17,9,30,10,13,7,12,14,8,10,24,11,11,34,37,15,16,19,10,33,15,0,29,7,4,32,23,14,11,27,8,11,11,20,20,11,7,14,48,5,15,11,0,11,13,22,0,13,0,10,12,14,9,10,11,12,15,0,9,34,10,33,9,9,12,7,3,11,8,14,0,11,4,10,7,1,15,8,3,15,7,15
2735,7,24,35,5,0,3,9,8,18,15,14,32,10,10,17,9,30,10,13,7,12,14,8,10,24,11,11,34,37,15,16,19,10,33,15,0,28,7,4,32,23,14,11,27,8,11,11,20,19,11,7,14,48,5,15,11,0,11,12,22,0,13,0,10,12,14,9,10,11,11,15,0,9,34,10,33,9,9,12,7,3,11,8,14,0,11,4,10,7,1,15,8,3,15,7,15
2736,7,24,35,5,0,3,9,8,18,15,14,32,10,10,17,9,30,10,13,7,12,14,8,10,24,11,11,34,37,15,16,19,10,33,15,0,28,7,4,32,22,14,11,27,8,11,11,20,19,11,7,14,48,5,15,11,0,11,12,22,0,13,0,10,12,14,9,10,11,11,15,0,9,34,10,33,9,9,12,7,3,11,8,14,0,11,4,10,7,1,15,8,3,15,7,15
2737,7,24,35,5,0,3,9,8,18,15,14,32,10,10,17,9,30,10,13,7,12,14,8,10,24,11,11,34,37,15,16,19,10,33,15,0,28,7,4,32,22,13,11,27,8,11,11,20,19,11,7,14,48,5,15,11,0,11,12,22,0,13,0,10,12,14,9,10,11,11,15,0,9,34,10,33,9,9,12,7,3,11,8,14,0,11,4,10,7,1,15,8,3,15,7,15
2738,7,24,35,5,0,3,9,8,18,15,14,32,10,10,17,9,29,10,13,7,12,14,8,10,24,11,11,35,37,15,16,20,10,33,15,0,28,7,4,32,22,13,11,27,8,11,11,20,19,11,7,13,48,5,14,11,0,11,12,23,0,13,0,10,12,14,9,10,11,10,15,0,9,34,10,33,9,9,12,7,3,11,8,13,0,11,4,10,7,1,15,8,3,15,7,15
2739,7,24,35,5,0,3,9,8,18,15,14,32,10,10,17,9,29,10,13,7,12,14,8,10,24,11,11,35,38,15,16,20,10,33,15,0,28,7,4,32,21,13,11,27,8,11,11,20,19,11,7,13,49,5,14,11,0,11,12,23,0,13,0,10,12,13,9,10,11,10,15,0,9,34,10,33,9,8,12,7,3,11,8,13,0,11,4,10,7,1,15,8,3,15,7,15
2740,7,24,35,5,0,3,9,8,18,15,14,32,10,9,17,9,29,10,13,7,12,14,8,10,24,11,11,35,38,15,16,20,10,33,15,0,28,7,4,32,21,13,11,27,8,11,11,19,19,11,7,13,49,5,14,11,0,11,12,23,0,13,0,10,12,13,9,10,11,10,14,0,8,34,10,33,9,8,12,7,3,11,8,13,0,11,4,10,7,1,15,8,3,15,7,14
2741,7,24,34,5,0,3,9,8,18,15,14,32,10,9,17,9,29,10,13,7,12,14,8,10,24,11,11,36,38,15,16,20,10,33,15,0,28,7,4,32,21,13,11,27,8,11,11,19,18,11,7,13,48,5,14,11,0,11,12,23,0,13,0,10,12,13,9,10,11,10,14,0,8,34,10,33,9,8,12,7,3,11,8,13,0,11,4,11,7,1,15,8,3,15,7,14
2742,7,24,34,5,0,3,9,8,18,15,14,32,10,9,17,9,29,10,13,7,12,14,8,10,24,11,11,36,38,15,16,20,10,33,15,0,28,7,4,32,21,13,11,27,8,11,11,19,17,11,7,13,48,5,14,11,0,11,12,23,0,13,0,10,12,13,9,10,11,9,14,0,8,34,10,33,9,8,12,7,3,11,6,13,0,11,4,10,7,1,15,8,3,15,6,14
2743,7,24,34,5,0,3,9,8,18,15,14,32,10,9,17,9,29,10,13,7,12,14,8,10,24,11,11,36,38,15,16,20,10,33,15,0,28,7,4,32,21,13,11,27,8,11,11,19,17,11,7,13,48,5,14,11,0,11,12,23,0,13,0,9,12,13,9,10,11,9,14,0,8,34,10,33,9,8,12,6,3,11,6,13,0,11,4,10,7,1,15,8,3,15,6,14
2744,7,24,34,5,0,3,9,7,18,15,14,32,10,9,17,9,29,10,13,7,11,14,7,10,24,11,11,36,38,15,15,20,10,32,15,0,29,7,4,32,21,13,10,26,8,11,11,19,17,11,7,13,48,5,14,11,0,11,12,23,0,13,0,9,12,13,9,10,11,9,14,0,8,34,10,33,9,8,12,6,3,11,6,13,0,11,4,10,7,1,15,8,3,15,6,14
2745,7,23,34,5,0,3,9,7,17,15,14,32,10,9,17,9,29,10,13,7,11,14,7,10,24,11,11,36,38,15,15,20,10,32,15,0,29,7,4,33,21,13,10,26,8,11,11,19,17,11,7,13,48,5,14,10,0,11,12,23,0,13,0,9,11,13,9,9,11,9,14,0,8,35,10,32,9,8,12,6,3,11,6,13,0,11,4,10,7,1,14,7,3,15,5,14
2746,7,23,34,5,0,3,9,7,17,15,14,33,10,9,17,9,29,10,13,7,11,14,7,10,24,11,11,35,38,15,15,20,10,32,15,0,28,7,4,33,21,13,10,26,8,11,11,19,17,11,7,13,48,5,13,10,0,11,12,23,0,13,0,9,11,13,9,9,11,9,14,0,8,35,10,32,9,8,12,6,3,10,6,13,0,11,4,10,6,1,14,7,3,15,4,14
2747,7,23,34,5,0,3,9,7,17,15,14,33,10,9,17,9,29,9,13,7,11,14,7,10,24,11,11,35,38,15,15,20,10,32,15,0,28,7,4,33,21,13,10,26,8,11,11,19,17,11,7,13,48,5,13,10,0,11,12,23,0,13,0,9,11,13,9,9,11,9,14,0,8,35,10,33,9,8,12,6,3,10,6,13,0,11,4,10,6,1,14,7,3,14,4,14
2748,7,23,34,5,0,3,9,7,17,15,14,33,10,9,17,9,29,9,13,7,11,14,7,10,24,11,11,35,38,15,15,20,10,32,14,0,28,7,4,33,21,13,10,26,8,11,11,19,17,11,7,13,48,5,13,10,0,11,12,23,0,13,0,9,11,13,9,9,11,9,14,0,8,35,10,33,9,8,12,6,3,10,6,13,0,11,4,10,6,1,14,7,3,14,4,14
2749,7,23,34,5,0,3,9,7,17,15,14,32,10,9,17,9,29,9,13,7,11,14,7,10,24,11,11,35,38,15,15,20,10,32,14,0,28,7,4,33,20,13,10,26,8,11,11,19,17,11,7,13,48,5,13,10,0,11,12,23,0,13,0,9,11,13,9,9,11,9,14,0,8,35,10,32,9,8,12,6,3,10,6,13,0,11,4,10,6,1,14,7,3,14,4,14
2750,7,22,34,5,0,3,9,7,17,15,14,32,10,9,17,9,29,9,13,7,11,14,7,10,24,11,11,35,38,15,15,20,10,32,14,0,28,7,4,33,20,13,10,26,8,11,11,19,17,11,7,13,47,5,13,10,0,11,12,23,0,13,0,9,11,13,9,9,11,9,13,0,8,35,10,32,9,8,12,6,3,10,6,13,0,11,4,10,6,1,14,7,3,14,4,14
2751,7,22,34,5,0,3,9,7,17,15,14,32,10,9,17,9,29,9,13,7,11,14,7,10,24,11,11,35,38,14,15,20,10,31,14,0,28,7,4,32,20,13,10,26,8,11,11,19,17,11,7,13,47,5,13,10,0,11,12,23,0,13,0,9,11,13,9,9,11,9,13,0,8,36,10,32,9,7,12,6,3,10,6,13,0,11,4,10,6,1,14,7,3,14,4,14
2752,7,22,34,5,0,3,9,7,17,15,14,32,10,9,17,9,29,9,13,7,10,14,7,10,24,11,10,34,38,14,15,20,10,31,14,0,28,7,4,32,20,12,10,26,8,11,10,19,17,10,7,13,47,5,13,10,0,11,12,23,0,13,0,9,11,13,9,9,11,9,13,0,8,36,10,32,9,7,12,6,3,10,6,13,0,11,4,10,6,1,14,7,3,13,4,14
2753,7,22,35,5,0,3,9,7,16,15,14,32,10,9,17,9,29,9,13,7,10,13,7,10,24,11,10,34,39,14,15,20,9,31,14,0,28,7,4,32,20,12,10,26,8,11,10,19,17,10,7,13,47,5,12,10,0,11,12,23,0,13,0,9,11,13,9,8,11,9,13,0,8,35,10,32,9,7,12,6,3,10,6,12,0,11,4,10,6,1,14,7,3,13,4,14
2754,7,22,35,5,0,3,9,7,16,15,14,32,10,9,17,9,28,9,13,7,10,13,7,10,24,11,10,34,39,14,15,20,9,31,14,0,27,7,4,32,20,11,10,26,8,11,10,19,17,10,6,13,47,5,12,10,0,11,12,23,0,13,0,9,10,13,9,8,11,9,13,0,8,35,10,32,9,6,12,6,3,10,6,11,0,11,4,10,6,1,14,7,3,13,4,14
2755,7,22,35,5,0,3,9,7,16,15,14,32,10,9,17,9,28,9,13,7,10,13,7,10,24,11,10,34,39,14,15,20,9,31,14,0,26,7,4,32,20,11,10,25,8,11,10,19,18,10,6,13,46,5,12,9,0,11,12,23,0,13,0,9,10,13,9,8,11,9,13,0,8,35,10,32,9,6,12,6,3,10,6,11,0,11,4,10,6,1,14,6,3,13,4,13
2756,7,22,35,5,0,3,9,7,16,15,14,32,10,9,17,9,28,9,13,7,10,12,7,10,24,11,10,34,39,14,15,20,9,31,14,0,26,7,4,32,20,11,10,25,8,11,10,19,18,10,6,12,46,5,12,9,0,11,12,23,0,13,0,9,10,13,9,8,11,9,13,0,8,35,10,32,9,6,12,6,3,10,6,11,0,11,4,10,6,1,14,6,3,13,4,12
2757,7,22,35,5,0,3,9,7,16,15,14,32,10,9,17,8,28,9,13,7,10,12,7,10,24,11,10,34,39,14,15,20,9,31,14,0,25,7,4,32,20,11,10,24,8,11,10,19,18,10,6,12,45,5,12,9,0,11,12,23,0,13,0,9,10,12,9,8,11,9,13,0,8,35,10,32,9,6,12,6,3,10,6,11,0,11,4,10,6,1,14,6,3,13,4,12
2758,7,22,35,5,0,3,9,7,17,14,14,32,10,9,17,8,28,9,13,7,10,12,7,10,23,11,9,34,39,14,15,20,9,31,14,0,25,7,4,32,20,11,10,24,8,11,10,19,18,10,6,12,43,5,12,9,0,11,12,23,0,13,0,9,10,12,8,8,11,9,13,0,8,35,10,32,9,6,12,6,3,10,6,11,0,11,4,10,6,1,14,6,3,13,4,12
2759,7,22,35,5,0,3,9,7,17,14,14,32,10,9,16,8,28,9,13,7,10,12,7,10,23,11,9,35,39,13,15,20,9,30,14,0,25,7,4,32,19,11,10,24,8,11,10,19,18,10,6,12,42,5,12,10,0,11,12,23,0,12,0,9,10,12,8,8,11,9,13,0,8,35,10,32,9,6,12,6,3,10,6,11,0,11,4,10,6,1,14,6,3,13,4,12
2760,7,22,34,5,0,3,9,7,17,14,14,32,10,9,15,7,28,9,13,7,10,12,7,10,23,11,9,34,39,13,15,20,9,30,14,0,25,7,4,32,19,11,10,24,8,11,10,19,18,10,5,12,43,5,12,10,0,11,12,23,0,12,0,9,10,12,8,8,11,9,13,0,7,35,10,31,9,6,12,6,3,10,6,11,0,11,4,10,6,1,14,6,3,13,4,11
2761,7,22,34,5,0,3,9,7,17,14,14,32,10,9,15,7,28,9,13,7,10,12,7,10,23,11,9,34,39,13,15,20,9,30,14,0,25,7,4,32,19,10,10,24,8,11,9,19,18,10,5,12,43,5,12,10,0,11,12,23,0,12,0,9,10,12,8,8,11,9,13,0,7,35,10,31,9,5,12,6,3,10,6,11,0,11,4,10,6,1,13,6,3,13,4,11
2762,7,22,34,5,0,3,9,7,17,14,14,32,10,9,15,7,28,8,13,7,10,12,7,10,23,11,9,34,39,13,15,20,9,30,14,0,25,7,4,32,18,10,10,24,9,11,9,19,18,10,5,12,43,5,12,10,0,11,12,23,0,12,0,9,10,12,8,8,11,9,13,0,7,35,10,31,9,5,12,6,3,10,6,11,0,11,4,10,6,1,13,6,3,13,4,10
2763,7,22,33,5,0,3,9,7,17,14,14,32,10,9,15,7,28,8,13,7,10,12,7,10,23,11,8,34,39,13,15,20,9,29,14,0,25,7,4,32,17,10,10,24,9,11,9,19,18,10,5,12,42,5,12,10,0,11,11,23,0,12,0,9,10,12,8,8,11,9,13,0,7,35,10,31,9,5,12,6,3,10,6,11,0,11,4,10,6,1,13,6,3,13,4,10
2764,7,22,33,5,0,3,9,7,17,14,14,32,10,9,15,7,28,8,12,7,10,12,7,10,23,11,8,35,39,13,15,20,9,29,14,0,25,7,4,32,17,11,10,24,9,11,9,19,18,10,5,12,42,5,12,9,0,11,11,23,0,12,0,9,10,12,8,8,11,9,13,0,6,35,10,31,9,5,12,6,3,10,6,11,0,11,4,10,6,1,13,6,3,13,4,10
2765,7,22,33,5,0,3,8,7,17,14,14,32,10,9,15,7,28,8,12,7,10,12,7,10,23,11,8,35,40,13,15,20,9,29,14,0,24,7,4,32,17,11,10,24,9,11,9,19,18,10,4,12,42,5,12,9,0,11,11,23,0,12,0,9,10,12,8,8,11,9,12,0,6,35,10,31,9,5,12,6,3,10,6,11,0,11,4,10,6,1,13,6,3,13,4,10
2766,7,21,33,5,0,3,8,7,17,14,14,32,10,9,15,7,28,8,12,7,10,12,7,10,23,11,8,35,40,13,15,19,9,29,14,0,24,7,4,32,17,11,10,24,9,11,9,19,18,10,4,11,42,5,12,9,0,11,11,23,0,12,0,8,10,12,8,8,11,9,12,0,6,34,10,31,9,5,12,6,3,10,6,11,0,11,4,10,6,1,13,6,3,13,3,10
2767,7,21,33,5,0,3,8,7,17,14,14,33,10,9,15,7,28,8,12,7,10,12,7,10,23,11,8,35,40,13,15,18,9,29,14,0,23,7,4,32,17,11,10,24,9,10,9,19,18,10,4,11,42,5,12,9,0,11,11,23,0,12,0,7,10,12,8,8,11,9,12,0,6,34,10,31,9,5,12,6,3,10,6,11,0,11,4,10,6,1,13,6,3,13,3,10
2768,7,21,33,5,0,3,8,7,17,14,14,33,10,9,15,7,28,8,12,7,10,12,7,10,23,11,8,35,40,13,15,18,9,29,14,0,23,5,4,32,17,11,10,24,9,10,9,19,18,10,4,11,42,5,11,9,0,11,11,23,0,12,0,7,10,12,8,8,11,9,11,0,6,34,10,31,9,5,12,6,3,10,6,11,0,11,4,10,6,1,13,6,3,13,3,10
2769,7,21,33,5,0,3,8,7,17,14,14,33,10,9,15,7,28,8,12,7,10,12,7,10,23,11,8,35,40,13,15,18,8,28,14,0,23,5,4,32,16,11,10,24,9,10,8,19,18,10,4,11,42,5,11,9,0,11,11,23,0,12,0,7,10,12,8,8,11,9,11,0,6,35,10,31,9,5,12,6,3,10,6,11,0,11,4,10,6,1,13,6,3,13,3,10
2770,7,21,33,5,0,3,8,7,17,14,14,33,10,9,15,7,28,8,12,7,10,12,7,10,23,11,7,35,40,13,15,17,8,27,14,0,23,5,4,32,16,11,10,24,9,10,8,19,18,10,4,11,42,5,11,9,0,10,11,23,0,11,0,7,10,12,8,8,11,9,11,0,6,35,10,31,9,5,12,6,3,10,6,11,0,11,4,10,5,1,12,6,3,13,3,10
2771,7,21,33,5,0,3,8,7,17,13,14,33,10,9,15,7,28,8,12,6,10,12,7,10,23,11,7,35,40,13,15,17,8,27,14,0,23,5,4,32,16,11,10,24,9,10,8,19,18,10,4,11,42,5,11,9,0,10,11,23,0,11,0,7,10,11,8,8,11,9,11,0,5,35,10,30,9,5,12,6,3,10,6,11,0,11,4,10,5,1,12,6,3,13,3,10
2772,7,21,33,5,0,3,8,7,17,13,14,33,10,9,15,7,28,8,12,6,10,12,7,10,23,11,7,35,40,13,15,17,8,27,14,0,23,5,4,32,16,11,10,24,9,10,8,19,18,10,4,11,42,5,11,9,0,10,11,23,0,11,0,7,10,11,8,8,11,9,11,0,5,35,10,30,9,5,12,6,3,10,6,11,0,11,4,10,5,1,12,6,3,12,3,9
2773,7,21,33,5,0,3,8,7,17,13,14,33,10,9,15,7,28,8,12,6,10,12,7,10,23,10,7,35,40,13,15,17,8,27,14,0,23,5,4,32,16,11,10,24,8,9,8,19,18,10,4,11,42,5,12,9,0,10,11,23,0,11,0,7,10,11,8,8,11,9,11,0,5,35,10,30,9,5,12,6,3,10,6,11,0,11,4,10,5,1,11,6,3,12,3,9
2774,7,21,33,5,0,3,8,7,17,13,14,33,10,9,15,7,28,8,12,6,10,12,7,10,23,10,7,35,40,13,15,17,8,27,14,0,23,5,4,32,16,11,9,24,8,9,8,19,18,10,4,11,41,5,12,9,0,10,11,23,0,11,0,7,10,11,8,8,11,9,11,0,5,35,10,30,9,5,11,6,3,10,6,11,0,10,4,10,5,1,10,6,3,12,3,9
2775,7,20,33,5,0,3,8,7,17,13,14,33,10,9,15,7,28,6,12,6,10,12,7,10,23,10,7,35,40,13,15,17,8,27,14,0,23,5,4,32,15,11,9,24,8,9,8,19,18,10,4,11,40,5,12,9,0,9,11,23,0,11,0,7,10,11,8,8,11,9,11,0,5,36,10,30,9,5,11,6,3,10,6,11,0,10,4,10,5,1,10,6,3,12,3,9
2776,7,20,32,5,0,3,8,7,17,13,14,34,10,9,15,7,27,6,12,6,9,12,7,10,23,10,7,35,40,13,15,17,8,27,14,0,23,5,4,32,15,11,9,24,8,9,8,19,18,10,4,11,40,5,12,9,0,9,11,23,0,11,0,7,10,11,7,8,11,9,10,0,5,36,9,30,9,5,11,6,3,10,6,11,0,10,4,10,5,1,10,6,3,12,3,9
2777,7,20,33,5,0,3,8,7,17,13,14,34,10,9,15,7,27,6,12,6,9,11,7,10,23,10,7,35,40,12,15,17,8,26,14,0,23,5,4,32,15,11,9,24,8,9,8,19,18,10,4,11,40,5,12,9,0,9,11,23,0,11,0,7,10,11,7,8,11,9,10,0,5,36,9,30,9,5,11,6,3,10,6,11,0,10,4,10,5,1,10,6,3,12,3,9
2778,7,20,33,5,0,3,8,7,17,13,14,34,10,8,15,7,27,6,12,6,9,11,7,10,23,10,7,35,41,11,15,17,8,26,14,0,23,5,4,32,15,11,9,24,8,9,7,19,18,10,4,11,40,5,12,9,0,9,11,23,0,11,0,7,10,11,7,8,11,9,10,0,5,36,9,30,9,5,11,6,3,9,6,11,0,10,4,10,5,1,10,6,3,12,3,9
2779,7,20,33,5,0,3,8,7,17,13,14,34,10,8,15,7,27,6,12,6,9,11,7,10,23,10,7,35,41,11,15,17,8,26,13,0,23,5,4,32,15,11,8,24,8,9,7,19,18,10,4,11,41,5,12,9,0,9,11,23,0,11,0,7,10,11,7,8,11,8,10,0,5,36,9,29,9,5,11,6,3,9,6,11,0,10,4,10,5,1,10,6,3,12,3,9
2780,7,20,32,5,0,3,8,7,17,13,14,34,10,8,15,7,27,6,12,5,9,11,8,10,23,10,7,35,41,11,15,17,8,26,13,0,23,5,4,32,15,11,8,24,8,9,7,19,18,10,4,11,41,5,12,9,0,9,11,23,0,11,0,7,10,11,7,8,11,8,10,0,5,36,9,29,9,5,11,6,3,9,6,10,0,10,4,10,5,1,10,6,3,12,3,9
2781,7,20,31,5,0,3,8,7,17,13,14,34,10,8,15,7,27,6,12,5,9,11,8,10,23,10,7,35,41,11,15,17,8,26,13,0,23,5,4,32,14,11,7,24,8,8,7,19,18,10,4,11,41,5,12,9,0,9,11,22,0,11,0,7,10,11,7,8,11,8,10,0,5,36,9,29,9,5,11,6,3,9,6,10,0,10,4,10,5,1,10,6,3,12,3,9
2782,7,20,31,5,0,3,8,7,17,13,13,34,10,8,15,7,27,6,12,5,9,11,8,9,23,10,7,35,41,11,15,17,8,26,13,0,22,5,4,32,14,11,7,24,8,8,7,19,18,10,4,11,41,5,12,9,0,9,11,22,0,11,0,7,10,11,7,8,11,8,10,0,5,37,9,29,9,5,11,6,3,9,6,10,0,10,4,10,5,1,10,6,3,12,3,9
2783,7,20,31,5,0,3,8,7,17,13,13,34,10,8,15,7,27,6,12,5,9,11,8,9,23,10,7,36,40,11,15,17,8,25,13,0,22,4,4,32,14,11,7,24,8,8,7,19,18,10,4,11,41,5,12,9,0,9,11,22,0,11,0,7,10,11,7,8,11,8,10,0,5,37,9,29,8,5,11,6,3,8,6,10,0,10,4,10,5,1,10,6,3,12,3,9
2784,7,20,31,5,0,3,8,7,17,13,13,33,10,8,15,7,27,6,12,5,9,11,8,9,23,10,7,36,40,11,15,17,8,24,13,0,22,4,4,32,14,11,7,24,8,8,7,19,18,9,4,11,41,5,12,9,0,9,11,22,0,11,0,7,10,12,7,8,11,8,10,0,5,37,9,28,8,5,11,6,3,8,6,10,0,10,4,10,5,1,10,6,3,12,3,9
2785,7,20,31,5,0,3,8,7,18,13,13,33,10,8,15,7,27,6,12,5,9,11,8,9,23,10,7,37,40,11,15,17,8,24,13,0,22,4,4,32,14,11,7,23,8,8,7,19,18,9,4,11,41,5,12,9,0,9,11,22,0,11,0,7,10,12,7,8,11,8,10,0,5,38,9,28,8,5,11,6,3,8,6,10,0,10,4,10,5,1,10,6,3,12,3,9
2786,7,20,31,5,0,3,8,7,18,13,11,33,10,8,14,7,27,6,12,5,9,11,8,8,23,10,7,38,40,11,15,17,8,24,13,0,22,4,4,32,14,11,7,23,8,8,7,18,18,9,4,11,40,5,12,9,0,9,11,22,0,11,0,7,10,12,7,8,11,8,10,0,5,38,9,29,8,5,11,6,3,8,6,10,0,10,4,10,5,1,9,6,3,12,3,9
2787,7,20,31,5,0,3,8,7,18,13,11,33,10,8,14,7,27,6,12,5,9,11,8,8,23,10,7,38,40,11,14,17,8,24,13,0,22,4,4,32,14,11,7,23,8,8,7,18,18,9,4,11,40,5,12,9,0,9,11,22,0,11,0,7,10,12,7,8,11,8,10,0,5,38,9,29,8,5,11,6,3,8,6,10,0,10,4,10,5,1,9,6,3,12,3,9
2788,7,20,31,5,0,3,8,7,18,13,11,33,10,8,14,7,27,6,12,5,9,11,8,8,23,10,7,38,40,11,14,17,8,24,13,0,22,4,4,32,14,11,7,23,8,8,7,18,18,9,4,11,40,5,12,9,0,9,11,22,0,11,0,7,10,12,7,8,11,8,10,0,5,38,9,28,8,5,11,6,3,8,6,10,0,10,4,9,5,1,9,6,3,12,3,9
2789,7,20,31,5,0,3,8,7,18,13,11,33,10,7,14,7,27,6,12,5,9,11,8,8,23,10,7,38,40,11,14,17,8,24,13,0,22,4,4,32,14,11,7,23,8,8,7,17,18,9,4,11,40,5,12,9,0,9,11,21,0,11,0,7,10,12,7,8,11,8,10,0,5,37,9,28,8,5,11,6,3,8,6,10,0,10,4,9,5,1,9,6,3,12,3,9
2790,7,20,31,5,0,3,8,7,18,13,11,33,10,7,14,6,27,6,12,5,9,10,9,8,23,10,7,37,40,11,14,17,8,23,13,0,22,4,4,32,14,11,7,23,8,8,7,17,18,9,3,11,39,5,12,9,0,9,11,19,0,11,0,7,10,12,7,8,11,8,10,0,5,38,9,28,8,5,11,6,3,8,6,10,0,10,4,8,5,1,9,6,3,11,3,9
2791,7,20,31,5,0,3,8,7,18,13,11,33,9,7,14,6,27,6,12,5,9,10,9,8,23,10,7,37,40,11,14,17,8,23,13,0,22,4,4,32,14,11,7,23,8,8,7,17,18,9,3,11,39,5,12,9,0,9,11,19,0,11,0,7,10,12,7,8,11,8,10,0,5,38,9,28,7,5,11,6,3,8,6,10,0,10,4,7,5,1,8,6,3,11,3,9
2792,7,20,30,5,0,3,7,7,18,13,11,33,9,7,14,6,25,6,12,5,9,10,9,8,23,9,7,37,40,11,14,17,8,23,13,0,21,4,4,32,14,11,7,23,8,8,7,17,18,9,3,11,39,5,12,9,0,9,11,19,0,11,0,7,10,12,7,8,11,8,10,0,5,38,9,28,7,5,10,6,3,8,6,10,0,10,4,7,5,1,8,6,3,11,3,9
2793,7,20,30,5,0,3,7,7,17,13,11,33,9,7,14,6,25,6,12,5,8,10,9,8,23,9,7,37,40,11,14,17,8,23,13,0,21,4,4,32,14,11,7,23,8,8,7,17,18,9,3,11,39,5,12,9,0,9,11,19,0,11,0,7,10,12,7,8,11,8,9,0,5,38,9,28,7,5,10,6,3,8,6,10,0,10,4,7,5,1,8,6,3,11,3,9
2794,7,20,30,5,0,3,7,7,17,13,11,33,9,7,14,6,25,6,12,5,8,10,9,8,23,9,7,37,40,11,14,17,8,22,13,0,21,4,4,32,14,11,7,23,8,8,7,17,17,9,3,11,39,5,12,9,0,9,11,19,0,11,0,7,10,12,7,8,11,8,9,0,5,38,9,28,7,5,10,6,3,8,6,10,0,10,4,7,5,1,8,6,3,11,3,9
2795,7,20,30,5,0,3,7,7,17,12,10,33,9,7,14,6,25,6,12,5,8,10,9,8,23,9,7,37,40,11,14,17,8,22,13,0,21,4,4,32,13,11,7,23,8,8,7,17,17,9,3,11,39,5,12,9,0,9,11,19,0,10,0,7,10,12,7,8,11,8,9,0,5,38,9,28,6,5,10,6,3,8,6,10,0,10,4,7,5,1,8,6,3,11,3,9
2796,7,20,30,5,0,3,7,7,16,11,10,33,9,7,14,6,25,6,12,5,8,10,9,8,23,9,5,37,40,11,14,17,8,22,13,0,21,4,4,32,13,11,7,23,7,8,7,17,17,9,3,11,39,5,12,9,0,9,11,19,0,9,0,7,10,11,7,7,11,8,9,0,5,38,9,28,6,5,10,6,3,8,6,10,0,10,4,7,5,1,8,6,3,11,3,9
2797,7,20,29,5,0,3,7,7,16,11,10,32,9,7,14,6,25,6,12,5,8,10,9,8,23,9,5,37,40,11,14,17,8,22,13,0,21,4,4,32,13,11,7,23,7,8,7,17,17,9,3,11,38,5,12,9,0,9,11,19,0,9,0,7,10,11,7,7,11,8,9,0,5,38,9,28,6,5,10,6,3,8,6,10,0,9,4,7,5,1,8,6,3,11,3,9
2798,7,20,29,5,0,3,7,7,16,11,10,31,9,7,14,6,25,6,12,5,8,10,9,8,23,9,5,36,40,11,14,17,8,22,13,0,21,4,4,32,13,11,7,23,7,8,7,17,17,9,3,11,38,5,12,9,0,9,11,19,0,9,0,7,10,11,7,7,11,8,9,0,5,38,9,28,6,5,10,6,3,8,6,10,0,9,4,7,5,1,8,6,3,11,3,7
2799,7,20,29,5,0,3,7,7,16,11,10,31,9,7,14,6,25,6,12,5,8,10,9,8,23,9,5,36,40,10,14,17,8,22,13,0,21,4,3,32,13,11,7,23,7,8,7,17,17,9,3,11,38,5,12,9,0,9,11,19,0,9,0,7,10,11,7,7,11,8,9,0,5,38,9,28,6,5,10,6,3,8,6,10,0,9,4,7,5,1,8,6,3,11,3,7
2800,7,20,29,5,0,3,7,7,16,11,10,31,9,7,14,6,25,6,12,5,8,10,9,8,23,9,5,36,40,10,14,18,8,22,13,0,21,4,3,32,13,11,7,23,7,8,7,17,17,9,3,11,38,5,12,9,0,9,11,19,0,9,0,7,10,11,7,7,11,8,9,0,5,38,9,28,6,5,10,6,3,8,6,10,0,9,4,7,5,1,8,6,3,11,3,7
2801,7,20,29,5,0,3,7,7,16,11,9,31,8,7,14,6,25,6,12,5,8,10,9,8,23,9,5,36,40,10,14,17,8,22,13,0,21,4,3,31,13,11,7,23,7,8,7,17,17,9,3,11,38,5,12,9,0,9,11,19,0,9,0,7,10,11,7,7,11,8,9,0,5,39,9,28,6,5,10,5,3,8,6,10,0,9,4,7,5,1,8,6,3,11,3,7
2802,7,20,29,5,0,3,7,7,15,11,9,31,8,7,14,6,25,6,12,5,8,10,9,8,23,9,5,36,41,10,14,17,8,22,13,0,21,4,3,30,13,11,7,23,7,8,7,17,17,9,3,11,37,5,12,9,0,9,11,19,0,9,0,7,10,11,7,7,11,8,9,0,5,39,9,27,6,5,10,5,3,8,6,10,0,9,4,7,5,1,8,6,3,11,3,7
2803,7,19,29,5,0,3,7,7,15,11,9,31,8,7,14,6,25,6,12,5,8,10,9,8,23,9,5,36,41,10,14,17,8,21,13,0,21,4,3,30,13,11,7,23,7,8,7,17,17,9,3,11,37,5,12,9,0,9,11,19,0,9,0,7,10,11,7,7,11,8,9,0,4,39,9,27,6,5,10,5,3,8,6,10,0,9,3,7,5,1,8,6,3,11,3,7
2804,7,19,28,5,0,3,7,7,15,11,9,31,8,7,14,6,25,6,12,5,8,10,9,8,22,9,5,36,41,10,14,17,8,21,13,0,21,4,3,30,13,11,7,23,7,8,7,17,17,9,3,11,37,5,12,9,0,9,11,19,0,9,0,7,10,11,7,7,11,8,9,0,4,39,9,27,6,5,10,5,3,8,6,10,0,9,3,7,5,1,7,6,3,11,3,7
2805,7,19,28,5,0,3,7,7,15,11,9,31,8,7,14,6,25,6,12,5,8,10,9,8,22,9,5,36,41,10,14,17,8,21,13,0,21,4,3,30,13,11,7,23,7,8,7,17,17,9,3,11,37,5,12,9,0,9,11,19,0,9,0,7,10,11,7,7,11,8,9,0,4,39,8,27,6,5,10,5,3,8,6,10,0,9,3,7,5,1,7,6,3,11,3,7
2806,7,19,28,5,0,3,7,7,15,11,9,31,8,7,14,6,24,6,12,5,8,10,9,8,22,9,5,36,41,9,14,17,9,21,13,0,21,4,3,30,13,11,7,23,7,8,7,17,17,9,3,11,36,5,12,9,0,9,11,19,0,9,0,7,10,11,7,7,11,8,9,0,4,39,8,27,6,5,10,5,3,8,6,10,0,9,3,7,5,1,7,6,3,11,3,7
2807,7,19,28,5,0,3,7,7,15,11,9,31,8,7,14,6,24,6,12,5,8,10,9,8,22,9,5,36,41,9,14,17,9,21,13,0,21,4,3,30,13,11,7,23,7,8,7,17,17,9,3,11,36,5,11,9,0,9,11,19,0,9,0,7,10,11,7,7,11,8,9,0,4,40,8,27,6,4,10,5,3,8,6,10,0,10,3,7,5,1,7,6,3,11,3,6
2808,7,19,28,5,0,3,7,7,15,11,9,31,8,7,14,6,24,6,12,5,8,10,9,8,22,9,5,36,41,9,14,16,9,21,13,0,21,4,3,30,13,11,7,23,7,8,7,17,17,9,3,10,36,5,11,9,0,9,11,19,0,9,0,7,10,11,7,7,11,8,9,0,4,40,8,27,6,4,10,5,3,8,6,10,0,10,3,7,5,1,7,6,3,11,3,6
2809,7,19,28,5,0,3,7,7,15,11,9,31,8,7,14,6,25,6,12,4,8,10,9,8,21,9,5,36,41,9,14,16,9,21,13,0,21,4,3,30,13,11,7,23,6,8,7,17,17,9,3,10,36,5,11,9,0,9,11,19,0,9,0,7,10,11,7,7,11,8,9,0,4,40,8,27,5,4,10,5,3,8,6,10,0,10,3,7,5,1,7,6,3,11,3,6
2810,7,19,28,5,0,3,7,7,15,11,9,31,8,7,14,6,25,6,12,4,8,10,9,8,21,9,5,36,41,9,14,16,9,21,13,0,21,4,3,30,13,11,7,23,6,8,7,17,17,9,3,10,35,5,11,9,0,9,11,19,0,9,0,7,10,11,7,7,11,8,9,0,4,40,8,27,5,4,10,5,3,8,6,10,0,10,3,7,5,1,7,6,3,11,3,6
2811,7,19,27,5,0,3,7,7,15,11,9,31,8,7,14,6,25,6,12,4,8,10,9,8,21,9,5,37,40,9,14,16,9,21,13,0,21,4,3,30,13,11,7,23,6,8,7,17,17,9,2,10,35,5,11,9,0,9,11,19,0,9,0,7,10,11,7,7,11,8,9,0,4,40,8,27,5,4,10,5,3,8,6,10,0,10,3,7,5,1,7,6,3,11,3,6
2812,7,19,27,5,0,3,7,7,15,11,9,31,7,7,14,6,25,6,12,4,8,10,9,8,21,9,5,37,40,9,13,16,9,21,13,0,21,4,3,30,13,11,7,23,5,8,7,17,17,9,2,10,35,5,11,9,0,9,11,18,0,9,0,7,10,11,7,7,11,8,9,0,4,40,8,27,5,4,10,5,3,8,6,10,0,10,3,7,5,1,7,6,3,11,3,6
2813,6,18,27,5,0,3,6,7,15,11,9,31,7,7,14,6,25,6,12,4,8,10,9,8,21,9,5,37,40,9,13,16,9,22,13,0,21,4,3,30,13,11,7,23,5,8,7,17,17,9,2,10,34,5,11,9,0,9,11,18,0,9,0,7,10,11,7,7,10,8,9,0,4,40,8,27,5,4,10,5,3,8,6,10,0,10,3,7,5,1,7,6,3,11,3,6
2814,6,18,27,5,0,3,6,7,15,11,9,31,7,7,14,6,25,6,12,4,8,10,9,8,21,9,5,37,40,9,13,16,9,22,13,0,21,3,3,30,13,10,7,23,5,8,7,17,17,9,2,10,34,5,11,9,0,7,11,18,0,9,0,7,10,11,7,7,10,8,9,0,4,40,8,27,5,4,10,5,3,8,6,10,0,10,3,7,5,1,7,6,3,11,3,6
2815,6,18,27,5,0,3,6,7,15,11,9,31,7,7,14,6,25,6,12,4,8,10,9,7,21,9,5,38,39,9,13,16,9,23,13,0,21,3,3,30,13,9,7,23,5,8,7,17,17,9,2,10,32,5,10,9,0,7,11,18,0,9,0,7,10,11,7,7,10,8,9,0,4,40,8,27,5,4,10,5,3,8,6,10,0,10,3,7,5,1,7,6,3,11,3,6
2816,6,18,27,5,0,3,6,7,15,11,9,31,7,7,13,6,25,6,12,4,8,10,9,7,21,9,5,39,39,9,12,16,9,23,12,0,21,3,3,30,13,9,7,23,4,8,7,17,17,9,2,10,32,5,10,9,0,7,11,17,0,9,0,7,10,11,7,7,10,8,9,0,4,40,8,27,5,4,9,5,3,8,6,10,0,10,3,7,5,1,7,6,3,11,3,6
2817,6,18,27,5,0,3,6,7,15,11,9,32,7,7,13,6,25,6,11,4,8,10,9,7,21,9,5,39,39,9,12,16,9,23,12,0,21,3,3,30,13,9,7,23,4,8,7,17,17,9,1,10,32,5,10,9,0,7,11,17,0,9,0,7,10,11,7,7,10,8,9,0,4,40,8,27,5,4,9,5,3,8,6,10,0,10,3,7,5,1,7,6,3,11,3,6
2818,6,18,27,5,0,3,6,7,15,11,9,32,7,7,13,6,25,6,11,4,8,10,9,7,21,8,5,39,39,9,12,15,9,23,12,0,21,3,3,30,13,9,7,23,4,8,7,17,17,9,1,10,32,5,10,9,0,7,11,17,0,9,0,7,10,11,7,7,10,8,9,0,4,40,8,27,5,4,9,5,3,8,6,10,0,10,3,7,5,1,6,6,3,11,3,6
2819,6,18,27,5,0,3,6,7,15,11,9,32,7,7,13,6,25,6,11,4,8,10,9,7,21,8,5,39,39,9,12,15,9,23,12,0,21,3,3,30,13,9,7,23,4,7,7,17,17,9,1,10,32,5,10,9,0,7,11,17,0,9,0,7,10,11,7,7,10,8,9,0,4,40,8,27,5,4,9,5,3,8,6,10,0,10,3,7,5,1,6,6,3,11,3,6
2820,6,18,27,5,0,3,6,7,15,11,9,32,7,7,12,6,25,6,11,4,8,10,9,7,21,8,5,39,39,9,12,15,9,23,12,0,21,3,3,29,13,9,7,23,4,7,7,17,17,9,1,10,32,5,10,9,0,7,11,17,0,9,0,7,10,11,7,7,10,8,9,0,4,40,7,27,5,4,9,5,3,8,6,10,0,10,3,7,5,1,6,6,3,11,3,6
2821,6,18,27,5,0,3,6,7,15,10,9,32,6,7,12,6,25,6,11,4,8,10,9,7,20,8,5,39,39,9,12,15,9,23,12,0,21,3,3,29,13,9,7,23,4,7,7,17,17,9,1,10,32,5,10,9,0,7,11,17,0,9,0,7,10,11,7,7,10,7,9,0,4,40,7,27,5,4,9,5,3,8,6,10,0,10,3,7,5,1,6,6,3,11,3,6
2822,6,18,27,5,0,3,6,7,15,10,9,32,6,7,12,6,25,6,11,4,8,10,9,7,20,8,5,39,39,9,12,15,9,23,12,0,21,3,3,29,13,9,7,23,4,7,7,17,17,9,1,10,32,5,10,9,0,7,11,17,0,9,0,7,10,10,7,7,10,7,9,0,4,40,7,27,5,4,9,5,3,8,6,10,0,10,3,7,5,1,6,6,3,11,3,6
2823,6,18,27,5,0,3,6,7,15,10,8,32,5,7,12,6,25,6,11,4,8,9,9,7,20,8,5,39,39,9,12,15,9,23,12,0,21,3,3,28,13,9,7,23,4,7,7,17,17,9,1,10,32,5,10,9,0,7,10,17,0,9,0,7,10,10,7,7,10,7,9,0,4,40,7,26,5,4,9,5,3,8,6,10,0,10,3,7,5,1,6,6,3,11,3,6
2824,6,18,27,5,0,3,6,7,15,10,8,32,5,7,12,6,25,6,11,4,8,9,9,7,20,8,5,39,39,9,12,15,9,23,12,0,21,3,3,28,13,9,7,23,4,7,7,17,17,8,1,10,32,5,10,9,0,7,10,17,0,9,0,7,10,10,7,6,10,7,9,0,4,40,7,26,5,4,9,5,3,8,6,10,0,10,3,7,5,1,6,6,3,11,3,6
2825,6,18,27,5,0,3,6,7,15,10,8,32,5,7,12,6,25,6,11,4,8,9,9,7,20,8,5,39,39,9,12,15,9,23,12,0,21,3,3,28,13,9,7,23,4,7,7,17,16,8,1,10,32,5,10,9,0,7,10,17,0,9,0,7,10,10,7,6,10,7,9,0,4,40,7,26,5,4,9,5,3,8,6,10,0,10,3,7,5,1,6,6,3,11,3,6
2826,6,18,27,5,0,3,6,7,15,10,8,31,5,7,12,6,25,6,11,4,8,9,9,7,20,8,5,38,39,9,12,15,9,23,12,0,21,3,3,28,13,9,7,23,4,7,7,17,15,8,1,10,32,5,10,9,0,7,10,17,0,9,0,8,10,10,7,6,10,7,9,0,4,40,7,26,4,4,9,5,3,8,6,9,0,10,3,7,5,1,6,6,3,11,3,6
2827,6,18,27,5,0,3,6,7,15,10,8,32,5,7,12,6,25,6,11,4,8,9,9,7,20,8,5,38,39,9,12,15,9,23,12,0,21,3,3,28,13,8,7,23,4,7,7,17,15,8,1,9,32,5,10,9,0,7,10,17,0,9,0,8,10,10,7,6,10,7,9,0,4,39,7,26,4,4,9,5,3,8,6,9,0,10,3,7,5,1,6,6,3,11,3,6
2828,6,18,27,5,0,3,6,7,15,10,8,32,5,7,12,6,25,6,11,4,8,9,9,7,20,8,5,38,39,9,12,15,9,23,11,0,21,3,3,28,13,8,6,23,4,7,7,17,15,8,1,9,32,5,10,9,0,7,10,17,0,9,0,8,10,10,7,6,10,7,9,0,4,39,7,26,4,4,9,5,3,8,6,9,0,10,3,7,5,1,6,6,3,11,3,6
2829,6,18,27,5,0,3,6,7,15,10,8,32,5,7,12,6,25,6,11,4,8,9,9,7,20,8,5,38,39,9,12,15,9,23,11,0,21,3,3,28,13,8,6,23,3,7,7,17,15,8,1,9,32,5,10,9,0,7,10,17,0,9,0,8,10,10,7,6,10,7,9,0,4,39,7,26,4,4,9,5,3,8,6,9,0,10,2,7,5,1,6,6,3,11,3,6
2830,6,18,27,5,0,3,6,7,15,10,8,32,5,7,12,6,25,6,11,4,8,9,9,7,20,8,5,38,39,9,12,15,9,23,11,0,21,3,3,28,13,8,6,23,3,7,7,17,14,8,1,9,32,5,10,9,0,6,10,17,0,8,0,8,10,10,7,6,10,8,9,0,4,39,7,26,4,4,9,5,3,8,6,9,0,10,2,7,5,1,6,6,3,11,3,6
2831,6,18,27,5,0,3,6,7,15,10,8,32,5,7,12,6,25,6,11,4,8,9,9,7,20,8,5,39,39,9,12,15,9,23,11,0,21,2,3,28,13,7,6,23,3,7,7,17,14,8,1,9,32,5,10,9,0,6,10,17,0,8,0,8,10,10,7,6,10,8,9,0,4,39,7,26,4,4,9,5,3,8,6,9,0,10,2,7,5,1,6,6,3,11,3,6
2832,6,18,27,5,0,3,6,7,15,10,8,32,4,7,12,6,25,6,11,4,8,9,9,7,19,8,5,39,39,9,12,15,9,23,11,0,21,2,3,28,13,7,6,22,3,7,7,17,14,8,1,9,32,5,10,9,0,6,10,17,0,8,0,8,10,10,7,6,10,8,9,0,4,38,7,26,4,4,9,5,3,8,6,9,0,10,2,7,5,1,6,6,3,11,3,6
2833,6,18,27,5,0,3,6,7,15,10,8,32,4,7,12,6,25,6,11,4,8,9,9,7,19,8,5,39,39,9,12,15,8,23,11,0,21,2,3,28,13,7,6,22,3,7,7,17,14,8,1,9,32,5,10,9,0,6,10,17,0,8,0,8,10,10,7,6,10,8,9,0,4,38,7,26,4,4,9,5,3,8,6,9,0,10,2,7,5,1,6,6,3,11,3,6
2834,6,18,27,5,0,3,6,7,15,10,8,30,4,7,12,5,25,5,11,4,8,9,9,7,19,8,5,39,39,9,12,15,8,23,11,0,20,2,3,28,13,7,6,22,3,7,7,16,14,8,1,9,31,5,10,9,0,6,10,17,0,8,0,8,10,10,7,6,10,8,9,0,4,38,7,26,4,4,9,5,3,8,6,9,0,10,2,7,5,1,6,6,3,10,3,6
2835,6,18,27,5,0,3,6,7,15,10,8,30,4,7,12,5,25,5,10,4,8,9,9,7,19,8,5,39,39,9,12,15,8,22,11,0,20,2,3,28,13,7,6,22,3,7,7,16,14,8,1,9,31,5,10,9,0,6,10,17,0,8,0,8,9,10,7,6,10,8,9,0,4,38,7,26,4,4,9,5,3,8,6,9,0,10,2,7,5,1,6,6,3,10,3,7
2836,6,18,27,5,0,3,6,7,15,10,8,29,4,7,12,5,25,5,10,4,7,9,9,7,19,8,5,39,39,9,12,15,8,22,11,0,20,2,3,27,13,7,6,22,3,7,7,16,13,8,1,8,31,5,10,9,0,6,10,17,0,8,0,8,9,10,7,6,10,8,9,0,4,38,7,26,4,4,9,5,3,8,6,9,0,10,2,7,5,1,6,6,3,10,3,8
2837,6,18,27,5,0,3,6,7,15,10,8,29,4,7,12,5,25,5,10,4,7,9,9,7,19,8,5,39,38,9,12,15,8,22,11,0,20,2,3,27,13,7,6,22,3,7,7,16,13,8,1,8,30,5,10,9,0,6,10,17,0,8,0,8,9,10,7,6,10,8,8,0,4,38,7,26,4,4,8,5,3,8,6,9,0,10,2,7,5,1,6,6,3,10,3,8
2838,6,18,27,5,0,3,6,7,15,10,8,29,4,7,12,5,25,5,10,4,7,9,9,7,19,8,5,39,38,9,12,15,8,22,11,0,20,2,3,27,13,7,6,22,3,7,7,16,13,8,1,8,30,5,10,9,0,6,10,17,0,8,0,8,9,10,7,6,10,8,8,0,4,39,7,26,4,4,8,5,3,8,6,9,0,10,2,7,5,1,6,6,3,10,3,8
2839,6,18,27,5,0,3,6,7,15,10,8,29,4,7,12,5,25,5,10,4,7,9,9,7,19,8,5,39,38,9,11,15,8,22,11,0,20,2,3,27,13,7,6,22,3,7,7,16,13,8,1,8,30,5,10,9,0,6,10,17,0,8,0,8,9,10,7,6,10,8,8,0,4,39,7,26,4,4,8,5,3,8,6,9,0,10,2,7,5,1,6,6,3,10,3,8
2840,6,17,27,5,0,3,5,6,15,10,8,29,4,7,12,5,25,5,10,4,7,9,9,7,19,8,5,39,38,9,11,15,8,22,11,0,20,2,3,27,13,7,6,22,3,7,7,15,13,8,1,8,30,5,10,9,0,6,10,17,0,8,0,8,9,10,7,6,10,8,8,0,4,39,7,26,4,4,8,5,3,8,6,9,0,10,2,7,5,1,6,6,3,10,3,8
2841,6,17,27,5,0,3,5,6,15,10,8,29,4,7,12,5,25,5,10,4,7,9,9,7,19,8,5,39,38,9,10,15,8,22,11,0,20,2,3,27,13,7,6,22,3,7,7,15,13,8,1,8,30,5,10,9,0,6,10,17,0,7,0,8,9,10,7,6,10,8,8,0,4,39,7,26,4,4,8,5,3,8,6,9,0,10,2,7,4,1,6,6,3,10,3,8
2842,6,17,27,5,0,3,5,6,15,10,8,29,4,7,12,5,24,5,10,4,6,9,9,7,19,8,5,39,38,9,10,15,8,22,11,0,20,2,3,26,13,7,6,22,3,7,7,15,13,8,1,8,30,5,10,9,0,6,10,17,0,7,0,8,9,10,7,6,10,8,8,0,4,39,7,26,4,4,8,5,3,8,6,9,0,10,2,7,4,1,6,6,3,10,3,8
2843,6,17,27,5,0,3,5,6,15,9,8,29,4,7,12,5,24,5,10,4,6,9,9,7,19,8,5,39,37,9,10,15,8,22,11,0,20,2,3,26,13,7,6,22,3,7,7,15,14,8,1,8,30,5,10,9,0,6,10,17,0,7,0,8,9,10,7,6,10,8,8,0,4,39,7,26,4,4,8,5,3,8,6,9,0,10,2,7,4,1,6,6,3,10,3,8
2844,6,17,27,5,0,3,5,6,15,9,8,29,4,7,12,5,23,5,10,4,6,9,9,7,19,8,5,38,37,9,10,15,7,22,11,0,20,2,3,26,13,7,6,22,3,7,7,15,14,8,1,8,30,5,10,9,0,6,10,17,0,7,0,8,9,10,7,6,10,8,8,0,4,38,7,26,4,4,9,5,3,8,6,9,0,10,2,7,4,1,6,6,3,10,3,8
2845,6,17,27,5,0,3,5,6,15,9,8,29,4,6,12,5,23,5,10,4,6,9,9,7,19,8,5,37,37,9,10,15,7,22,11,0,20,2,3,25,13,6,6,22,3,7,7,15,14,8,1,8,30,5,10,9,0,6,10,17,0,7,0,8,9,10,7,6,10,8,8,0,4,38,7,25,4,4,9,5,3,8,6,9,0,10,2,7,4,1,6,6,3,10,3,8
2846,5,17,27,5,0,3,6,6,15,9,8,29,4,6,12,5,22,5,10,4,6,9,9,6,18,8,5,36,37,9,10,15,7,22,11,0,20,2,3,25,13,6,6,22,3,7,7,14,14,8,1,8,30,5,10,9,0,6,10,17,0,6,0,8,9,10,7,6,10,7,8,0,4,38,7,25,4,4,9,5,3,8,6,9,0,10,2,7,4,1,6,6,3,10,3,8
2847,5,17,26,5,0,3,6,6,15,9,8,29,4,6,11,5,22,5,10,4,6,9,9,5,18,8,5,36,37,9,10,15,7,22,11,0,20,2,3,25,13,6,6,22,3,7,7,14,14,8,1,8,30,5,10,9,0,6,10,17,0,6,0,8,9,10,7,6,10,7,8,0,4,38,7,25,4,4,9,5,3,8,6,9,0,10,2,6,4,1,6,6,3,10,3,8
2848,5,17,26,5,0,3,6,6,15,9,8,29,4,6,11,5,22,5,10,4,6,9,9,5,17,8,5,36,37,9,10,15,7,22,11,0,19,2,3,25,13,6,6,21,3,7,7,14,14,8,1,8,30,5,10,9,0,6,10,17,0,6,0,8,8,10,6,6,10,7,8,0,4,39,7,25,4,4,9,5,3,8,6,9,0,11,2,6,4,1,6,6,3,10,3,7
2849,5,17,26,5,0,3,6,6,15,9,8,29,4,6,11,5,22,5,10,4,6,9,9,5,17,8,5,36,37,9,10,15,7,22,11,0,19,2,3,25,13,6,6,20,3,7,7,14,14,8,1,8,30,5,10,9,0,6,10,17,0,6,0,8,8,10,6,6,10,7,8,0,4,38,7,25,4,4,9,5,3,8,6,9,0,11,2,6,4,1,6,6,3,10,3,7
2850,5,17,26,5,0,3,6,6,15,9,8,30,4,6,11,5,22,5,10,4,6,9,9,5,17,8,5,36,37,9,10,15,7,22,11,0,20,2,3,25,12,6,6,20,3,7,7,14,14,8,1,8,30,5,10,9,0,6,10,17,0,6,0,8,8,10,6,6,10,7,8,0,4,38,7,25,4,4,9,5,3,8,6,9,0,11,2,6,4,1,5,6,3,10,3,7
2851,5,17,26,5,0,3,6,6,15,9,8,30,4,6,11,5,22,5,10,4,6,9,9,5,17,8,5,35,37,9,10,15,7,22,11,0,20,2,3,24,12,6,6,20,3,7,7,14,14,8,1,8,30,5,10,9,0,6,9,17,0,6,0,8,8,10,6,6,10,7,8,0,4,39,7,25,4,4,9,5,3,8,6,9,0,11,2,6,4,1,5,6,3,10,3,7
2852,5,17,26,5,0,3,6,6,14,9,8,30,4,6,11,5,22,5,10,4,6,9,9,5,17,8,5,35,37,9,10,15,7,22,11,0,20,2,3,23,12,6,6,19,3,7,7,14,14,8,1,8,30,5,9,9,0,6,9,17,0,6,0,8,8,10,6,6,10,7,8,0,4,39,7,25,4,4,9,5,3,8,6,8,0,11,2,5,4,1,5,6,3,10,3,7
2853,5,16,26,5,0,3,6,6,14,9,8,30,4,6,11,5,22,5,10,4,6,9,9,5,16,8,5,35,36,9,10,15,7,22,10,0,20,2,3,23,12,6,6,19,3,7,7,14,14,8,1,8,30,5,9,9,0,6,9,17,0,6,0,8,8,10,6,6,10,7,8,0,4,39,7,25,4,4,9,5,3,8,6,8,0,11,2,5,4,1,5,6,3,10,3,7
2854,5,16,26,5,0,3,6,6,14,9,8,30,4,6,11,5,22,5,10,4,6,9,9,5,16,8,5,34,36,9,9,15,7,22,10,0,20,2,3,23,11,6,6,19,3,7,7,14,14,8,1,8,30,5,9,9,0,6,9,17,0,6,0,8,8,9,6,6,10,7,8,0,4,39,7,25,4,4,9,5,3,8,6,8,0,11,2,5,4,1,5,6,3,10,3,7
2855,5,16,26,5,0,3,6,6,14,9,7,30,4,6,11,5,22,5,10,4,6,9,9,5,16,8,5,34,36,9,9,15,7,21,10,0,20,2,3,23,11,6,6,19,3,7,7,14,14,8,1,8,30,5,9,9,0,6,9,17,0,6,0,8,7,9,6,6,10,7,8,0,4,39,7,25,4,4,9,5,3,7,6,8,0,11,2,5,4,1,5,6,3,10,3,7
2856,5,16,26,5,0,3,6,6,14,9,7,30,4,6,11,5,22,5,10,4,6,9,9,5,16,8,5,34,36,9,9,15,7,21,10,0,19,2,3,23,11,6,6,19,3,7,7,14,14,8,1,8,30,5,9,9,0,6,9,17,0,6,0,8,7,9,6,6,10,7,8,0,4,39,7,25,4,4,9,5,3,7,6,8,0,11,2,5,4,1,5,6,3,10,3,7
2857,5,16,26,5,0,3,6,6,14,9,7,30,4,6,11,5,22,5,10,4,6,9,9,5,16,7,5,34,36,9,9,15,7,21,10,0,19,2,3,23,11,6,6,19,3,6,7,14,14,8,1,8,30,5,9,9,0,6,9,17,0,6,0,8,7,9,6,6,10,7,8,0,4,39,7,24,4,3,9,5,3,7,6,8,0,11,2,5,4,1,5,6,3,10,3,7
2858,5,17,24,5,0,3,6,6,14,9,7,30,4,6,11,5,22,5,10,4,6,8,9,5,16,7,5,34,37,9,9,15,7,21,10,0,19,2,3,23,11,6,6,19,3,6,7,14,13,8,1,8,30,5,9,9,0,6,9,17,0,6,0,8,7,9,6,6,10,7,8,0,4,40,7,23,4,3,8,5,3,7,6,8,0,11,2,5,4,1,5,6,3,10,3,7
2859,5,17,24,5,0,3,6,6,14,9,7,30,4,6,10,5,22,5,10,4,6,8,9,5,16,7,5,33,38,8,9,15,6,21,10,0,19,2,3,23,11,6,6,19,3,5,7,14,13,8,1,8,29,5,9,9,0,6,9,17,0,6,0,8,7,7,6,6,10,7,8,0,4,40,7,23,4,3,8,5,3,7,6,8,0,11,2,5,4,1,5,6,3,10,2,7
2860,5,17,24,5,0,3,6,6,14,9,7,30,4,6,10,5,22,5,10,4,6,8,9,5,15,7,5,33,38,8,9,15,6,21,10,0,19,2,3,23,11,6,6,19,3,5,7,14,13,8,1,8,29,5,9,9,0,6,9,17,0,6,0,8,7,7,6,6,10,7,8,0,4,39,7,23,4,3,8,5,3,7,6,8,0,11,2,5,4,1,5,6,3,10,2,7
2861,5,17,24,5,0,3,6,6,14,9,7,30,4,6,10,5,22,5,10,4,6,8,9,5,15,7,5,33,38,8,9,15,6,21,10,0,19,2,3,22,11,6,6,19,3,5,7,13,13,8,1,8,29,5,9,9,0,6,9,17,0,6,0,8,7,7,6,6,9,7,8,0,4,39,7,22,4,3,8,5,3,7,5,8,0,11,2,5,4,1,5,6,3,10,2,7
2862,5,17,24,5,0,3,6,5,14,9,7,30,4,6,10,5,22,5,10,4,5,8,9,5,15,7,5,33,38,8,9,15,6,21,10,0,19,2,3,22,11,6,6,19,3,5,7,13,13,8,1,8,29,5,9,9,0,6,9,17,0,6,0,8,7,7,6,6,9,7,8,0,4,39,7,21,4,3,8,5,3,7,5,8,0,11,2,5,4,1,5,6,3,10,2,7
2863,5,17,23,5,0,3,6,5,14,9,7,30,4,6,10,5,22,5,10,4,5,7,9,5,15,7,5,33,38,8,9,15,6,21,10,0,19,2,3,22,11,6,6,19,3,5,7,13,13,8,1,8,29,5,9,9,0,6,9,17,0,6,0,8,7,7,6,6,9,7,8,0,4,39,7,21,4,3,8,5,3,7,5,8,0,11,2,5,4,1,5,6,3,10,2,6
2864,5,16,23,5,0,3,6,5,14,9,7,29,4,6,10,5,21,5,10,4,5,7,9,5,14,7,5,33,38,8,9,15,6,21,10,0,19,2,3,22,11,6,6,18,3,5,7,13,13,8,1,7,29,5,9,9,0,6,8,17,0,6,0,8,7,7,6,6,9,7,8,0,4,39,7,21,4,3,8,5,3,7,5,8,0,11,2,5,4,1,5,6,3,10,2,6
2865,5,16,23,5,0,3,6,5,14,9,7,29,4,6,10,5,21,5,10,4,5,7,9,5,14,7,5,33,38,8,9,15,6,21,10,0,19,2,3,22,11,6,6,18,3,5,7,13,13,8,1,7,29,5,9,9,0,6,8,17,0,6,0,8,7,7,6,6,9,7,8,0,4,39,7,21,4,3,8,5,3,7,5,8,0,11,2,5,4,1,5,6,3,10,2,6
2866,5,16,23,5,0,3,6,5,14,9,7,28,4,6,10,5,21,5,10,4,5,7,9,5,14,7,5,33,38,8,9,15,6,21,9,0,19,2,3,22,11,5,6,17,3,5,7,13,13,8,1,7,30,5,9,9,0,6,8,17,0,6,0,8,7,7,6,6,9,7,8,0,4,39,7,21,4,3,8,5,3,7,5,8,0,11,2,5,4,1,5,6,3,10,2,6
2867,5,16,23,5,0,3,6,5,14,9,7,28,4,6,10,5,21,5,10,4,5,7,9,5,13,7,5,33,38,8,9,15,6,21,9,0,19,2,3,22,11,5,6,15,3,5,7,12,13,8,1,7,30,5,9,8,0,6,8,17,0,6,0,8,7,6,6,6,9,7,8,0,4,39,7,21,4,3,8,5,3,7,5,8,0,11,2,5,4,1,4,6,3,10,2,6
2868,5,17,23,5,0,3,6,5,14,9,7,28,4,6,10,5,21,5,10,4,5,7,9,5,12,7,5,33,37,8,9,15,6,21,9,0,19,2,3,22,11,5,6,15,3,5,7,12,13,8,1,7,30,5,9,8,0,6,8,17,0,6,0,8,7,6,5,6,9,7,8,0,4,39,7,21,4,3,8,5,3,7,5,8,0,11,2,5,4,1,4,6,3,10,2,6
2869,5,17,23,5,0,3,6,5,13,9,7,28,4,6,10,5,21,5,10,4,5,7,9,5,12,7,5,33,37,8,9,15,6,20,9,0,19,2,3,22,11,5,6,15,3,5,7,12,13,8,1,7,30,5,9,8,0,6,8,17,0,6,0,7,7,5,5,6,8,7,8,0,4,39,7,21,4,3,8,5,3,6,5,8,0,11,2,5,4,1,4,6,3,10,2,6
2870,5,17,23,4,0,3,6,5,13,9,7,28,4,6,10,5,21,5,10,4,5,7,9,5,12,7,5,33,37,8,9,15,6,20,9,0,19,2,3,22,11,5,6,15,3,5,7,12,13,8,1,7,30,5,9,8,0,6,8,17,0,6,0,7,7,5,5,6,8,7,8,0,4,41,7,21,4,3,8,5,3,6,5,8,0,11,2,5,4,1,4,6,3,10,2,6
2871,5,17,23,4,0,3,6,5,13,9,6,27,4,6,10,5,21,5,9,4,5,7,9,5,12,7,5,33,37,8,9,15,6,20,9,0,19,2,3,22,11,5,6,15,3,5,7,12,13,8,1,7,30,5,9,8,0,6,8,17,0,6,0,7,7,5,5,6,8,7,8,0,4,41,7,21,4,3,8,5,3,6,5,8,0,11,2,5,4,1,4,6,3,10,2,6
2872,5,17,23,4,0,3,6,5,13,9,6,27,4,6,10,5,21,5,7,4,5,7,9,5,12,7,5,33,38,8,9,15,6,20,9,0,19,2,3,22,11,5,6,15,3,5,7,12,13,8,1,7,30,5,9,8,0,6,8,17,0,6,0,7,7,5,5,6,8,7,8,0,4,42,7,21,4,3,8,5,3,6,5,8,0,11,2,5,4,1,4,6,3,10,2,6
2873,5,17,23,4,0,3,6,5,13,9,6,26,4,6,10,5,20,5,7,4,5,7,8,5,11,7,5,33,38,8,9,15,6,20,9,0,19,2,3,22,11,5,6,15,3,4,7,12,13,8,1,7,30,5,9,8,0,6,8,17,0,6,0,7,7,5,5,5,8,7,8,0,4,42,7,21,4,3,8,5,3,6,5,8,0,11,2,5,4,1,4,6,3,10,2,6
2874,5,17,23,4,0,3,6,5,13,9,6,26,4,6,10,5,20,5,7,4,5,7,8,5,11,7,5,33,38,8,9,15,6,20,9,0,19,2,3,22,11,4,6,14,3,4,7,12,13,8,1,7,30,5,9,8,0,6,8,17,0,6,0,6,7,5,5,5,8,7,8,0,4,42,7,21,4,3,8,5,3,6,5,8,0,11,2,5,4,1,3,6,3,10,2,6
2875,5,17,23,4,0,3,6,5,13,9,6,26,4,6,10,5,20,5,7,4,5,7,8,5,11,7,5,33,39,8,9,15,6,20,9,0,19,2,3,22,11,4,6,14,3,4,7,12,13,7,1,7,30,5,9,8,0,6,8,17,0,6,0,6,7,5,5,5,8,7,8,0,4,42,7,21,4,3,8,5,3,6,5,7,0,11,2,5,4,1,3,6,3,10,2,6
2876,5,17,23,4,0,3,6,5,13,9,7,26,4,6,10,5,20,5,7,4,5,7,8,5,11,7,5,33,39,8,9,15,6,20,9,0,19,2,3,22,11,4,6,14,3,4,7,12,13,7,1,7,30,5,9,8,0,5,8,17,0,6,0,6,7,5,5,5,8,7,8,0,4,42,7,21,4,3,8,5,3,6,5,7,0,11,2,5,4,1,3,6,3,10,2,6
2877,5,17,23,4,0,3,6,5,13,9,7,26,4,6,10,5,20,5,7,4,5,7,8,5,11,7,5,32,39,8,9,15,6,20,9,0,19,2,3,22,11,4,6,14,3,4,7,12,13,7,1,7,30,5,9,8,0,5,8,17,0,6,0,6,7,5,5,5,8,7,8,0,4,41,7,21,4,3,8,5,3,6,5,7,0,11,2,5,4,1,3,6,3,10,2,6
2878,5,17,23,4,0,3,6,5,13,9,7,26,4,6,9,5,19,5,7,4,5,7,8,5,11,7,5,32,39,8,9,15,6,20,9,0,19,2,3,22,11,4,6,14,3,4,7,12,13,7,1,7,30,5,9,8,0,5,8,17,0,6,0,6,7,5,5,5,8,7,8,0,4,41,7,21,4,3,8,5,3,6,5,7,0,11,2,5,4,1,3,6,3,10,2,6
2879,5,17,23,4,0,3,6,5,13,9,7,26,4,6,9,5,19,5,7,4,4,7,8,5,11,7,5,31,39,8,9,14,6,20,9,0,19,2,3,22,10,4,6,14,3,4,7,12,13,7,1,7,30,5,9,8,0,5,8,17,0,6,0,6,7,5,5,5,7,7,8,0,4,41,7,21,4,3,8,5,3,6,5,7,0,11,2,5,4,1,3,6,3,10,2,6
2880,5,17,23,3,0,3,6,5,13,9,7,26,4,6,8,5,19,5,7,4,4,7,8,5,11,7,5,31,39,8,9,12,6,20,9,0,19,2,3,22,10,4,6,13,3,4,7,12,13,7,1,7,30,5,9,8,0,5,8,16,0,6,0,6,7,5,5,5,7,7,8,0,4,41,7,21,4,3,8,5,3,6,5,7,0,10,2,5,4,1,3,6,3,9,2,6
2881,5,17,23,3,0,3,5,5,13,9,7,26,4,6,8,5,19,5,7,4,4,7,7,5,11,7,5,30,39,7,9,12,6,20,8,0,19,2,3,22,10,4,6,13,3,4,7,12,13,7,1,7,30,5,9,8,0,5,8,16,0,6,0,6,7,5,5,5,7,7,8,0,4,41,7,21,4,3,8,5,3,6,5,7,0,10,2,5,4,1,3,6,3,9,2,6
2882,5,17,23,3,0,3,5,5,13,9,7,26,4,6,8,5,18,5,7,4,4,7,7,5,11,7,5,30,39,8,9,12,6,20,8,0,18,2,3,22,10,4,6,13,3,4,7,12,13,7,1,7,30,5,9,8,0,4,8,16,0,6,0,6,7,5,5,5,7,7,8,0,4,41,7,21,4,3,8,5,3,6,5,7,0,10,2,5,4,1,3,6,3,9,2,6
2883,5,17,23,3,0,3,5,5,13,9,7,26,4,6,8,5,18,5,7,4,4,7,7,5,11,7,5,29,39,8,9,12,6,20,8,0,18,2,3,21,10,4,6,13,3,4,7,12,13,7,1,7,30,5,9,8,0,4,8,16,0,6,0,6,7,5,5,5,7,7,8,0,4,40,7,21,4,3,8,5,3,6,5,7,0,10,2,5,4,1,3,6,3,9,2,6
2884,5,17,23,3,0,3,5,5,13,9,7,26,4,6,8,5,18,5,7,4,4,7,7,5,12,7,5,29,39,8,9,12,6,20,8,0,18,2,3,21,10,4,6,13,3,4,7,12,13,7,1,7,30,5,9,8,0,4,8,16,0,6,0,6,7,5,5,5,7,7,8,0,4,40,7,21,4,3,8,5,3,6,5,7,0,10,2,5,4,1,3,6,3,9,2,6
2885,5,17,23,3,0,3,5,5,12,9,7,26,4,6,8,5,18,5,7,4,4,7,7,5,12,7,5,29,39,8,9,12,6,20,8,0,18,2,3,21,10,4,6,13,3,4,7,12,13,6,1,7,30,5,9,8,0,4,8,16,0,6,0,6,7,5,5,5,7,7,8,0,4,40,7,21,4,3,8,5,3,6,5,7,0,10,2,5,4,1,3,6,3,9,2,6
2886,5,16,23,3,0,3,5,5,12,9,7,26,4,6,8,5,18,5,7,4,4,7,7,5,12,7,5,29,39,8,9,12,6,20,8,0,18,2,3,21,10,4,6,13,3,4,7,12,13,6,1,7,30,5,9,8,0,4,8,16,0,6,0,6,7,5,5,4,7,7,8,0,4,39,7,21,4,3,8,5,3,6,5,7,0,9,2,5,4,1,3,6,3,9,2,6
2887,5,16,23,3,0,3,5,5,12,9,7,27,4,6,8,5,18,5,7,4,4,7,7,5,12,7,5,29,39,8,9,12,6,19,8,0,18,2,3,21,10,4,6,13,3,4,7,11,13,6,1,7,30,5,9,8,0,3,8,16,0,6,0,5,7,4,5,4,7,7,8,0,4,39,7,21,4,3,8,5,3,6,5,7,0,9,2,5,4,1,3,6,3,9,2,6
2888,5,15,23,3,0,3,5,5,12,9,7,27,4,6,8,5,18,5,7,4,4,7,7,5,12,7,5,29,39,8,9,12,6,19,8,0,18,2,3,21,10,4,6,13,3,4,7,11,13,6,1,7,30,5,9,8,0,3,8,16,0,6,0,5,7,4,5,4,7,7,8,0,4,39,7,21,4,3,8,5,3,6,5,7,0,9,2,5,4,1,3,6,3,9,2,6
2889,5,15,23,3,0,3,5,5,12,9,7,27,4,6,8,5,18,5,7,4,4,7,7,5,12,7,5,29,39,8,9,12,6,19,8,0,18,2,3,21,10,4,6,14,3,4,7,11,13,6,1,7,30,5,9,8,0,3,8,16,0,6,0,5,7,4,5,4,7,7,8,0,4,39,7,21,4,3,8,5,3,6,5,7,0,9,2,5,4,1,3,6,3,9,2,6
2890,5,15,23,3,0,3,5,5,12,9,7,27,4,6,8,5,18,5,6,4,4,7,7,5,12,7,5,29,39,8,9,12,6,19,8,0,18,2,3,21,10,4,6,14,3,4,7,11,13,6,1,7,30,5,9,8,0,3,8,16,0,6,0,5,6,4,5,4,7,7,8,0,4,39,7,21,4,3,8,5,3,6,5,7,0,9,2,5,4,1,3,6,3,9,2,6
2891,5,15,23,3,0,3,5,5,12,9,7,27,4,6,8,5,17,5,6,4,4,7,7,5,12,7,5,29,38,8,9,12,6,19,8,0,18,2,3,22,10,4,6,14,3,4,7,11,14,6,1,7,30,5,9,8,0,3,8,16,0,6,0,5,6,4,5,4,7,7,8,0,4,39,7,20,4,3,8,5,3,6,5,7,0,9,2,5,4,1,3,6,3,9,2,6
2892,5,15,23,3,0,3,5,5,12,9,7,27,4,6,8,5,17,5,5,4,4,7,7,5,12,7,5,29,38,8,9,12,6,19,8,0,18,2,3,22,10,4,6,14,3,4,7,11,14,6,1,7,30,5,9,8,0,3,7,16,0,6,0,5,6,4,5,4,7,7,8,0,4,38,7,20,4,3,8,5,3,6,5,7,0,9,2,5,4,1,3,6,3,9,2,6
2893,5,15,23,3,0,3,5,5,12,9,7,27,4,6,8,5,17,5,5,4,4,7,7,5,12,7,5,29,38,8,9,12,6,19,8,0,18,2,3,22,10,4,6,14,3,3,7,11,14,6,1,7,30,5,9,8,0,3,7,15,0,6,0,5,6,4,5,4,7,7,8,0,4,38,7,20,4,3,8,5,3,6,5,7,0,9,2,5,4,1,3,6,3,9,2,6
2894,5,15,24,3,0,3,5,4,12,9,7,27,4,6,8,5,17,5,5,4,4,7,7,5,12,7,5,29,39,8,9,12,6,19,8,0,18,2,3,22,10,4,6,14,3,3,7,11,14,6,1,7,30,5,9,8,0,3,7,15,0,6,0,5,6,4,5,4,7,7,8,0,4,38,7,19,4,3,8,5,2,6,5,7,0,9,2,5,4,1,3,6,3,9,2,6
2895,5,15,23,3,0,3,5,4,12,9,7,27,4,6,8,5,17,5,5,4,4,7,7,5,12,7,5,29,39,8,9,12,6,19,8,0,18,2,3,22,10,4,6,14,3,3,7,11,14,6,1,7,29,5,9,8,0,3,7,15,0,6,0,5,6,4,5,4,7,7,8,0,4,39,7,19,4,3,8,5,2,6,5,7,0,9,2,5,4,1,3,6,3,9,2,6
2896,5,15,23,3,0,3,5,4,12,9,7,27,4,6,8,5,17,5,5,4,4,7,7,5,12,7,5,29,39,8,9,12,6,19,8,0,18,2,3,22,10,4,6,14,3,3,6,11,14,6,1,7,29,5,9,8,0,3,7,15,0,6,0,5,6,4,5,4,7,7,8,0,4,39,7,19,4,3,8,5,2,6,5,7,0,9,2,5,4,1,3,6,3,9,2,6
2897,5,15,23,3,0,3,5,4,12,9,7,27,4,6,8,5,17,5,5,4,4,7,7,5,12,7,5,29,39,8,9,12,6,19,8,0,18,2,3,22,10,4,6,14,3,3,6,11,14,6,1,7,29,5,9,8,0,3,7,15,0,6,0,5,6,4,5,4,7,7,8,0,4,39,7,19,4,3,8,5,2,6,5,7,0,9,2,5,4,1,3,6,3,9,2,6
2898,5,15,23,3,0,3,5,3,12,9,7,27,4,6,8,5,17,4,5,4,4,7,7,4,12,7,5,29,39,8,9,12,6,19,8,0,18,2,3,22,10,4,6,14,3,3,6,11,14,6,1,7,29,5,9,8,0,3,7,15,0,6,0,5,6,4,5,4,6,7,8,0,4,39,7,18,4,3,8,5,2,6,5,7,0,9,2,5,4,1,3,6,3,9,2,6
2899,5,15,23,3,0,3,5,3,12,9,7,27,4,6,8,5,16,4,5,4,4,7,7,4,12,7,5,29,39,8,9,12,6,19,8,0,17,2,3,22,10,4,6,13,3,3,6,11,14,6,1,7,29,5,9,8,0,3,7,15,0,6,0,5,6,4,5,4,6,7,8,0,4,38,7,18,4,3,8,5,2,6,5,6,0,9,2,5,4,1,3,6,3,8,2,6
2900,5,15,23,3,0,3,5,3,12,9,7,27,4,6,8,5,16,4,5,4,4,7,7,4,12,7,5,29,38,8,9,12,6,19,8,0,17,2,3,22,10,4,6,13,3,3,6,11,14,6,1,7,29,5,9,8,0,3,7,15,0,6,0,5,6,4,5,4,6,7,8,0,4,38,7,18,4,3,8,5,2,6,5,6,0,9,2,5,4,1,3,6,3,8,2,6
2901,5,15,23,3,0,3,5,3,12,9,7,27,4,6,8,5,15,4,5,4,4,7,7,4,12,7,5,29,38,8,9,12,6,19,8,0,17,2,3,22,10,4,6,13,3,3,6,11,14,6,1,7,29,5,9,8,0,3,7,15,0,6,0,5,6,4,5,4,6,7,8,0,4,38,7,18,4,3,7,5,2,6,5,6,0,9,2,5,4,1,3,6,3,7,2,6
2902,5,14,23,3,0,3,5,3,12,9,7,26,4,6,8,5,15,4,5,4,4,7,7,4,11,7,5,29,38,8,9,12,6,19,8,0,17,2,3,22,10,4,6,13,3,3,6,11,14,6,1,7,29,5,9,8,0,3,7,15,0,6,0,5,5,4,5,4,6,7,8,0,4,37,7,18,4,3,7,5,2,6,5,6,0,9,2,5,4,1,3,6,3,7,2,6
2903,5,14,23,3,0,3,5,3,12,9,7,26,4,6,8,5,15,4,6,4,4,7,7,4,11,6,5,29,38,8,9,12,6,19,8,0,17,2,3,22,10,4,6,13,3,3,6,11,13,6,1,7,29,5,9,8,0,3,7,15,0,6,0,5,5,4,5,4,6,7,8,0,4,37,7,18,4,3,7,5,2,6,5,6,0,9,2,5,4,1,3,6,3,7,2,6
2904,5,14,23,3,0,3,5,3,12,9,7,26,4,6,8,5,15,4,6,4,4,7,7,4,11,6,4,29,38,8,9,12,6,19,8,0,17,2,3,22,10,4,6,13,3,3,6,11,13,6,1,7,29,5,9,8,0,3,7,15,0,6,0,5,5,4,5,4,6,7,8,0,4,37,7,18,4,3,7,5,2,6,5,6,0,9,2,5,4,1,3,6,3,6,2,6
2905,5,14,23,3,0,3,5,3,12,9,7,26,4,6,8,5,14,4,6,4,4,7,7,4,11,6,4,28,38,8,9,12,6,19,8,0,17,1,3,22,10,4,6,13,2,3,6,11,13,6,1,7,29,5,9,8,0,3,7,15,0,6,0,5,5,4,5,4,6,7,8,0,4,38,7,18,4,3,7,5,2,6,5,6,0,9,2,5,4,1,3,6,2,6,2,6
2906,5,14,22,3,0,3,4,3,12,9,7,26,4,6,8,5,14,4,6,4,4,7,7,4,11,6,4,28,38,8,9,12,6,19,8,0,17,1,3,22,10,4,6,13,2,3,6,11,13,6,1,7,28,4,9,8,0,3,7,15,0,6,0,5,5,4,5,4,6,7,8,0,4,38,7,18,4,3,7,5,2,6,5,6,0,8,2,5,4,1,3,6,2,6,1,6
2907,5,14,22,3,0,3,4,3,12,9,7,26,4,6,8,5,14,4,6,4,4,7,7,4,11,6,4,28,38,8,9,12,6,20,7,0,17,1,3,22,10,4,6,13,2,3,6,11,13,6,1,7,28,4,9,8,0,3,7,15,0,6,0,5,5,4,5,4,6,7,8,0,4,38,7,18,4,3,7,5,2,6,5,6,0,8,2,5,4,1,3,6,2,6,1,6
2908,5,13,22,3,0,3,4,3,12,9,7,26,4,6,8,5,14,4,6,4,4,7,7,4,10,6,4,28,38,8,9,12,6,20,7,0,17,1,3,22,10,4,6,13,2,3,6,11,13,6,1,7,28,4,9,8,0,3,7,15,0,6,0,5,5,4,5,4,6,7,8,0,4,39,6,18,4,3,7,5,2,6,5,6,0,8,2,5,4,1,3,6,2,6,1,6
2909,5,13,22,3,0,3,4,3,12,9,7,26,4,6,8,5,14,4,6,4,4,7,7,4,9,6,4,28,38,8,9,12,6,20,7,0,17,1,3,22,10,4,6,13,2,3,6,11,13,6,1,7,28,4,9,7,0,3,7,15,0,6,0,5,5,4,5,4,6,7,8,0,4,39,6,18,4,3,7,5,2,6,5,6,0,8,2,5,4,1,3,6,2,6,1,6
2910,5,13,22,3,0,3,4,3,12,9,7,26,4,6,8,5,14,4,6,4,4,7,7,4,9,6,4,29,38,8,9,12,6,20,7,0,17,1,3,22,10,4,6,13,2,3,6,11,13,6,1,7,28,4,9,7,0,3,7,14,0,5,0,5,5,4,5,4,5,7,7,0,4,39,6,18,4,3,7,5,2,6,5,6,0,8,2,5,4,1,3,6,2,6,1,6
2911,5,13,22,3,0,2,4,3,12,9,7,26,4,6,8,5,13,4,6,4,4,7,7,4,9,6,4,29,38,8,9,12,6,20,7,0,17,1,3,22,10,4,5,13,2,3,6,11,13,6,1,7,28,4,9,7,0,3,7,14,0,5,0,5,5,4,5,4,5,7,7,0,4,39,6,18,4,3,7,5,2,6,5,6,0,8,2,5,4,1,3,6,2,6,1,6
2912,5,13,22,3,0,2,4,3,12,9,7,26,4,6,8,5,13,4,6,4,4,7,6,4,9,6,4,29,38,8,9,12,6,19,7,0,17,1,3,22,10,4,5,13,2,3,6,11,13,6,1,7,28,4,9,7,0,3,7,14,0,5,0,5,5,4,5,4,5,7,7,0,4,39,6,18,4,3,7,5,2,6,5,6,0,8,2,4,4,1,3,6,2,6,1,6
2913,5,13,22,3,0,2,4,3,12,9,7,26,4,6,8,5,13,4,6,4,4,7,6,4,9,6,4,29,39,8,9,12,6,19,7,0,17,1,3,22,10,4,5,13,2,3,6,10,13,6,1,7,28,4,9,7,0,3,7,14,0,5,0,5,5,4,5,4,5,7,7,0,4,39,6,17,4,3,7,5,2,6,5,6,0,8,2,4,4,1,3,6,2,6,1,6
2914,5,13,22,3,0,2,4,3,12,9,7,26,4,6,8,4,13,4,6,4,4,7,6,4,9,6,4,28,39,8,9,12,7,19,7,0,17,1,3,22,10,4,5,13,2,3,6,10,13,6,1,7,28,4,9,7,0,3,7,14,0,5,0,5,5,4,5,4,5,7,7,0,4,38,6,17,4,3,7,5,2,6,5,6,0,8,2,4,4,1,3,6,2,6,1,6
2915,5,13,22,3,0,2,4,3,12,9,7,26,4,6,8,4,13,4,6,4,4,7,6,4,9,6,4,28,39,8,9,12,7,19,7,0,17,1,3,22,10,4,5,13,2,3,6,10,13,6,1,7,28,4,9,7,0,3,7,14,0,5,0,5,5,4,5,4,5,7,7,0,4,38,6,17,4,3,6,5,2,6,5,6,0,8,2,4,4,1,3,6,2,6,1,7
2916,5,13,22,3,0,2,4,3,12,9,7,26,4,6,8,3,13,4,6,4,4,7,6,4,9,6,4,28,39,8,9,12,7,19,7,0,17,1,3,22,9,4,5,13,2,3,6,10,13,6,1,7,27,4,9,7,0,3,7,14,0,5,0,5,5,4,5,4,5,7,7,0,4,38,6,17,4,3,6,5,2,6,5,6,0,8,2,4,3,1,3,6,2,6,1,7
2917,5,13,22,3,0,2,4,3,12,9,7,26,4,6,8,3,13,4,6,4,4,7,6,4,9,6,4,28,39,8,9,12,7,19,7,0,17,1,3,22,9,4,5,13,2,3,6,10,13,6,1,7,27,4,9,7,0,3,7,14,0,5,0,5,5,4,5,4,5,7,7,0,4,38,6,17,4,3,6,5,2,6,5,6,0,8,2,4,3,1,3,6,2,6,1,7
2918,5,13,22,3,0,2,4,3,12,8,7,26,4,6,8,3,13,4,6,4,4,7,6,4,9,6,4,28,39,7,9,12,7,19,7,0,17,1,3,22,9,4,5,13,2,3,6,10,13,6,1,7,27,4,9,7,0,3,7,14,0,5,0,5,5,3,5,4,5,7,7,0,4,37,6,17,4,3,6,5,2,6,5,6,0,8,2,4,3,1,3,6,2,6,1,7
2919,5,13,22,3,0,2,4,3,12,7,7,26,4,6,8,3,13,4,6,4,4,7,6,4,9,6,4,28,39,7,9,12,7,19,7,0,17,1,3,22,9,4,5,13,2,3,6,10,13,6,1,7,27,4,9,7,0,3,7,14,0,5,0,5,5,3,5,4,5,7,7,0,4,38,6,17,4,3,6,5,2,6,5,6,0,7,2,4,3,1,3,6,2,6,1,7
2920,5,13,22,3,0,2,4,3,12,7,7,26,4,6,8,3,13,4,6,4,4,6,6,4,9,5,4,28,39,7,9,12,7,19,7,0,17,1,3,22,9,4,5,13,2,3,6,10,13,6,1,7,27,4,9,7,0,3,7,14,0,5,0,5,5,3,5,4,5,7,7,0,4,38,6,17,4,3,6,5,2,5,5,6,0,7,2,4,3,1,3,6,2,6,1,7
2921,5,13,22,3,0,2,4,3,12,7,7,26,4,6,8,3,13,4,6,4,4,6,6,4,9,5,4,28,39,7,9,12,7,19,7,0,18,1,3,22,9,4,5,13,2,3,6,10,13,6,1,7,27,4,9,7,0,3,7,14,0,5,0,5,5,3,5,4,5,7,7,0,4,38,6,17,4,3,6,5,2,5,5,6,0,7,2,4,3,1,3,6,2,6,1,7
2922,5,13,22,3,0,2,4,3,12,7,7,26,4,6,8,3,13,4,6,4,4,6,6,4,9,5,4,28,39,7,9,12,7,19,7,0,18,1,3,22,9,4,5,13,2,3,6,10,13,6,1,7,27,4,9,7,0,3,7,13,0,5,0,5,5,3,5,4,5,7,7,0,4,37,6,17,4,3,6,5,2,5,5,6,0,7,2,4,3,1,3,6,2,6,1,7
2923,5,13,22,3,0,2,4,3,12,6,7,24,4,6,8,3,13,4,6,4,4,6,6,4,9,5,4,28,37,7,9,12,7,19,7,0,18,1,3,22,9,4,5,13,2,3,6,10,13,6,1,7,27,4,9,7,0,3,7,13,0,5,0,5,5,3,5,4,5,7,7,0,4,37,6,17,4,3,6,5,2,5,5,6,0,7,2,4,3,1,3,6,2,6,1,7
2924,5,13,22,3,0,2,4,3,12,6,7,24,4,6,8,3,13,4,6,4,4,6,6,4,9,5,4,27,37,7,9,12,7,19,7,0,18,1,3,22,9,4,5,13,2,3,6,10,12,6,1,7,27,4,9,7,0,3,7,12,0,5,0,5,5,3,5,4,5,7,7,0,4,38,6,17,4,3,6,5,2,5,5,6,0,7,2,4,3,1,3,6,2,6,1,7
2925,5,13,22,3,0,2,4,3,12,6,7,24,4,6,8,3,13,4,6,4,4,6,6,4,9,5,4,27,37,7,9,12,7,19,7,0,18,1,3,22,9,4,5,13,2,3,6,10,12,6,1,7,27,4,9,7,0,3,7,12,0,5,0,5,5,3,5,4,5,7,7,0,4,38,6,17,4,3,6,5,2,5,5,6,0,7,2,4,3,1,3,6,2,6,1,7
2926,5,13,22,3,0,2,4,3,12,6,7,23,4,6,8,3,13,4,5,4,4,6,6,4,9,5,4,27,37,7,9,12,7,19,7,0,18,1,3,22,9,3,5,13,2,3,6,10,12,6,1,7,27,4,9,7,0,3,7,12,0,5,0,5,5,3,5,4,5,7,7,0,4,38,6,17,4,3,6,5,1,5,5,6,0,7,2,4,3,1,3,6,2,6,1,7
2927,5,13,22,3,0,2,4,3,12,6,7,23,4,6,8,3,13,4,5,4,4,6,6,4,9,4,4,27,36,7,9,12,6,19,7,0,18,1,3,22,9,3,5,13,2,3,6,10,11,6,1,7,27,4,8,7,0,3,7,11,0,4,0,5,5,3,5,4,5,7,7,0,4,38,6,17,4,3,6,5,1,5,5,6,0,7,2,4,3,1,3,6,2,6,1,7
2928,5,13,22,3,0,2,4,3,12,6,7,23,4,6,7,3,13,4,5,4,4,6,6,4,9,4,4,27,36,7,9,12,6,19,7,0,18,1,3,22,9,3,5,13,2,3,6,10,11,6,1,7,27,4,8,7,0,3,7,11,0,4,0,5,5,3,5,4,4,7,7,0,4,38,6,17,4,3,6,5,1,5,5,6,0,7,2,4,3,1,3,6,2,6,1,7
2929,5,13,22,3,0,2,4,3,12,6,7,23,4,6,7,3,13,4,5,4,4,6,6,4,9,4,4,27,36,7,9,12,6,19,7,0,18,1,3,22,9,3,5,13,2,3,6,10,11,6,1,7,27,4,8,7,0,3,7,10,0,4,0,5,5,3,5,4,4,7,7,0,4,38,6,17,4,3,6,5,1,5,5,6,0,7,2,4,3,1,3,6,2,6,1,7
2930,5,13,22,3,0,2,4,3,12,6,7,23,4,6,7,3,12,4,5,3,4,6,6,4,9,4,4,27,36,7,9,12,6,19,7,0,18,1,3,22,9,3,5,13,2,3,6,10,11,6,1,7,28,4,8,7,0,3,7,10,0,4,0,5,5,3,5,4,4,7,7,0,4,38,6,17,4,3,6,5,1,5,5,6,0,7,2,4,3,1,3,6,2,6,1,7
2931,4,13,22,3,0,2,4,2,11,6,7,23,4,6,7,3,12,4,5,2,4,6,6,4,9,4,4,27,36,7,9,12,6,19,7,0,19,1,3,21,9,3,5,13,2,3,6,10,11,6,1,7,28,4,8,7,0,3,7,10,0,5,0,5,5,3,5,4,4,7,7,0,4,38,6,17,4,3,6,5,1,5,5,6,0,7,2,4,3,1,3,6,2,6,1,7
2932,4,13,22,3,0,2,4,2,11,6,7,23,4,6,7,3,12,3,5,2,4,6,6,4,9,4,4,27,36,7,9,12,6,19,7,0,18,1,3,21,9,3,5,13,2,3,6,10,11,6,1,7,28,4,8,7,0,3,7,10,0,5,0,5,5,3,5,4,4,7,7,0,4,37,6,17,4,3,6,5,1,5,5,6,0,7,2,4,3,1,3,6,2,6,1,7
2933,4,13,22,3,0,2,4,2,11,6,7,23,4,6,7,3,12,3,5,2,4,6,6,4,9,4,4,27,36,7,9,12,6,19,7,0,18,1,3,21,9,3,5,13,2,3,6,10,11,6,1,7,28,4,8,7,0,3,7,10,0,5,0,5,5,3,4,4,4,7,7,0,4,37,6,17,4,3,6,5,1,5,5,6,0,7,2,4,3,1,3,6,2,6,1,7
2934,4,13,22,3,0,1,4,2,11,6,7,23,4,6,7,3,12,3,5,2,4,6,6,4,9,4,4,27,36,7,9,12,6,19,7,0,18,1,3,20,9,3,5,13,2,3,6,10,11,6,1,7,28,4,8,7,0,3,7,10,0,5,0,5,4,3,4,4,4,7,7,0,4,37,6,17,4,3,6,5,1,5,5,6,0,7,2,4,3,1,3,6,2,6,1,7
2935,4,13,22,3,0,1,4,2,11,6,7,23,4,6,7,3,12,3,5,2,4,6,6,4,9,4,4,26,36,7,9,12,6,19,7,0,18,1,3,20,9,3,5,13,2,3,6,10,11,6,1,7,28,4,8,7,0,3,7,10,0,5,0,5,4,3,4,4,4,7,7,0,4,37,6,17,4,3,6,5,1,5,5,6,0,7,2,4,3,1,3,6,2,6,1,7
2936,4,13,22,3,0,1,4,2,11,6,7,23,4,6,6,3,12,3,5,2,4,6,6,4,9,4,4,26,36,6,9,12,6,19,7,0,18,1,3,20,9,3,5,13,2,3,6,10,11,6,1,7,28,4,8,7,0,3,7,10,0,4,0,5,3,3,4,4,4,7,7,0,4,36,6,17,4,3,6,5,1,5,5,6,0,7,2,4,3,1,3,5,1,6,1,7
2937,4,13,22,3,0,1,4,2,11,6,7,23,4,6,6,2,12,3,5,2,4,5,6,4,9,4,4,26,35,6,10,12,6,19,7,0,18,1,3,20,9,3,5,13,2,3,6,10,11,6,1,7,28,4,8,7,0,3,7,10,0,4,0,4,3,3,4,4,4,7,7,0,4,36,6,17,4,3,6,5,1,5,5,6,0,7,2,4,3,1,3,5,1,6,1,7
2938,4,13,22,3,0,1,4,2,11,6,7,23,4,6,6,2,12,3,5,2,4,5,6,4,8,4,4,26,35,6,10,12,6,19,7,0,18,1,3,20,9,3,5,12,2,3,6,10,11,6,1,7,28,4,8,7,0,3,7,10,0,4,0,4,3,3,4,4,4,7,6,0,4,36,6,17,4,3,6,5,1,5,5,6,0,7,2,4,3,1,3,5,1,6,1,7
2939,4,13,22,3,0,1,4,2,11,6,7,23,4,6,6,2,11,3,5,2,4,5,6,4,8,4,4,26,35,6,9,12,6,19,7,0,18,1,3,20,9,3,5,12,2,3,6,10,11,6,1,7,28,4,8,7,0,3,7,10,0,4,0,4,3,3,4,4,4,7,6,0,4,36,6,17,4,3,6,5,1,5,5,6,0,7,2,4,3,1,3,5,1,6,1,7
2940,4,13,22,3,0,1,4,2,11,6,7,23,4,6,6,2,11,3,5,2,4,5,6,4,8,4,4,26,35,6,9,12,6,19,7,0,18,1,3,20,9,3,5,12,2,3,6,10,11,6,1,7,28,4,8,7,0,3,7,10,0,4,0,4,3,2,4,4,4,7,6,0,4,37,6,17,4,3,6,5,1,5,5,6,0,7,2,4,3,1,3,5,1,6,1,7
2941,4,13,22,3,0,1,4,2,11,6,7,23,4,6,6,2,11,3,5,2,4,5,6,4,8,4,4,26,36,6,9,12,6,19,7,0,18,1,3,20,9,3,5,12,2,3,6,10,11,6,1,7,28,4,8,7,0,3,7,10,0,4,0,4,3,2,4,3,4,7,6,0,4,37,6,17,4,3,6,5,1,5,5,6,0,7,2,4,3,1,3,5,1,5,1,7
2942,4,13,22,3,0,1,4,2,11,6,7,23,4,6,6,2,11,3,5,2,4,5,6,4,8,4,3,26,35,6,9,12,6,19,7,0,18,1,3,20,9,3,5,12,2,3,6,10,11,6,1,7,28,4,8,7,0,3,7,10,0,4,0,4,3,2,4,3,4,7,6,0,4,37,6,17,4,3,6,5,1,5,5,6,0,7,2,4,3,1,3,5,0,5,1,7
2943,4,13,22,3,0,1,4,2,11,6,7,23,4,6,6,2,11,3,5,2,4,5,6,4,8,4,3,26,35,6,9,12,6,19,7,0,18,1,3,20,9,2,5,12,2,3,6,10,11,6,1,7,28,4,8,7,0,3,7,9,0,4,0,4,3,2,4,3,4,7,6,0,4,37,6,17,4,3,6,5,1,5,5,6,0,7,2,4,3,1,3,5,0,5,1,7
2944,4,13,22,3,0,1,4,2,11,6,7,23,4,6,6,2,10,3,5,2,4,5,6,4,8,3,3,26,35,6,9,12,6,19,7,0,18,1,3,20,9,2,5,12,2,3,6,10,11,5,1,7,28,4,8,7,0,3,6,9,0,4,0,4,3,2,4,3,4,7,6,0,4,38,6,17,4,3,6,5,1,5,5,6,0,7,2,4,3,1,3,5,0,5,1,7
2945,4,13,22,3,0,1,4,2,11,6,7,23,4,6,6,2,10,2,5,2,4,5,6,4,8,3,3,26,35,6,9,12,6,19,7,0,18,1,3,20,9,2,5,12,2,3,5,10,11,5,1,7,28,4,8,7,0,3,6,9,0,4,0,4,3,2,4,3,4,7,6,0,4,38,6,17,3,3,5,5,1,5,5,6,0,7,2,4,3,1,3,5,0,5,1,7
2946,4,13,22,3,0,1,4,2,11,6,7,22,4,6,6,2,10,2,5,2,4,5,6,4,8,3,3,26,35,6,9,12,6,19,7,0,18,1,3,20,9,2,5,12,2,3,5,10,10,5,1,7,28,4,8,7,0,3,6,9,0,4,0,4,3,2,4,3,4,7,6,0,4,38,6,17,3,3,5,5,1,5,5,6,0,7,2,4,3,1,3,5,0,5,1,7
2947,4,13,21,3,0,1,4,2,11,6,7,22,4,6,6,2,10,2,5,2,4,5,6,4,8,3,3,25,35,6,9,12,6,19,6,0,18,1,3,20,9,2,5,12,2,3,5,10,10,5,1,7,28,4,8,7,0,3,6,9,0,4,0,4,3,2,4,3,4,7,6,0,4,37,6,17,3,3,5,5,1,5,5,6,0,7,2,4,3,1,3,5,0,5,1,7
2948,4,14,21,3,0,1,4,2,11,6,7,22,4,6,5,2,10,2,5,2,4,5,6,4,8,3,3,25,35,6,9,12,6,19,6,0,18,1,3,20,9,2,5,12,2,3,5,10,10,5,1,7,28,4,8,7,0,3,6,9,0,4,0,4,3,2,4,3,4,7,6,0,4,37,6,17,3,3,5,4,1,5,4,6,0,7,2,4,3,1,3,5,0,5,1,7
2949,4,14,21,3,0,1,4,2,11,6,7,22,4,6,5,2,10,2,5,2,4,5,6,4,8,3,3,24,35,6,9,12,6,19,6,0,18,1,3,19,9,2,5,12,2,3,5,10,10,5,1,7,28,4,8,7,0,3,6,9,0,4,0,4,3,2,4,3,4,7,6,0,4,37,6,17,3,3,5,4,1,5,4,6,0,7,2,4,3,1,3,5,0,5,1,7
2950,4,14,21,3,0,1,4,2,11,6,7,22,4,6,5,2,10,2,5,2,4,5,6,4,8,3,3,24,35,6,9,12,6,19,6,0,18,1,3,19,9,2,5,12,2,3,5,10,10,5,1,7,28,4,8,7,0,3,6,9,0,4,0,4,3,2,4,3,4,7,6,0,4,37,6,17,3,3,5,4,1,5,4,6,0,7,2,4,3,1,3,5,0,5,1,7
2951,4,14,21,3,0,1,4,2,11,6,7,21,4,6,5,2,10,2,5,2,4,4,6,4,8,3,3,24,34,6,9,12,6,18,6,0,18,1,3,19,9,2,5,12,2,3,5,10,10,5,1,7,28,4,7,7,0,3,6,9,0,4,0,4,3,2,4,3,4,7,6,0,4,39,6,17,3,3,5,4,1,5,4,6,0,7,2,4,3,1,3,5,0,5,1,7
2952,4,14,21,3,0,1,4,2,11,6,7,21,4,6,5,2,10,2,5,2,4,4,6,4,8,3,3,24,34,6,9,12,6,18,6,0,18,1,3,19,9,2,5,12,2,3,5,10,10,5,1,7,28,4,7,7,0,3,5,9,0,4,0,4,3,2,4,3,4,7,6,0,4,39,6,17,3,3,5,4,1,5,4,6,0,7,2,4,3,1,3,5,0,5,1,7
2953,4,14,21,3,0,1,4,2,11,6,7,21,4,6,5,2,10,2,5,2,4,4,6,4,8,3,3,23,34,6,9,12,6,18,6,0,18,1,3,19,9,2,5,12,2,3,5,10,10,5,1,7,28,4,7,7,0,3,5,9,0,3,0,4,3,2,4,3,4,7,6,0,4,39,6,17,3,3,5,4,1,5,4,5,0,7,2,4,3,1,3,5,0,5,1,7
2954,4,14,21,3,0,1,4,2,11,6,7,21,4,6,5,2,10,2,5,2,4,4,6,4,8,3,3,23,34,6,9,12,6,18,6,0,18,1,3,19,9,2,5,12,2,3,5,10,10,5,1,7,28,4,7,7,0,3,5,9,0,3,0,4,3,2,4,3,4,7,6,0,4,39,6,17,3,3,5,4,1,5,4,5,0,7,2,4,3,1,3,5,0,5,1,7
2955,4,14,21,3,0,1,4,2,11,6,6,21,4,6,5,2,10,2,5,2,4,4,6,4,8,3,3,23,34,6,9,12,6,18,6,0,17,1,3,19,9,2,5,12,2,3,5,10,10,5,1,7,28,4,7,7,0,3,5,9,0,3,0,3,3,2,4,3,4,7,6,0,4,38,6,17,3,3,5,4,1,5,4,5,0,7,2,4,3,1,3,5,0,5,1,7
2956,4,14,21,3,0,1,4,2,11,6,6,21,4,6,5,2,10,2,5,2,4,4,6,4,8,3,3,23,34,6,9,12,6,18,6,0,17,1,3,19,9,2,5,12,2,3,5,10,10,5,1,7,28,4,7,7,0,3,5,9,0,3,0,3,3,2,4,3,4,7,6,0,4,38,6,17,3,3,5,4,1,5,4,5,0,7,2,4,3,1,3,5,0,5,1,7
2957,4,14,21,3,0,1,4,2,11,6,6,21,4,5,5,2,10,2,5,2,4,4,6,4,8,3,3,23,34,6,9,12,6,18,6,0,17,1,3,19,9,2,4,12,2,3,5,10,10,5,1,7,28,4,7,7,0,3,5,9,0,3,0,3,3,2,4,3,4,7,6,0,4,39,6,17,3,3,5,4,1,5,4,5,0,7,2,4,3,1,3,5,0,4,1,7
2958,4,14,21,3,0,1,4,2,11,6,6,21,4,5,5,2,10,2,5,2,4,4,6,4,8,3,3,24,33,6,9,12,6,18,6,0,17,1,3,19,9,2,4,12,2,3,5,10,10,5,1,7,28,4,7,7,0,3,5,9,0,3,0,3,3,2,4,3,4,7,6,0,4,39,6,17,3,3,5,4,1,5,4,5,0,7,2,4,3,1,3,5,0,4,1,6
2959,4,14,21,3,0,1,4,2,11,6,6,21,4,5,5,2,10,2,5,2,4,4,6,4,8,3,3,23,33,6,9,12,6,18,6,0,17,1,3,19,9,2,4,12,2,3,5,10,10,5,1,7,28,4,7,7,0,3,5,9,0,3,0,3,3,2,4,3,4,7,5,0,4,39,6,17,3,3,5,4,1,5,4,5,0,7,2,4,3,1,3,5,0,4,1,6
2960,4,14,21,3,0,1,4,2,11,6,6,21,4,5,5,2,10,2,4,2,4,4,6,3,8,3,3,23,33,6,9,12,6,18,6,0,17,1,3,19,9,2,4,12,2,3,5,10,10,5,1,7,28,4,7,7,0,3,5,9,0,3,0,3,3,2,4,3,4,7,5,0,4,39,6,17,3,3,5,4,1,5,4,5,0,7,2,4,3,1,3,5,0,4,1,6
2961,4,14,20,2,0,1,4,2,11,6,6,21,4,5,5,2,10,2,4,2,4,4,6,3,8,3,3,23,33,6,9,12,6,18,6,0,17,1,3,19,9,2,4,12,2,3,5,10,10,5,1,7,28,4,7,7,0,3,5,9,0,3,0,3,3,2,4,3,4,7,5,0,4,39,6,17,3,3,5,4,1,5,4,5,0,7,2,3,3,1,3,5,0,4,1,6
2962,4,14,19,2,0,1,4,2,11,6,6,21,4,5,5,2,10,2,4,2,4,4,6,3,8,3,3,22,33,6,9,12,6,18,6,0,17,1,3,19,9,2,4,12,2,3,5,10,10,5,1,7,28,4,7,7,0,3,5,8,0,3,0,3,3,2,4,3,4,7,5,0,4,39,6,17,3,3,5,4,1,5,4,5,0,7,2,3,3,1,3,5,0,4,1,6
2963,4,14,19,2,0,1,4,2,10,5,6,21,4,5,5,2,10,2,4,2,4,4,6,3,8,3,3,22,33,6,9,12,6,18,6,0,17,1,3,19,9,2,4,12,2,3,5,10,10,5,1,7,28,4,7,7,0,3,5,8,0,3,0,3,3,2,4,3,4,7,5,0,4,39,6,17,3,3,5,4,1,5,4,5,0,7,2,3,3,1,3,5,0,4,1,6
2964,4,14,19,2,0,1,4,2,10,5,6,21,4,5,5,2,10,2,4,2,4,4,6,3,8,3,3,22,33,6,9,12,6,18,6,0,17,1,3,19,9,2,4,12,2,3,5,10,10,6,1,7,28,4,6,6,0,3,5,8,0,3,0,3,3,2,4,3,4,7,5,0,4,39,6,17,3,3,5,4,1,5,4,5,0,7,2,3,3,1,3,5,0,4,1,6
2965,4,14,19,2,0,1,3,2,10,5,6,21,4,5,5,2,10,2,4,2,4,4,6,3,8,3,3,22,33,6,9,12,6,18,6,0,17,1,3,18,9,2,3,12,2,3,5,10,10,6,1,7,28,4,6,6,0,3,5,7,0,3,0,3,3,2,4,3,4,7,5,0,4,38,6,17,3,3,4,4,1,5,4,5,0,7,2,3,3,1,3,5,0,4,1,6
2966,4,14,19,2,0,1,3,2,10,5,6,21,4,5,5,2,10,2,4,2,4,4,6,3,8,3,3,22,33,6,9,12,6,18,6,0,17,1,3,18,9,2,3,12,2,3,5,10,10,6,1,7,28,4,6,6,0,3,5,7,0,3,0,3,3,2,4,3,4,7,5,0,4,38,6,16,3,3,4,4,1,5,4,5,0,7,2,3,3,1,3,5,0,4,1,6
2967,4,14,19,2,0,1,3,2,10,5,6,21,4,5,5,2,10,2,3,2,4,4,6,3,8,3,3,22,33,6,9,12,6,18,5,0,17,1,3,18,9,2,3,12,2,3,5,10,10,6,1,7,28,4,6,6,0,3,5,7,0,3,0,3,3,2,4,3,4,7,5,0,4,38,6,16,3,3,4,4,1,5,4,5,0,7,2,3,3,1,3,5,0,4,1,6
2968,4,14,19,2,0,1,3,2,10,5,6,21,4,5,5,2,10,2,3,2,4,4,6,3,8,3,3,21,33,6,9,12,5,18,5,0,17,1,3,18,9,2,3,12,2,3,5,10,10,6,1,6,28,4,6,6,0,3,5,7,0,3,0,3,3,2,4,3,4,8,5,0,4,38,6,16,3,3,4,4,1,5,4,5,0,7,2,2,3,1,3,5,0,4,1,6
2969,4,14,19,2,0,1,3,2,10,5,6,21,4,5,5,2,10,2,3,2,4,4,6,3,8,3,3,21,32,6,9,12,5,18,5,0,16,1,3,18,9,2,3,12,2,3,5,10,10,6,1,6,28,4,5,6,0,3,5,7,0,3,0,3,3,2,4,3,4,8,5,0,4,38,6,16,3,3,4,4,1,5,4,5,0,7,2,2,3,1,3,5,0,4,1,6
2970,4,14,19,2,0,1,3,2,10,5,6,21,4,5,5,2,10,2,3,2,4,4,6,3,8,3,3,21,32,6,9,12,5,18,5,0,16,1,3,19,9,2,3,12,2,3,5,10,10,6,1,6,28,4,5,6,0,3,5,7,0,3,0,3,3,2,4,3,4,8,5,0,4,39,6,16,3,3,4,4,1,4,4,5,0,7,2,2,3,1,3,5,0,4,1,6
2971,4,14,19,2,0,1,3,2,10,5,6,21,4,5,5,2,9,2,3,2,4,4,6,3,8,3,3,21,32,6,8,12,5,18,5,0,16,1,3,19,9,2,3,12,2,3,5,10,10,6,1,6,28,4,5,6,0,3,5,7,0,3,0,3,3,2,4,3,4,8,5,0,4,39,6,16,3,3,4,4,1,4,4,5,0,7,2,2,3,1,3,5,0,4,1,6
2972,4,14,19,2,0,1,3,2,10,5,6,21,4,5,5,2,9,2,3,2,4,4,6,3,8,3,3,21,32,6,8,12,5,18,5,0,16,1,3,18,9,2,3,12,2,3,5,10,9,6,1,6,28,4,5,6,0,3,5,7,0,3,0,3,3,2,4,3,4,8,5,0,4,39,6,16,3,3,4,4,1,4,4,5,0,7,2,2,3,1,3,5,0,4,1,6
2973,4,14,19,2,0,1,3,2,10,5,6,21,4,5,5,2,9,2,3,2,4,4,6,2,8,3,3,21,32,6,8,12,5,17,5,0,16,1,3,18,9,1,3,12,2,3,5,10,9,6,1,6,28,4,5,6,0,3,5,7,0,3,0,3,3,2,4,3,4,8,5,0,4,39,6,16,3,3,4,4,1,4,4,5,0,7,2,2,3,1,3,5,0,4,1,6
2974,4,14,19,2,0,1,3,2,10,5,6,21,4,5,5,2,9,2,3,2,4,4,6,2,8,3,3,20,32,6,8,12,4,17,5,0,16,1,3,18,9,1,3,12,2,3,5,10,9,6,1,6,28,4,5,6,0,3,5,7,0,3,0,3,3,2,4,3,4,8,5,0,4,39,6,16,3,3,3,4,1,4,4,5,0,7,2,2,3,1,3,5,0,4,1,6
2975,4,14,19,2,0,1,3,2,10,5,6,21,4,5,5,2,9,2,3,2,4,4,6,2,8,3,3,20,32,6,8,12,4,17,5,0,16,1,3,18,9,1,3,12,2,2,5,10,9,6,1,6,28,4,5,6,0,3,5,7,0,3,0,3,3,2,4,3,4,8,5,0,4,40,6,16,3,3,3,4,1,4,4,5,0,7,2,2,3,1,3,5,0,4,1,6
2976,4,14,19,2,0,1,3,2,10,5,6,21,4,5,5,2,9,2,3,2,4,4,6,2,8,3,3,19,32,6,8,12,3,17,5,0,16,1,3,18,9,1,3,12,2,2,5,10,8,6,1,6,28,4,5,6,0,3,5,7,0,3,0,3,3,2,4,3,4,8,5,0,4,40,6,16,3,3,3,4,1,4,4,5,0,7,2,2,3,1,3,5,0,4,1,6
2977,4,14,19,2,0,1,3,2,10,5,6,21,4,5,5,2,9,2,3,2,4,4,6,2,8,3,3,19,32,6,8,12,3,17,5,0,16,1,3,18,9,1,3,12,2,2,5,10,8,6,1,6,28,4,5,6,0,3,5,7,0,3,0,3,3,2,4,3,4,8,5,0,4,40,6,16,3,3,3,4,1,4,4,5,0,6,2,2,3,1,3,5,0,4,1,6
2978,4,14,18,2,0,1,3,2,10,5,6,21,4,5,5,2,9,2,3,2,4,4,6,2,8,3,3,19,32,6,8,12,3,17,5,0,16,1,3,18,9,1,3,12,2,2,5,10,8,6,1,6,28,4,5,6,0,3,5,7,0,3,0,3,3,2,4,3,4,8,5,0,4,41,6,15,3,3,3,4,1,4,4,5,0,6,2,2,3,1,3,5,0,4,1,6
2979,4,14,17,2,0,1,3,2,10,5,6,21,4,5,5,2,9,2,3,2,4,4,6,2,8,2,3,19,32,6,8,12,3,17,5,0,16,1,3,18,8,1,3,12,2,2,5,10,8,6,1,6,28,3,5,6,0,3,5,7,0,3,0,3,3,2,4,3,4,8,5,0,4,41,6,15,3,3,3,4,1,4,4,5,0,6,2,2,3,1,3,5,0,4,1,6
2980,4,14,17,2,0,1,3,2,10,5,6,21,4,5,5,2,9,2,3,2,4,4,6,2,8,2,3,19,32,6,8,12,3,17,5,0,16,1,3,18,8,1,3,12,2,2,5,10,8,6,1,6,28,3,5,6,0,3,5,7,0,3,0,3,3,2,4,3,4,8,5,0,4,41,6,15,3,3,3,4,1,4,4,5,0,6,2,2,3,1,3,5,0,4,1,6
2981,4,14,17,2,0,1,3,2,10,5,6,20,4,5,5,1,9,2,3,2,4,4,6,2,8,2,3,19,32,6,8,12,3,17,5,0,16,1,3,18,8,1,3,12,2,2,5,10,8,6,1,6,28,3,5,6,0,3,5,7,0,3,0,3,3,2,4,3,4,8,5,0,4,41,6,14,3,3,3,4,1,4,4,5,0,6,2,2,3,1,3,5,0,4,1,6
2982,4,14,16,2,0,1,3,2,10,5,6,20,4,5,5,1,9,2,2,2,4,4,6,2,8,2,3,19,32,6,8,12,3,17,5,0,16,1,3,18,8,1,3,12,2,2,5,10,8,6,1,6,28,3,5,6,0,3,5,7,0,3,0,3,3,2,4,3,4,8,5,0,4,41,6,14,3,3,3,4,1,4,4,5,0,6,2,2,3,1,3,5,0,4,1,6
2983,4,14,16,2,0,1,3,2,10,5,6,20,4,5,5,1,9,2,2,2,4,4,6,2,8,2,3,19,32,6,8,12,3,17,5,0,16,1,3,17,8,1,3,11,2,2,5,10,8,6,1,6,28,3,5,6,0,3,5,7,0,3,0,3,3,2,4,3,4,8,5,0,4,41,6,14,3,3,3,4,1,4,4,5,0,6,2,2,3,1,3,5,0,4,1,6
2984,4,14,16,2,0,1,3,2,10,5,6,20,4,5,5,1,9,2,2,2,4,3,6,2,8,2,3,19,32,6,8,12,3,17,5,0,16,1,3,17,6,1,3,11,2,2,5,10,8,6,1,6,28,3,5,6,0,3,5,7,0,3,0,3,3,2,4,3,4,8,5,0,4,41,6,14,3,3,3,4,1,4,4,5,0,6,2,2,3,1,3,5,0,4,1,6
2985,4,14,16,2,0,1,3,2,10,5,6,20,4,5,5,1,9,2,2,2,4,3,6,2,8,2,3,19,32,6,8,12,3,17,5,0,16,1,3,17,6,1,3,11,2,2,5,10,8,6,1,6,28,3,5,6,0,3,5,7,0,3,0,3,3,2,4,3,4,8,5,0,4,41,6,14,3,3,3,4,1,4,3,5,0,5,2,2,3,1,3,5,0,4,1,6
2986,4,14,16,2,0,1,3,2,10,5,6,20,4,5,5,1,9,2,2,2,4,3,6,2,8,2,3,18,31,6,8,12,3,17,5,0,16,1,3,17,6,1,3,11,2,2,5,10,8,6,1,6,28,3,5,6,0,3,5,7,0,3,0,3,3,2,4,3,4,8,5,0,4,41,6,14,3,3,3,4,1,4,3,5,0,5,2,2,3,1,3,5,0,4,1,6
2987,4,14,16,2,0,1,2,2,10,5,6,20,4,5,5,1,9,2,2,2,4,3,6,2,8,2,3,18,31,6,8,12,3,17,5,0,16,1,3,17,6,1,3,11,2,2,5,10,8,6,1,6,28,3,5,6,0,3,5,7,0,3,0,3,3,2,4,3,4,8,5,0,4,41,6,14,3,3,3,4,1,4,3,5,0,5,2,2,3,1,3,5,0,4,1,6
2988,4,14,16,2,0,1,2,2,10,5,6,20,4,4,5,1,9,2,2,2,4,3,6,2,8,2,3,18,31,6,8,12,3,17,5,0,16,1,3,17,6,1,3,11,2,2,5,10,8,6,1,6,28,3,5,6,0,3,5,7,0,3,0,3,3,2,4,3,4,8,5,0,4,41,6,14,3,3,3,4,1,4,3,5,0,5,2,2,3,1,2,5,0,4,1,6
2989,4,14,16,2,0,1,2,2,10,5,6,20,4,4,5,1,9,2,2,2,4,3,6,2,8,2,3,18,31,6,8,12,3,17,5,0,16,1,3,16,6,1,3,11,2,2,5,10,8,6,1,6,28,3,5,6,0,3,5,7,0,3,0,3,3,2,4,3,4,8,5,0,4,40,6,14,3,3,3,4,1,4,3,5,0,5,2,2,3,1,2,5,0,4,1,6
2990,4,14,16,2,0,1,2,2,10,4,6,20,4,4,5,1,9,2,2,2,4,3,6,2,8,2,3,18,31,6,8,12,3,17,5,0,16,1,3,16,6,1,3,11,2,2,5,10,8,6,1,6,28,3,5,6,0,3,5,7,0,3,0,3,3,2,4,3,4,8,5,0,4,40,6,14,3,3,3,4,1,4,3,5,0,5,2,2,3,1,2,5,0,4,1,6
2991,4,13,16,2,0,1,2,2,10,4,6,20,4,4,4,0,9,2,2,2,4,3,6,2,8,2,3,18,31,6,8,12,2,17,5,0,16,1,3,16,6,1,3,11,1,2,5,10,8,6,1,6,28,3,5,6,0,3,5,7,0,3,0,3,3,2,4,3,4,8,5,0,4,40,6,13,3,3,2,4,1,4,3,5,0,5,2,2,3,1,2,5,0,4,1,6
2992,4,13,16,2,0,1,2,2,10,4,6,20,4,4,4,0,9,2,2,2,4,3,6,2,8,2,3,18,31,6,8,12,2,17,5,0,16,1,3,16,6,1,3,11,1,2,5,10,8,6,1,6,28,3,5,6,0,3,5,7,0,3,0,3,3,2,4,3,4,8,5,0,4,40,6,13,3,3,2,4,1,4,3,5,0,5,2,1,3,1,2,5,0,4,1,6
2993,4,13,16,2,0,1,2,2,10,4,6,20,4,4,4,0,9,2,2,2,4,3,6,2,8,2,3,18,31,6,8,12,2,17,5,0,16,1,3,16,6,1,3,11,1,2,5,10,8,6,1,6,28,3,5,6,0,3,5,6,0,3,0,3,3,2,4,3,4,8,5,0,4,40,6,13,3,3,2,4,1,4,3,5,0,5,2,1,3,1,2,4,0,4,1,6
2994,4,13,16,2,0,1,2,2,10,4,6,20,4,4,4,0,9,2,2,2,4,3,6,2,8,2,3,18,30,6,8,12,2,17,5,0,16,1,3,16,6,1,3,11,1,2,5,10,8,6,1,6,28,3,5,6,0,3,5,6,0,3,0,2,3,2,4,3,4,8,5,0,4,40,5,13,3,3,2,4,1,4,3,5,0,5,2,1,3,1,2,4,0,4,1,6
2995,4,13,16,2,0,1,2,2,10,4,6,20,4,4,4,0,9,2,2,1,4,3,6,2,8,2,3,18,30,6,8,12,2,17,5,0,16,1,3,16,6,1,3,11,1,2,5,10,8,6,1,6,28,3,5,6,0,3,5,6,0,3,0,2,3,2,4,3,4,8,5,0,4,40,5,13,3,3,2,4,1,4,3,5,0,5,2,1,3,1,2,4,0,4,1,6
2996,4,13,16,2,0,1,2,2,10,4,6,20,4,4,4,0,9,2,2,1,4,3,6,2,8,2,3,18,30,6,8,12,2,17,5,0,15,1,3,16,6,1,3,11,1,2,5,10,8,6,1,6,27,3,5,6,0,3,5,6,0,3,0,2,3,2,4,3,4,8,5,0,4,40,5,13,3,3,2,4,1,4,3,5,0,5,2,1,3,0,2,4,0,4,1,6
2997,4,13,16,2,0,1,2,2,10,4,6,20,4,4,4,0,9,2,2,1,4,3,6,2,8,2,3,18,30,6,8,11,2,17,5,0,15,1,3,16,6,1,3,11,1,2,5,10,8,6,1,6,27,3,5,6,0,3,5,6,0,3,0,2,3,2,4,3,4,8,5,0,4,40,5,13,3,3,2,4,1,4,3,5,0,5,2,1,3,0,2,4,0,4,1,6
2998,4,13,16,2,0,1,2,2,10,4,6,20,4,4,4,0,9,2,2,1,4,3,6,2,8,2,3,18,30,6,8,11,2,17,4,0,15,1,3,16,6,1,3,10,1,2,5,10,8,6,1,6,27,3,5,6,0,3,5,6,0,3,0,2,3,2,4,3,4,8,5,0,4,40,5,13,3,3,2,4,1,4,3,5,0,5,2,1,3,0,2,4,0,4,1,6
2999,4,13,16,2,0,1,2,2,10,4,6,20,4,4,4,0,9,2,2,1,4,3,6,2,8,2,3,18,30,6,8,11,2,17,4,0,15,1,3,16,6,1,3,10,1,2,5,10,8,6,1,6,27,3,5,6,0,3,5,6,0,3,0,2,3,2,4,3,4,8,5,0,4,40,5,13,3,3,2,4,1,4,3,5,0,5,2,1,3,0,2,4,0,4,1,6
3000,4,13,16,2,0,1,2,2,9,4,6,20,3,4,4,0,9,2,2,1,4,3,6,2,8,2,3,17,30,6,8,11,2,17,4,0,15,1,3,16,6,1,3,10,1,2,5,10,8,6,1,6,27,3,5,6,0,3,5,6,0,3,0,2,3,2,4,3,4,8,5,0,4,40,5,13,3,3,2,4,1,4,3,5,0,5,2,1,3,0,2,4,0,4,1,6
3001,4,13,16,2,0,1,2,2,9,4,6,20,3,4,4,0,9,2,2,1,4,3,6,2,8,2,3,17,30,6,8,11,2,17,4,0,15,1,3,16,6,1,3,10,1,2,5,10,8,5,1,6,27,3,5,6,0,3,5,6,0,3,0,2,3,2,3,3,4,8,5,0,4,40,5,13,3,3,2,4,1,4,3,5,0,5,2,1,3,0,2,4,0,4,1,6
3002,4,13,15,2,0,1,2,2,9,4,6,20,3,4,4,0,9,2,2,1,3,3,6,2,8,2,4,17,30,6,8,11,2,17,4,0,15,1,3,16,6,1,3,9,1,2,5,10,8,5,1,6,27,3,5,6,0,3,5,6,0,3,0,2,3,2,3,3,4,8,5,0,4,40,5,13,2,3,2,4,1,4,3,5,0,5,2,1,3,0,2,4,0,4,1,6
3003,4,13,15,2,0,1,2,2,9,4,6,20,3,3,4,0,9,2,2,1,3,3,6,2,8,2,4,17,30,6,8,11,2,17,4,0,15,1,3,16,6,1,3,9,1,2,5,10,8,5,1,6,26,3,5,6,0,3,5,6,0,3,0,2,3,2,3,3,4,8,5,0,4,39,5,13,2,3,2,4,1,4,3,5,0,5,2,1,3,0,2,4,0,3,1,6
3004,4,13,15,2,0,1,2,2,9,4,6,20,3,3,4,0,9,2,2,1,3,3,6,2,8,2,4,17,30,6,7,11,2,17,4,0,15,1,3,16,6,1,3,9,1,2,5,10,8,4,1,6,26,3,5,6,0,3,5,6,0,3,0,2,3,2,3,3,4,8,5,0,4,39,5,13,2,3,2,4,1,4,3,5,0,5,2,1,3,0,2,4,0,3,1,6
3005,4,13,15,2,0,1,2,2,9,4,6,20,3,3,4,0,9,2,2,1,3,3,6,2,8,2,4,17,30,6,7,11,2,17,4,0,15,1,3,16,6,1,3,9,1,2,5,10,8,4,1,6,26,3,5,6,0,3,5,5,0,3,0,2,3,2,3,3,3,8,5,0,4,39,5,13,2,3,2,4,1,4,3,5,0,5,2,1,3,0,2,4,0,3,1,6
3006,4,14,15,2,0,1,2,2,9,4,5,20,3,3,4,0,9,2,2,1,3,3,6,2,8,2,4,17,30,6,7,11,2,17,4,0,15,1,3,16,6,1,3,9,1,2,5,10,8,4,1,6,26,3,5,6,0,3,5,5,0,3,0,2,3,2,3,3,3,8,5,0,4,39,5,13,2,3,2,4,1,4,3,5,0,5,2,1,3,0,2,4,0,3,1,6
3007,4,14,15,2,0,1,2,2,9,4,5,20,3,3,4,0,9,2,2,1,3,3,6,2,8,2,4,17,30,6,7,11,2,17,4,0,15,1,3,16,6,1,3,9,1,2,5,10,8,4,1,5,26,3,5,6,0,3,5,5,0,3,0,2,3,2,3,3,3,8,5,0,3,38,5,13,2,3,2,4,1,4,3,5,0,5,2,1,3,0,2,4,0,3,1,6
3008,4,14,15,2,0,1,2,2,9,4,5,20,3,3,4,0,9,2,2,1,3,3,5,2,8,2,4,17,30,6,7,11,2,17,4,0,15,1,3,16,6,1,3,9,1,2,5,10,8,4,1,5,26,3,5,6,0,3,5,5,0,3,0,2,3,2,3,3,3,8,5,0,3,38,5,13,2,3,2,3,1,4,3,5,0,5,2,1,3,0,2,4,0,3,1,6
3009,4,13,15,2,0,2,2,2,9,4,5,20,3,3,4,0,9,2,2,1,3,3,5,2,8,2,4,17,30,6,7,11,2,17,4,0,15,1,3,16,6,1,3,9,1,2,5,10,8,3,1,5,25,3,5,6,0,3,5,5,0,3,0,2,3,2,3,3,3,8,5,0,3,38,5,13,2,3,2,3,1,4,3,5,0,5,2,1,3,0,2,4,0,3,1,6
3010,4,13,15,2,0,2,2,2,9,4,5,20,3,3,4,0,9,2,2,1,3,3,5,2,8,2,4,17,30,6,7,10,2,17,4,0,15,1,3,16,6,1,3,9,1,2,5,10,8,3,1,5,24,3,5,6,0,3,5,5,0,3,0,2,3,2,3,3,3,8,5,0,3,37,4,13,2,3,2,3,1,4,3,5,0,5,2,1,3,0,2,4,0,3,1,6
3011,4,13,15,2,0,2,2,2,9,4,5,20,3,3,4,0,9,2,2,1,3,3,5,2,8,2,4,17,30,6,7,10,2,17,4,0,15,1,3,16,6,1,3,9,1,2,5,10,8,3,1,5,24,3,5,6,0,3,5,5,0,3,0,2,3,2,3,3,3,8,5,0,3,37,4,13,2,3,2,3,1,4,3,5,0,5,2,1,3,0,2,4,0,3,1,6
3012,4,13,15,2,0,2,2,2,9,4,5,20,3,3,4,0,9,2,2,1,3,3,5,2,8,2,4,17,30,6,7,10,2,17,4,0,15,1,3,16,6,1,3,9,1,2,5,10,8,3,1,5,24,3,5,6,0,3,5,5,0,3,0,2,3,2,3,3,3,7,5,0,3,37,4,13,2,3,2,3,1,4,3,5,0,5,2,1,3,0,2,4,0,3,1,6
3013,4,13,15,2,0,2,2,2,9,4,5,20,3,3,4,0,9,2,2,1,3,3,5,2,8,2,4,16,30,6,7,10,2,17,4,0,15,1,3,16,6,1,3,9,1,2,5,10,8,3,1,5,24,3,5,6,0,3,5,5,0,3,0,2,3,2,3,3,3,7,5,0,3,38,4,13,2,3,2,3,1,4,3,5,0,5,2,1,3,0,2,4,0,3,1,6
3014,4,13,15,2,0,2,2,2,9,4,5,20,3,3,4,0,9,2,2,1,3,3,5,2,8,2,4,17,30,6,7,10,2,17,4,0,15,1,3,16,5,1,3,9,1,2,5,10,8,3,1,5,24,3,5,6,0,3,5,5,0,3,0,2,3,2,3,3,3,7,5,0,3,38,4,13,2,3,2,3,1,4,3,5,0,5,2,1,3,0,2,4,0,3,1,6
3015,4,13,15,2,0,2,2,1,9,4,5,20,3,3,4,0,9,2,2,0,3,3,5,2,8,2,4,17,30,6,7,10,2,17,4,0,15,1,3,16,5,1,3,9,1,2,5,10,8,3,1,5,24,3,5,6,0,3,5,5,0,3,0,2,3,2,3,3,3,7,5,0,3,38,4,13,2,3,2,3,1,4,3,5,0,5,2,1,3,0,2,4,0,3,1,6
3016,4,13,15,2,0,2,2,1,9,4,5,20,3,3,4,0,9,2,2,0,3,3,5,2,8,2,3,17,31,6,7,10,2,17,4,0,15,1,3,16,5,1,3,9,1,2,5,10,8,3,1,5,24,3,5,6,0,3,5,5,0,3,0,2,3,2,3,3,3,7,5,0,3,38,4,13,2,3,2,3,1,4,3,5,0,5,2,1,3,0,2,4,0,3,1,5
3017,4,13,15,2,0,2,2,1,9,3,5,20,3,3,4,0,9,2,2,0,3,3,5,2,8,2,3,17,31,6,7,10,2,17,4,0,15,1,3,16,5,1,3,9,1,2,5,10,8,3,1,5,23,3,5,6,0,3,5,5,0,3,0,2,3,2,3,3,3,7,5,0,3,38,4,13,2,3,2,3,1,4,3,5,0,5,2,1,3,0,2,4,0,3,1,5
3018,4,13,15,2,0,2,2,1,9,3,5,20,3,3,4,0,9,2,2,0,3,3,5,2,8,2,3,17,30,6,7,10,2,17,4,0,15,1,3,16,5,1,3,9,1,2,5,9,8,3,1,5,23,3,5,6,0,3,5,5,0,3,0,2,3,2,3,3,3,7,5,0,3,38,4,13,2,3,2,3,1,4,3,5,0,5,2,1,3,0,2,4,0,3,1,5
3019,4,13,15,2,0,2,2,1,9,3,5,20,3,3,4,0,9,2,2,0,3,3,5,2,7,2,3,16,30,6,7,10,2,17,4,0,15,1,2,15,5,1,3,9,1,2,5,9,8,3,1,5,23,3,5,6,0,3,5,5,0,3,0,2,3,2,3,3,3,7,5,0,3,38,4,13,2,3,2,3,1,4,3,5,0,5,2,1,3,0,2,4,0,3,1,5
3020,4,13,15,2,0,2,2,1,9,3,5,20,3,3,4,0,9,2,2,0,3,3,5,2,7,2,3,16,30,6,7,10,2,17,4,0,15,1,2,15,5,1,3,9,1,2,5,9,8,3,1,4,23,3,5,6,0,3,5,5,0,3,0,2,3,2,3,3,3,7,5,0,3,38,4,13,2,3,2,3,1,4,3,5,0,5,2,1,3,0,2,4,0,3,1,5
3021,4,13,16,2,0,2,2,1,9,3,5,20,3,3,4,0,9,2,2,0,3,3,5,2,7,2,3,16,30,6,7,10,2,17,4,0,15,1,2,15,5,1,3,9,1,2,5,9,8,3,1,4,23,3,5,6,0,3,5,5,0,3,0,2,3,2,3,3,3,7,5,0,3,38,4,13,2,3,2,3,1,4,3,5,0,5,2,1,3,0,2,4,0,3,1,5
3022,4,13,16,2,0,2,2,1,9,3,5,20,3,3,4,0,9,2,2,0,3,3,5,2,7,2,3,16,30,6,7,10,2,17,4,0,15,1,2,15,5,1,3,9,1,2,5,9,8,3,1,4,23,3,5,6,0,3,5,5,0,2,0,2,3,2,3,3,3,7,5,0,3,38,4,13,2,3,2,3,1,4,3,5,0,5,2,1,3,0,2,4,0,3,1,5
3023,4,13,15,2,0,2,2,1,9,2,5,20,3,3,4,0,9,1,2,0,3,3,5,2,7,2,3,16,30,6,7,10,2,17,4,0,15,1,2,15,5,1,3,9,1,2,5,8,8,3,1,4,23,3,5,6,0,3,5,5,0,2,0,2,3,2,3,3,3,7,5,0,3,38,4,13,2,3,2,2,1,4,3,4,0,5,2,1,3,0,2,4,0,3,1,5
3024,4,13,15,2,0,2,2,1,9,2,5,20,3,3,4,0,9,1,2,0,3,3,5,2,7,2,3,16,30,6,7,10,2,17,4,0,15,1,2,15,5,1,3,9,1,2,5,8,8,3,1,4,23,3,5,6,0,3,5,5,0,2,0,2,3,2,3,3,3,7,5,0,3,38,4,13,2,3,2,2,1,4,3,4,0,5,2,1,3,0,2,4,0,3,1,5
